Measuring voltage and current with INA219 ...
387.40
326.00
278.40
311.52
324.32
291.52
266.32
316.92
284.52
290.32
360.40
321.00
287.60
293.40
285.60
362.12
507.72
282.40
318.52
312.72
327.52
345.52
262.20
307.92
290.12
269.20
330.00
322.20
271.52
330.52
285.72
289.12
359.32
282.32
273.12
282.32
285.72
291.12
295.32
268.60
354.60
345.32
287.52
369.40
317.00
302.40
322.52
300.60
335.72
358.92
338.80
292.72
299.72
323.32
351.92
287.40
304.32
305.92
297.72
300.52
325.40
287.52
296.20
292.20
266.20
322.60
265.00
264.60
301.20
275.92
294.92
292.00
318.52
288.92
295.72
275.52
288.72
274.92
265.72
303.72
268.40
257.12
323.92
287.20
314.00
291.40
278.00
280.80
274.40
265.52
310.32
291.52
289.60
331.80
277.52
291.52
279.80
267.40
293.20
304.40
290.00
260.80
292.40
292.72
347.20
274.12
264.80
327.32
280.92
298.60
278.72
299.40
377.80
394.72
321.92
381.72
340.72
301.60
397.80
413.12
378.60
431.40
396.80
422.80
397.60
396.12
375.20
398.92
473.72
559.60
439.80
457.60
594.20
565.20
341.72
383.20
438.92
499.60
558.80
406.40
412.40
428.52
498.60
559.72
567.92
487.60
437.20
512.80
610.32
494.32
361.40
362.80
352.12
382.80
451.00
568.92
588.52
328.92
325.80
350.12
562.32
458.92
431.80
470.52
488.92
604.72
612.72
617.60
621.12
627.52
630.20
650.80
652.20
653.40
668.52
668.12
673.40
685.72
666.20
693.72
675.60
500.20
634.60
635.92
503.60
635.32
677.52
696.80
659.72
671.92
663.00
673.20
697.00
670.80
684.40
671.72
714.60
728.52
684.92
678.60
683.12
731.72
747.60
741.60
750.80
733.32
747.00
739.12
741.52
737.40
742.92
746.92
750.52
745.12
751.52
754.12
738.72
756.60
751.92
754.52
782.32
759.72
758.40
756.52
754.52
751.60
758.40
756.72
757.00
757.00
754.12
769.12
759.20
754.80
758.32
756.60
760.32
770.40
760.32
764.60
760.20
766.00
758.12
764.52
775.00
790.00
768.20
755.72
752.32
756.52
797.72
816.72
755.60
760.32
761.72
795.00
783.20
764.80
791.20
784.40
812.32
803.80
717.60
768.12
774.00
776.40
771.52
766.12
764.12
759.92
776.92
778.20
763.80
769.00
762.72
765.80
770.72
772.20
780.80
803.52
778.40
812.72
804.92
804.80
821.00
801.92
776.12
784.00
785.80
781.60
781.92
812.80
812.72
823.72
823.92
802.52
802.72
820.12
826.80
815.32
817.60
824.20
819.12
811.12
811.20
835.40
846.12
830.52
792.40
787.52
782.92
774.32
775.00
772.52
748.92
618.12
631.40
678.32
435.52
640.92
651.72
662.80
738.52
710.60
721.92
743.92
780.40
770.72
750.60
774.32
768.32
774.52
762.72
760.80
758.52
775.40
790.52
787.60
774.20
767.40
769.60
789.20
780.40
798.20
804.20
775.72
798.12
794.60
818.40
816.80
804.40
826.52
810.92
823.40
827.80
821.20
836.72
829.00
785.40
809.80
816.12
845.72
840.60
818.20
829.20
831.72
830.60
810.20
816.72
835.92
829.52
786.92
794.40
796.20
789.12
788.40
794.52
813.80
841.80
841.32
846.80
833.00
809.00
814.32
820.32
852.72
834.60
854.60
805.40
822.80
807.32
828.40
803.52
810.00
700.52
747.12
715.60
722.80
734.72
762.32
747.92
758.20
766.40
784.32
794.20
761.52
769.40
768.32
768.00
792.80
805.60
791.12
808.80
767.32
787.92
779.00
793.40
829.80
826.32
284.32
666.60
732.40
732.12
733.12
770.92
735.32
774.20
745.20
756.80
787.32
761.80
809.92
809.20
823.20
824.52
800.52
795.20
778.72
798.20
783.00
803.40
795.20
792.32
822.40
810.72
742.72
733.92
735.60
748.40
786.12
802.00
788.72
784.40
794.12
763.20
788.00
773.80
779.60
799.12
795.60
820.32
798.52
816.12
805.72
364.92
711.12
716.12
724.20
721.20
748.12
753.32
753.72
783.72
798.12
802.12
805.92
806.20
789.60
776.72
811.80
806.72
776.00
775.00
780.92
799.20
790.00
623.12
813.60
772.20
776.80
778.60
806.52
773.92
773.20
778.12
801.12
772.12
801.12
817.40
801.32
789.92
786.32
770.12
778.72
786.92
781.80
781.00
776.00
767.20
767.60
769.12
772.00
765.00
769.80
802.92
801.12
790.92
792.12
798.12
772.60
771.80
781.12
782.60
805.32
801.40
789.20
813.72
784.20
797.40
796.20
792.20
810.12
807.72
791.00
824.92
815.60
799.80
803.52
809.60
824.00
791.52
824.60
833.60
832.20
827.00
789.60
807.12
831.32
839.12
850.40
826.32
829.20
813.20
285.80
703.40
696.32
706.52
718.72
745.52
733.32
737.80
747.00
763.12
757.32
742.60
763.20
773.40
765.52
768.52
769.72
767.32
766.40
773.32
724.00
768.32
771.32
724.92
758.80
363.32
633.12
641.00
660.52
668.40
683.92
690.72
710.40
671.12
713.52
684.12
690.00
435.32
679.80
648.52
641.92
687.52
706.32
717.92
473.12
643.12
632.20
658.60
646.72
634.00
687.52
700.00
685.32
724.40
668.80
722.72
718.20
747.12
754.00
699.20
729.60
743.40
771.80
789.32
794.92
729.60
761.32
773.20
795.52
794.40
773.20
798.60
804.32
778.00
759.80
774.12
739.80
793.80
814.60
804.92
782.60
785.72
808.12
786.00
837.00
786.12
783.60
794.72
778.12
786.72
789.20
791.32
788.60
786.72
776.80
787.40
795.40
778.40
788.12
763.00
761.00
777.12
804.20
798.52
768.20
765.12
771.72
797.12
793.32
797.40
802.12
779.20
807.20
794.60
634.20
608.52
631.12
670.80
666.12
713.12
739.92
725.12
681.40
335.52
460.92
599.32
649.00
675.32
630.92
543.80
635.52
410.52
752.60
354.52
374.60
602.52
372.80
500.60
556.72
592.72
631.00
617.20
682.40
539.12
442.52
682.80
726.20
731.32
744.40
756.72
728.92
751.12
762.40
716.12
463.52
420.32
421.32
536.72
391.12
299.12
301.60
256.20
430.20
418.52
567.32
285.00
266.40
291.92
270.60
239.60
307.20
238.12
251.60
255.20
242.92
248.12
266.20
254.12
240.12
272.12
251.92
242.72
266.12
253.52
274.12
228.60
247.92
263.12
247.72
255.72
315.80
259.00
522.20
541.00
356.40
284.60
266.40
356.80
358.52
553.60
365.12
580.00
332.52
376.40
305.32
279.32
344.52
386.20
350.80
321.20
314.52
326.20
410.72
281.72
332.40
378.52
354.12
370.60
373.32
395.52
469.12
391.60
429.00
538.80
512.40
371.72
394.60
451.80
425.12
421.12
601.92
603.32
503.92
618.60
632.40
632.92
649.60
656.32
678.12
654.40
682.92
698.32
662.32
651.72
646.20
658.92
636.00
510.52
708.52
712.92
729.32
741.92
745.20
744.00
732.52
732.60
741.92
740.52
735.00
736.32
739.00
713.92
728.92
713.12
713.60
728.12
730.80
717.80
708.20
654.72
702.20
700.80
721.52
683.80
470.52
470.80
642.80
664.00
643.40
676.00
551.12
679.40
678.60
683.32
698.32
704.52
705.72
723.60
726.00
755.20
739.12
749.12
760.32
759.92
747.40
782.60
780.60
822.40
756.92
772.92
768.32
802.72
785.60
770.00
802.72
779.60
419.72
617.00
693.20
680.72
713.60
735.32
769.00
742.40
727.00
750.92
747.92
776.40
715.00
588.00
378.72
315.60
601.72
589.40
601.60
619.80
461.00
356.60
276.12
506.40
589.52
573.52
644.32
595.52
694.12
388.92
641.72
259.80
278.20
739.52
198.32
338.52
351.60
553.52
333.72
580.32
404.72
424.00
503.40
401.12
236.60
676.12
228.20
505.72
237.92
257.00
288.12
343.80
262.52
269.40
348.20
305.12
538.40
460.60
274.40
272.92
263.92
279.20
302.20
245.12
244.92
268.60
243.12
458.72
235.52
541.12
601.20
615.40
609.92
618.40
499.12
618.72
617.92
604.00
595.60
570.92
648.80
661.12
351.40
287.72
311.12
339.20
287.20
312.12
548.12
401.92
578.00
519.72
591.80
520.72
601.72
656.80
622.60
699.32
698.80
178.40
440.92
265.92
259.20
306.40
281.52
246.52
525.52
249.32
252.80
438.32
513.40
299.12
255.32
281.72
541.32
598.00
599.80
632.72
671.40
214.60
279.40
388.60
290.40
434.12
260.60
312.72
247.72
265.72
466.92
352.80
248.60
273.52
240.32
235.32
497.72
250.32
226.40
245.60
254.40
524.32
538.92
383.20
272.92
248.80
260.72
448.60
258.60
260.12
274.40
254.92
302.12
241.92
305.80
302.52
289.32
290.60
557.92
560.52
337.52
391.40
406.12
505.32
584.72
351.12
386.80
297.52
275.00
377.92
286.12
284.60
410.00
439.92
412.20
547.00
395.80
271.52
541.40
293.52
577.92
352.72
387.60
437.12
569.80
359.52
509.92
267.80
296.60
362.12
336.20
404.60
281.32
303.12
292.40
333.40
295.72
410.32
281.80
284.60
322.32
270.52
266.20
386.52
269.60
342.52
343.40
261.92
346.60
271.52
327.92
319.20
286.60
314.20
363.00
277.00
279.20
334.80
260.60
331.00
301.72
269.60
288.12
269.32
268.92
303.12
296.52
300.60
282.32
287.52
297.92
341.40
263.40
274.60
260.12
270.72
317.00
291.32
281.60
301.52
276.92
256.80
306.60
263.12
282.52
260.92
291.40
337.92
335.92
297.12
291.72
276.40
318.32
399.20
316.20
328.32
282.40
235.92
281.00
282.00
231.20
259.00
214.72
220.80
301.60
207.20
216.12
231.52
226.12
261.60
342.20
291.32
286.20
227.60
221.60
267.12
230.20
217.72
242.40
255.00
213.12
268.60
220.72
225.52
229.40
233.80
293.32
217.52
230.92
225.80
227.00
292.60
242.52
249.92
239.92
232.92
218.40
308.00
221.72
227.00
238.20
261.12
251.00
219.72
223.00
225.12
215.40
223.00
311.20
214.12
202.60
235.52
270.80
247.12
278.52
205.52
233.32
227.60
223.92
286.52
269.40
196.80
211.80
207.40
222.20
236.40
268.40
206.32
207.92
206.92
230.40
197.52
210.60
215.12
229.72
270.72
277.80
286.72
267.80
206.92
257.80
273.40
290.60
247.20
440.72
263.40
309.20
329.72
471.40
262.72
289.52
314.32
289.20
321.32
354.80
390.00
390.72
381.72
488.00
276.20
276.80
309.40
364.80
417.72
330.80
274.72
278.00
323.80
271.60
280.60
336.52
329.72
393.00
372.80
545.60
542.20
485.32
352.12
422.92
269.12
326.32
254.80
261.12
427.20
313.92
282.92
266.52
255.12
287.40
316.80
297.32
280.00
276.32
283.80
273.92
281.20
269.92
347.52
292.52
331.60
347.72
470.80
356.72
317.20
359.40
349.12
337.40
321.20
501.80
569.12
557.80
613.92
320.00
612.20
610.00
613.60
279.72
250.92
269.92
474.92
297.72
389.92
363.12
399.40
473.00
344.92
371.40
264.92
362.92
350.32
303.12
290.72
364.20
274.40
247.60
258.12
326.40
372.20
270.60
256.20
286.00
281.60
346.52
248.12
265.12
270.72
305.00
356.52
285.80
263.60
494.32
485.60
291.52
279.60
286.40
283.40
286.60
301.40
335.60
295.00
275.40
383.80
299.32
313.12
276.60
303.40
273.92
279.92
258.32
290.32
252.92
260.72
278.20
262.00
277.92
284.40
284.32
2