Measuring voltage and current with INA219 ...
257.52
191.40
234.72
189.40
208.40
264.12
282.40
247.52
199.92
190.12
288.60
262.32
208.20
237.92
219.12
208.92
275.60
188.60
204.80
217.80
190.32
246.40
228.92
203.60
261.52
206.72
247.92
322.80
287.00
225.40
248.40
220.12
239.20
325.40
211.52
245.80
210.92
228.92
280.72
222.20
211.40
231.20
192.72
217.92
251.80
191.92
248.80
219.72
209.00
281.40
192.92
205.40
211.40
256.60
207.60
267.12
220.52
216.32
212.80
198.12
285.92
278.92
227.80
248.60
208.20
195.72
280.12
191.92
216.32
205.52
193.20
228.00
231.20
195.60
215.52
216.20
200.92
252.60
193.00
233.20
229.00
226.80
251.12
288.80
228.52
251.32
223.20
230.92
271.92
209.80
234.20
267.00
215.12
228.80
237.12
275.80
305.00
220.12
221.00
291.92
212.92
223.12
238.12
225.20
241.20
234.52
277.72
316.20
312.92
286.12
345.20
295.32
295.52
268.92
217.20
227.12
228.20
198.40
215.72
210.92
234.52
221.20
239.92
226.80
248.92
244.72
242.20
278.40
251.92
291.32
239.60
230.00
273.52
249.80
236.92
248.60
230.00
290.60
299.40
284.32
216.52
273.00
225.12
266.20
310.12
290.00
282.32
345.80
307.00
392.40
329.00
388.32
380.92
383.72
439.80
587.00
596.60
345.80
329.72
307.72
561.52
582.72
610.60
624.20
623.92
636.00
652.72
584.32
643.20
514.12
576.92
652.40
661.72
667.52
668.52
687.72
693.00
700.52
271.32
559.72
280.92
591.00
608.00
598.40
617.72
631.92
653.20
626.20
621.20
667.20
688.52
653.92
703.00
701.52
671.40
714.92
746.40
723.12
728.12
740.80
747.32
727.20
744.72
746.80
746.92
742.80
795.40
778.52
791.32
774.52
812.60
794.60
826.80
780.00
771.20
777.12
778.80
821.72
810.52
780.32
806.00
791.52
804.32
812.00
824.40
829.40
800.60
820.40
785.92
797.40
814.52
795.40
811.92
842.60
847.32
817.92
805.32
810.52
821.80
788.40
797.80
835.60
808.72
803.12
804.52
802.80
838.20
805.12
842.32
808.12
819.92
807.32
822.12
846.92
836.80
844.92
841.52
866.72
859.72
821.00
816.40
828.32
849.12
820.72
856.12
848.72
802.92
831.20
809.60
846.12
849.72
858.72
829.80
846.60
806.72
663.32
230.52
242.60
247.92
244.40
319.20
321.72
527.92
625.80
679.72
712.00
702.40
719.40
754.92
736.60
730.20
728.40
738.40
771.80
764.72
772.12
773.32
793.00
769.80
818.60
787.20
799.40
821.12
812.60
801.32
819.00
798.72
796.32
806.80
809.32
816.80
806.80
782.32
788.40
808.52
793.20
818.40
514.52
833.60
821.92
812.80
835.32
814.32
821.52
817.60
825.72
824.40
825.92
518.32
241.52
651.40
684.92
719.80
715.40
719.92
731.60
771.32
770.60
707.60
774.20
759.72
757.40
769.20
768.20
791.32
774.20
785.72
562.32
536.12
779.40
566.80
623.32
664.72
661.92
650.80
686.72
644.80
689.92
583.52
665.60
738.80
694.80
646.80
705.12
675.20
689.32
719.32
721.80
734.12
744.72
714.72
724.60
750.92
662.52
682.52
674.72
682.32
751.20
586.00
701.72
688.60
730.32
727.72
755.20
725.32
739.20
732.12
769.40
768.32
773.20
825.52
806.12
808.52
788.72
780.52
777.32
789.60
771.20
766.52
789.80
760.72
806.52
782.40
777.92
812.12
744.40
780.20
821.52
814.20
825.80
830.00
831.12
794.40
808.12
787.52
783.92
786.12
777.60
778.00
780.40
785.00
775.60
801.72
767.52
810.92
775.80
778.32
779.52
774.40
645.80
822.20
788.12
776.80
771.92
779.12
792.52
659.40
396.00
534.72
650.80
678.12
532.32
665.12
661.72
678.40
380.40
632.12
511.60
593.40
603.32
609.20
618.00
683.40
710.92
732.12
748.12
747.00
779.00
771.72
768.60
372.80
666.20
341.80
606.20
616.12
263.52
285.32
643.92
610.32
363.92
403.00
606.92
260.92
280.32
287.92
283.20
446.32
279.80
594.80
271.80
270.52
265.32
351.80
282.20
276.12
275.60
404.72
428.60
321.60
290.52
256.60
283.92
272.72
373.72
250.52
266.20
558.92
589.92
415.52
410.32
375.60
404.40
397.00
402.20
383.60
467.32
305.80
347.60
337.60
345.12
428.80
390.52
357.60
392.60
415.72
397.52
424.20
419.72
387.52
413.00
452.60
599.92
607.60
406.20
476.12
587.80
488.92
618.72
622.00
620.92
634.92
650.00
662.72
671.00
708.12
708.60
704.80
724.12
704.40
700.80
702.80
725.12
739.12
747.12
767.60
763.20
816.60
797.40
807.12
814.92
809.40
802.12
768.60
800.80
775.52
823.32
784.60
771.32
491.92
533.60
561.12
646.72
640.72
281.92
398.12
317.20
307.12
569.52
609.20
528.12
466.92
602.92
660.00
621.60
639.92
665.00
672.32
681.40
709.60
739.32
724.52
740.80
742.20
732.80
759.00
760.52
768.20
781.80
766.00
797.72
792.80
806.40
794.72
788.20
537.12
380.72
292.12
601.52
510.60
662.12
229.60
305.92
634.72
292.20
323.92
325.40
297.00
252.52
372.52
266.20
335.20
277.00
571.20
309.00
581.40
606.40
630.32
652.92
653.80
693.80
713.52
710.60
732.72
737.40
751.00
735.20
779.00
773.12
345.40
287.32
279.52
299.72
422.20
302.32
290.52
295.20
271.60
288.72
575.00
482.32
304.20
459.40
575.92
653.40
313.60
349.72
309.52
281.12
275.52
518.80
396.92
290.80
316.32
258.32
342.72
352.32
302.80
291.92
305.60
431.00
555.00
297.80
371.92
462.12
291.32
290.40
350.92
300.72
286.20
284.20
289.72
360.40
302.40
361.60
323.92
275.60
296.80
504.80
273.00
342.00
261.40
287.00
426.00
283.40
331.32
342.92
359.20
320.52
502.20
275.60
267.00
276.52
277.60
340.12
349.72
284.92
289.72
276.72
285.20
399.12
387.12
378.40
295.80
277.72
285.72
499.00
350.80
323.12
409.32
402.52
450.52
341.52
363.80
447.92
427.40
419.60
591.20
564.60
442.52
590.60
517.00
476.80
625.20
624.60
635.80
638.40
630.20
664.72
668.60
367.40
339.32
638.00
656.72
703.40
697.20
688.92
708.52
718.52
762.92
749.60
751.00
765.40
753.72
750.00
781.80
813.72
783.32
769.12
803.32
829.92
808.80
819.12
804.12
831.20
797.40
816.12
807.92
814.00
842.32
809.52
846.20
835.00
825.92
814.72
802.92
833.60
264.32
675.80
593.20
634.20
551.20
445.12
587.20
641.40
681.92
715.12
730.20
715.32
737.52
733.12
769.12
741.00
749.52
760.72
747.40
782.12
765.40
779.52
781.20
795.72
795.20
784.52
810.80
781.52
784.12
772.80
784.60
816.32
667.52
688.60
611.00
390.52
634.72
449.72
402.32
538.32
700.00
713.40
744.72
758.72
759.92
744.00
769.32
753.00
787.00
813.92
802.52
817.12
792.72
807.52
790.80
789.60
783.60
783.20
810.72
823.72
835.20
810.72
815.20
755.40
782.60
823.52
759.92
586.52
327.12
285.92
299.32
529.20
626.40
674.92
649.00
680.00
676.00
676.92
700.32
711.80
693.72
716.00
720.92
748.32
780.80
767.12
742.92
492.32
714.60
750.32
769.92
768.40
771.60
782.80
771.00
786.40
765.80
788.20
394.72
766.00
543.00
729.92
613.72
654.72
636.52
699.80
732.52
738.92
724.92
762.92
746.92
747.60
549.60
678.92
735.32
726.40
737.20
768.80
768.72
781.40
792.40
774.92
809.92
788.60
294.20
568.20
645.00
639.12
469.52
668.52
622.32
443.52
535.12
647.72
447.52
651.20
707.12
723.92
698.60
743.12
303.52
256.92
370.12
664.60
735.12
706.00
402.20
745.32
739.40
320.12
655.12
700.92
524.80
588.60
345.80
565.12
610.20
641.12
656.52
682.00
667.52
635.32
286.20
495.20
672.72
280.60
509.60
312.32
307.72
334.60
380.40
578.32
340.40
311.92
449.20
573.72
622.60
399.72
624.60
651.80
330.40
261.12
299.20
382.60
296.80
579.80
616.72
631.60
646.72
674.20
687.12
735.80
675.20
687.40
750.60
493.32
487.32
433.80
542.52
493.00
272.40
280.20
301.92
452.92
442.80
608.92
624.12
661.32
382.52
314.92
293.32
306.00
324.40
279.12
361.40
308.40
391.32
335.12
415.60
251.92
306.00
406.80
531.20
416.80
645.80
594.80
384.00
316.20
574.80
304.52
318.52
310.72
272.92
343.72
327.52
352.00
579.20
606.32
621.72
263.72
302.80
594.72
272.52
286.32
299.40
314.72
330.20
377.20
303.72
474.40
528.12
331.32
406.92
375.00
339.00
553.60
611.80
583.00
333.92
509.12
368.20
634.52
631.92
657.60
664.52
681.80
711.60
723.40
670.32
278.32
490.20
308.72
435.60
558.52
374.32
463.12
446.12
509.12
616.00
671.20
664.80
365.52
339.60
511.20
315.52
431.00
504.60
347.60
348.52
326.40
374.72
579.92
569.80
300.20
484.32
349.20
303.20
370.92
455.72
614.40
619.32
407.60
585.20
278.32
343.00
585.20
297.60
359.32
365.60
318.60
341.12
523.52
285.32
295.00
333.00
285.40
515.52
353.92
322.72
314.60
310.92
311.40
545.60
597.80
608.00
592.72
566.00
284.72
616.60
306.60
286.12
313.60
328.20
415.92
562.80
306.00
308.92
339.12
320.12
470.72
357.92
340.40
312.00
282.72
508.40
376.92
297.92
300.80
312.60
301.00
467.00
300.92
289.80
483.60
330.00
415.80
323.92
317.32
413.40
330.40
322.40
359.20
336.92
314.80
310.40
349.72
509.12
303.32
406.92
399.92
297.92
302.72
545.00
298.52
416.40
283.32
229.12
241.40
374.20
225.52
263.72
251.60
259.92
349.12
250.80
244.32
234.60
333.20
306.00
367.12
387.00
281.00
256.20
305.52
358.40
325.40
242.40
282.52
259.20
261.92
370.60
253.12
306.72
349.92
318.72
290.72
286.40
250.72
345.32
266.80
317.72
343.32
285.32
260.12
265.00
242.72
258.80
320.52
257.40
265.60
313.00
275.80
359.80
359.00
293.00
332.80
284.20
303.80
369.72
302.12
383.00
333.52
231.80
313.60
250.40
257.12
262.32
305.20
316.32
385.12
327.60
276.52
310.40
275.60
305.40
302.80
267.72
335.40
310.40
327.12
351.72
456.00
378.32
264.72
272.32
403.60
302.40
347.72
393.12
304.12
335.40
389.12
356.00
294.00
309.40
356.52
363.80
337.20
335.32
340.00
324.32
385.80
359.92
450.00
408.60
300.40
361.20
361.00
473.00
313.60
327.52
394.52
317.52
434.52
359.52
313.00
324.60
294.00
354.00
359.40
341.52
338.80
319.40
403.32
496.72
406.80
384.00
421.60
335.80
355.52
422.80
475.00
421.60
322.12
298.80
380.52
442.32
296.20
411.12
324.52
302.20
439.32
313.20
318.32
318.52
377.92
363.40
475.40
406.00
457.20
381.92
410.80
519.40
446.92
463.32
465.00
442.20
347.32
274.00
328.80
335.20
332.80
383.72
488.92
287.80
329.00
330.32
372.40
334.92
342.40
360.00
332.52
438.12
515.92
529.72
310.32
309.60
373.80
391.40
311.92
442.80
327.60
312.92
305.60
299.92
403.40
299.40
519.00
511.52
539.72
461.72
435.12
452.12
422.00
486.92
618.92
493.00
533.92
287.32
284.12
293.20
319.40
351.80
310.32
475.60
487.80
453.60
597.92
435.32
406.40
436.20
236.80
270.20
275.00
243.32
234.52
256.32
241.40
260.32
243.60
266.32
327.12
304.80
245.52
387.12
265.72
252.92
289.60
257.80
235.20
364.60
301.80
231.40
249.20
241.92
228.60
317.52
243.00
248.92
259.80
231.40
338.12
325.20
259.80
240.52
247.12
258.20
308.52
232.20
234.52
309.80
314.52
476.40
354.00
332.12
306.92
248.72
252.00
247.00
286.80
242.12
245.92
238.20
277.20
236.52
228.32
292.60
244.20
262.72
282.60
254.92
242.92
242.12
327.52
365.92
282.60
400.40
359.32
335.20
328.40
318.00
268.52
259.92
269.52
257.92
266.00
323.80
256.00
292.40
287.40
295.92
356.12
271.80
280.60
277.52
289.52
306.80
289.92
280.20
292.80
255.12
280.40
330.00
258.52
250.20
297.20
263.92
271.20
266.80
241.00
274.72
252.40
308.20
354.60
305.80
334.20
370.80
404.72
376.80
373.52
395.92
400.80
381.60
470.72
444.00
361.72
276.72
295.32
249.20
243.72
301.20
257.92
264.72
250.12
247.00
302.12
254.72
363.40
348.92
310.40
281.52
268.80
251.92
249.52
254.52
252.12
250.80
255.40
244.92
313.52
308.12
294.60
329.12
246.32
281.80
251.00
290.32
302.20
333.72
411.00
308.40
260.40
260.20
315.80
258.72
256.92
260.00
244.12
251.72
306.72
249.92
299.92
280.32
426.80
3