Measuring voltage and current with INA219 ...
314.00
339.52
315.00
331.72
423.32
320.32
338.80
337.72
336.52
306.72
284.92
336.00
297.80
275.40
272.32
324.32
263.72
277.60
286.32
269.20
298.32
315.92
268.60
304.32
278.60
277.80
339.00
268.60
275.40
279.52
274.32
318.72
351.80
266.52
270.20
283.40
275.52
350.20
318.20
329.40
374.60
378.20
391.80
467.20
318.92
413.72
412.72
325.12
323.52
287.80
268.92
304.60
255.32
273.72
324.92
295.00
310.80
277.52
271.72
370.52
277.52
279.00
301.52
281.00
279.32
320.52
278.92
292.00
291.12
288.00
334.00
287.52
285.52
307.52
294.32
280.40
356.52
286.92
280.60
338.20
287.00
367.52
383.60
283.00
314.00
300.80
286.20
361.00
280.60
273.92
339.00
321.12
302.32
342.80
276.80
288.72
290.92
272.92
357.80
282.92
270.52
291.40
292.80
278.92
348.00
265.40
275.40
278.52
262.32
332.00
284.12
265.12
311.20
309.72
274.20
335.20
266.12
270.80
292.20
274.40
311.72
281.32
266.92
290.60
259.72
296.00
337.32
267.12
289.52
276.00
279.40
303.72
359.12
263.92
292.12
285.92
265.80
356.92
263.32
291.12
288.80
287.92
264.32
331.20
278.00
266.60
307.52
349.20
356.32
336.00
265.12
318.40
268.60
292.32
362.12
275.20
284.40
280.52
298.60
315.72
274.40
284.32
299.60
271.12
265.92
334.20
287.12
278.80
278.80
278.72
313.32
313.80
293.92
316.72
279.72
292.20
352.20
281.60
318.32
292.00
267.00
339.52
439.52
263.72
297.12
293.20
271.92
367.80
274.52
274.32
314.72
278.12
288.00
360.72
273.60
289.12
262.52
251.60
327.52
278.80
266.52
311.60
286.60
286.80
301.40
282.92
266.80
279.72
249.80
294.00
328.32
323.40
304.32
285.72
284.92
361.80
381.80
283.72
277.80
275.72
364.20
286.52
264.20
331.80
272.60
248.80
341.40
318.72
251.52
265.72
253.32
309.92
347.60
250.92
283.00
279.20
268.00
331.12
278.40
263.32
309.80
283.32
276.92
369.92
357.92
346.52
396.72
344.20
423.52
412.60
476.00
485.80
405.20
423.60
576.80
596.20
339.92
325.92
334.40
554.80
600.12
612.32
618.60
622.00
628.12
637.52
514.52
634.32
563.32
263.12
450.20
273.32
400.20
299.32
269.92
267.32
377.00
248.20
534.72
342.40
603.12
604.00
616.60
625.32
334.60
667.32
348.00
613.92
627.12
615.00
647.72
639.80
639.92
648.80
659.00
694.60
707.92
748.00
729.20
724.92
723.32
730.80
736.20
734.40
749.32
742.40
768.80
748.32
754.32
786.00
807.20
784.12
819.72
785.32
811.32
797.32
800.80
784.40
797.20
775.12
806.92
772.40
790.72
806.60
801.72
823.40
831.40
795.52
780.00
773.40
804.20
791.72
791.72
831.80
835.80
793.80
783.60
811.12
778.52
792.00
783.60
801.12
812.92
777.20
768.92
798.00
800.92
801.92
818.52
802.80
812.12
812.20
831.52
832.12
827.00
818.92
849.20
849.20
848.92
829.40
806.60
812.32
819.20
843.52
819.32
792.12
843.60
835.32
828.40
834.20
828.32
836.80
850.60
832.00
863.12
835.40
851.60
848.80
801.40
797.80
791.72
795.60
790.00
790.40
579.00
289.80
365.12
523.60
341.00
321.52
527.12
569.20
619.00
658.72
680.00
679.12
684.80
705.20
716.72
741.92
714.52
691.92
711.00
770.32
748.20
738.80
792.32
761.20
790.72
768.32
766.12
804.52
789.92
778.00
810.80
816.12
796.20
780.12
812.40
784.20
827.20
819.32
809.00
820.52
829.00
812.80
839.12
832.72
815.52
809.40
807.12
823.72
838.32
819.80
818.32
818.32
847.32
822.72
821.92
814.40
820.40
802.92
825.92
817.12
806.00
414.12
458.32
193.00
547.32
621.40
572.92
707.52
707.72
687.20
737.80
747.92
727.32
760.32
756.80
794.52
789.20
786.60
773.80
768.60
782.00
778.00
376.20
729.60
682.00
628.12
716.00
699.20
657.32
673.40
735.60
708.32
698.60
689.60
730.20
741.52
738.40
711.72
749.20
739.40
754.40
777.12
750.20
752.92
521.92
612.52
645.20
732.92
594.80
613.20
653.60
684.72
698.72
458.20
651.80
654.92
695.80
700.72
746.20
747.60
719.92
755.00
740.32
761.52
710.32
774.00
734.52
755.72
739.52
754.20
750.00
761.40
771.20
762.92
774.52
776.52
796.32
774.32
776.40
773.12
774.72
776.72
779.12
763.20
774.00
761.60
792.00
788.12
787.40
785.60
797.32
769.60
516.72
660.92
656.12
660.52
698.12
722.12
745.12
480.52
426.60
396.52
511.40
623.60
590.00
608.92
566.32
616.40
586.72
715.00
697.60
658.60
606.12
502.32
387.20
512.60
598.12
615.60
653.80
693.52
688.20
711.60
723.52
700.52
713.60
737.60
746.20
757.20
744.40
751.60
787.52
796.32
661.32
779.12
785.12
615.80
807.72
795.52
783.80
249.72
233.00
566.52
652.20
598.40
245.20
309.60
306.32
274.32
266.52
286.72
225.00
551.12
340.80
209.60
531.72
511.12
319.32
353.12
582.52
247.92
246.32
253.72
231.12
228.00
249.72
282.52
293.80
243.72
267.80
248.12
447.72
525.52
259.32
291.80
262.00
266.80
267.20
263.52
258.12
287.40
526.80
586.00
593.80
261.20
338.60
670.12
337.12
495.00
509.72
374.72
312.60
285.52
279.40
430.20
292.52
276.80
436.20
407.00
338.40
464.72
361.00
363.32
359.52
366.32
428.00
383.52
412.80
395.72
394.52
558.40
586.32
408.20
365.40
431.72
419.12
545.40
609.40
396.60
626.72
636.72
633.32
669.72
683.32
684.60
716.40
688.40
672.52
715.32
729.12
731.80
770.52
742.80
756.60
806.12
779.00
784.72
791.52
794.60
794.72
764.60
752.32
743.12
780.92
780.40
774.72
746.00
768.40
747.40
765.92
759.00
751.80
749.00
523.72
335.12
640.60
349.00
323.52
241.52
243.72
344.32
528.52
321.12
572.92
605.20
228.92
672.20
718.20
729.00
749.60
736.92
738.20
763.60
750.20
772.12
778.12
789.32
783.00
793.32
808.40
806.12
807.72
790.52
780.32
777.40
769.32
773.32
800.92
795.32
781.52
783.72
773.40
773.20
781.40
799.52
822.72
819.40
794.72
308.00
337.52
226.72
265.72
311.12
424.80
604.20
595.00
603.40
612.20
651.32
245.00
268.72
664.40
281.60
238.52
261.80
293.72
525.32
320.72
573.40
612.52
273.80
483.12
723.72
731.40
735.12
737.40
721.60
746.32
731.60
738.80
759.80
742.20
738.92
767.80
761.40
750.12
768.52
278.52
616.00
298.72
276.00
333.00
264.20
273.92
527.52
248.20
511.20
597.92
285.60
340.00
264.20
260.92
249.40
250.40
261.00
543.40
303.80
274.72
261.00
278.12
268.52
329.32
244.52
497.32
547.72
267.52
557.40
262.52
277.60
299.20
345.40
330.92
537.12
302.80
397.52
360.52
440.52
568.92
561.32
424.12
603.52
636.80
626.20
636.00
643.40
645.60
641.52
660.80
662.80
703.72
684.92
698.60
746.80
724.00
729.72
731.40
742.00
740.92
775.12
751.00
791.40
418.12
529.72
263.72
587.20
621.40
625.92
686.12
706.12
650.72
667.80
407.92
250.72
318.60
408.00
667.00
668.60
695.72
660.32
697.00
624.20
671.20
649.52
719.32
724.80
741.40
744.40
761.92
713.52
474.40
788.00
788.20
789.72
752.12
765.32
755.60
723.20
762.80
778.00
629.20
573.00
665.72
679.12
659.32
720.12
706.60
716.20
721.20
763.12
755.32
549.52
570.60
647.80
663.80
680.92
703.60
716.32
699.60
741.00
735.12
746.92
764.92
738.40
768.52
782.00
805.00
786.80
790.52
761.60
761.72
792.52
791.52
808.52
743.60
539.32
443.60
666.00
671.52
696.80
667.32
300.92
552.32
624.92
674.80
690.52
709.52
752.32
761.72
732.80
737.12
770.20
758.52
790.80
378.60
387.72
704.60
741.60
754.12
440.80
513.12
704.00
721.72
409.00
434.52
413.80
516.72
650.92
672.40
669.12
704.92
717.20
725.12
735.32
733.40
744.80
749.32
789.40
754.80
757.20
785.12
762.60
768.80
756.12
781.32
350.40
395.00
769.60
742.60
271.60
330.00
451.52
260.52
332.12
566.92
619.20
648.92
659.40
233.00
566.40
272.60
560.92
324.32
311.12
254.60
257.20
243.00
401.52
391.00
579.20
314.20
370.92
250.52
245.80
239.80
578.40
596.92
618.60
597.00
625.80
652.52
628.40
343.20
662.32
246.72
494.92
246.00
351.12
258.52
508.40
286.00
277.52
254.12
362.92
273.32
527.40
252.40
269.00
396.60
259.80
560.92
599.80
265.40
276.12
413.60
350.80
345.92
260.52
417.60
319.32
571.20
246.60
272.60
330.60
248.20
274.60
294.52
242.72
243.60
244.72
252.52
337.12
269.40
260.40
251.80
256.80
369.60
257.60
242.20
244.52
239.20
232.92
526.80
310.12
450.80
376.12
488.52
455.92
515.32
334.00
459.72
606.92
609.80
609.52
491.00
585.72
402.60
572.52
421.12
310.12
591.32
622.60
628.20
641.80
641.80
681.72
694.72
704.32
723.92
722.40
755.80
753.40
745.80
739.12
756.80
702.92
720.20
284.92
717.72
616.72
261.20
256.40
556.92
278.32
611.00
632.20
636.80
654.72
664.60
633.32
229.72
256.12
237.60
257.12
237.52
260.92
242.40
279.60
546.52
364.20
394.60
294.20
297.92
572.72
548.92
267.12
549.72
338.60
295.00
293.20
556.80
460.72
617.72
608.52
661.80
646.72
664.52
447.40
361.00
312.72
279.12
390.12
649.32
518.92
258.92
247.80
273.00
237.60
334.20
279.80
262.80
470.92
404.72
591.52
287.92
261.60
285.92
310.60
544.20
274.12
279.00
247.12
530.00
313.20
258.12
263.80
238.12
244.80
232.52
275.20
291.52
261.52
266.80
280.00
258.12
270.12
383.92
533.80
407.52
459.92
417.80
306.40
271.20
318.92
471.72
261.20
264.00
267.60
285.12
280.80
282.52
277.92
546.20
253.00
283.52
300.32
413.32
448.72
530.80
502.40
267.40
560.20
256.32
279.52
287.52
350.00
283.92
267.72
241.60
251.32
434.92
251.12
335.40
297.92
280.72
266.52
245.12
380.40
325.00
285.52
281.20
259.52
261.60
383.80
276.72
287.32
470.92
401.12
395.80
404.92
250.60
304.20
268.20
268.40
429.52
307.12
283.52
268.00
273.60
286.72
368.12
240.20
268.52
332.52
306.60
379.40
250.00
284.12
339.00
296.72
318.80
350.00
252.92
273.20
241.60
266.92
329.92
305.60
315.12
333.80
342.32
333.60
334.80
236.00
254.00
251.92
262.32
353.40
306.40
344.52
391.40
202.52
204.80
261.00
218.80
255.12
226.00
254.40
239.40
341.72
230.40
220.40
322.32
226.60
321.20
270.20
219.12
225.32
212.00
253.72
322.80
297.52
263.80
256.60
218.80
292.40
278.32
300.00
283.92
316.72
295.92
287.00
324.32
367.52
352.00
515.20
499.40
381.40
430.52
598.92
610.92
619.00
630.20
632.00
511.12
647.52
633.40
570.80
637.40
381.72
489.92
434.52
579.12
620.60
622.72
642.12
654.72
650.00
673.80
694.12
711.60
702.60
637.60
647.60
660.40
334.00
338.80
453.20
593.00
608.32
646.40
584.40
403.00
673.52
659.32
673.72
634.12
350.52
541.52
463.60
502.20
350.52
352.60
584.60
646.00
686.60
705.60
727.72
727.60
739.52
756.52
768.32
765.20
760.00
746.12
745.32
756.32
750.92
748.12
748.32
748.72
753.92
746.60
765.32
762.32
753.80
778.40
767.20
757.60
787.12
774.20
794.60
801.60
785.00
736.32
267.12
319.12
270.52
322.12
527.20
537.80
279.52
344.80
283.12
289.80
527.12
247.52
320.52
339.20
315.40
264.32
389.00
464.32
294.32
279.92
286.72
553.72
632.12
642.80
648.80
300.40
303.12
266.12
468.32
728.52
264.52
271.52
577.52
389.92
410.40
318.40
275.00
316.20
528.40
591.92
579.40
603.52
613.12
628.40
638.72
653.92
668.80
698.60
717.92
272.72
293.80
286.60
533.32
277.72
581.32
553.40
266.60
582.92
251.80
264.20
538.00
230.72
261.52
329.72
575.20
610.52
650.60
657.92
619.60
322.52
310.40
517.20
278.12
270.80
303.00
267.40
318.32
540.20
266.80
267.60
262.52
254.92
520.12
261.72
292.32
278.52
262.80
317.20
311.00
272.52
288.72
550.52
254.80
570.60
222.32
261.40
323.80
439.40
356.80
576.32
415.40
287.60
303.72
393.40
559.60
317.20
293.60
316.60
280.40
259.32
374.92
255.80
270.80
282.80
260.92
280.72
258.92
262.40
283.92
377.00
257.40
287.52
278.12
279.60
311.32
446.40
319.20
256.92
258.92
256.80
272.80
261.40
411.32
521.32
385.12
269.40
259.52
274.60
310.72
277.92
379.60
290.32
307.32
320.92
311.52
271.32
286.60
271.72
275.72
318.72
322.40
354.32
356.40
367.60
297.72
296.12
242.20
275.80
248.92
317.60
342.32
369.72
441.60
274.00
250.00
254.80
318.72
358.20
327.20
261.92
259.80
414.80
271.52
258.52
243.12
239.92
264.20
221.92
219.12
205.52
201.52
210.80
247.40
296.32
297.12
302.60
229.32
235.92
208.00
208.60
228.32
208.92
206.92
229.52
255.72
310.72
291.32
230.72
248.00
278.52
298.00
278.20
301.32
271.52
385.20
274.60
254.12
247.60
203.92
211.80
275.20
224.72
216.52
223.12
217.92
254.32
248.72
217.80
228.72
229.00
248.32
268.00
227.20
216.72
239.20
252.00
257.00
249.20
231.32
254.40
290.52
272.52
260.72
274.60
221.92
262.00
225.12
288.60
319.40
262.52
234.00
226.20
224.60
236.12
230.00
231.92
260.20
253.20
252.32
343.72
220.92
246.32
223.00
241.12
257.60
222.60
226.80
212.20
230.72
265.12
310.32
243.00
222.72
230.52
261.52
281.80
279.80
278.52
348.12
296.20
287.60
297.32
297.80
239.52
242.20
231.32
235.12
218.72
235.80
221.92
218.32
244.00
273.20
218.00
235.20
232.00
218.00
222.60
225.60
248.80
258.12
258.60
225.72
246.80
217.80
230.92
226.32
223.52
234.20
293.40
339.60
516.60
483.80
458.60
551.12
428.20
528.72
589.60
611.20
480.40
335.80
505.72
275.52
354.40
266.32
282.20
330.52
267.32
265.32
260.32
266.12
334.40
305.92
283.00
292.32
384.00
353.00
272.32
262.60
283.72
267.32
280.12
357.00
296.40
266.20
297.92
293.60
288.72
359.72
333.12
486.80
525.72
391.52
372.52
409.60
337.52
390.20
424.92
394.92
532.32
379.92
314.52
325.32
4