Measuring voltage and current with INA219 ...
338.72
318.72
196.52
283.52
237.40
207.60
225.52
193.72
230.72
248.20
238.52
231.80
219.80
195.32
229.80
266.00
209.60
217.32
202.40
197.12
264.12
207.32
189.00
203.92
200.40
223.32
202.80
189.92
246.12
225.12
219.80
271.72
183.80
209.40
244.12
252.92
271.72
208.20
242.52
192.20
202.72
192.20
289.52
221.92
190.40
226.20
194.92
233.72
290.80
248.80
253.92
247.72
204.12
274.72
215.12
188.52
235.00
196.00
202.12
227.52
197.12
209.80
238.12
219.92
294.00
231.72
203.20
243.32
229.92
252.12
257.60
277.20
271.60
201.00
209.20
250.52
200.20
210.20
221.92
203.00
206.40
276.00
268.80
273.00
266.60
214.72
258.32
311.12
268.20
274.52
217.92
236.32
309.20
231.20
267.20
253.32
197.72
221.32
205.60
212.92
217.80
290.52
202.92
280.40
237.92
246.12
265.32
199.20
189.60
280.32
189.00
201.32
265.12
241.40
285.92
236.32
237.32
299.80
281.52
272.40
412.20
282.00
334.12
205.72
210.20
505.92
201.20
194.12
222.12
304.60
520.40
580.32
591.80
599.52
340.72
376.92
553.32
613.00
417.72
430.60
562.92
309.80
367.12
249.60
378.20
555.32
621.12
619.00
639.80
647.32
645.12
654.12
664.92
673.92
672.20
687.60
400.52
266.12
462.12
415.40
279.72
290.20
266.52
528.92
590.60
618.32
622.80
636.00
671.40
647.80
707.80
656.80
671.60
717.12
685.40
739.12
667.20
724.20
707.80
730.72
552.80
705.32
660.20
696.00
695.12
717.72
717.00
744.52
746.80
746.72
466.72
658.80
678.40
662.12
664.20
567.92
477.40
684.12
644.80
566.00
617.00
674.32
705.80
743.12
735.40
729.92
735.32
740.32
738.40
747.00
752.80
745.20
759.92
771.72
783.20
762.40
769.80
804.12
770.20
811.12
777.32
788.32
820.60
797.40
781.72
824.00
818.92
787.80
780.12
781.40
782.20
819.12
819.72
827.00
819.40
801.92
793.20
809.32
794.00
787.72
828.32
843.40
838.20
772.80
816.20
794.72
810.00
809.40
826.00
799.92
798.52
802.80
801.80
836.60
776.00
804.80
829.00
812.32
835.12
833.60
836.52
840.52
805.32
827.40
855.92
842.32
816.32
816.12
817.40
798.12
822.32
823.00
834.40
839.40
833.40
808.72
801.60
802.32
844.52
855.52
855.72
868.40
854.80
840.00
118.12
310.20
432.72
323.32
270.60
404.92
557.20
616.60
651.92
662.32
672.72
690.32
729.00
711.12
723.40
735.12
736.72
761.72
752.00
764.00
783.92
779.40
768.40
793.72
803.92
780.80
793.60
826.52
804.20
818.72
836.20
835.92
807.12
830.72
816.40
839.40
813.00
798.20
796.20
827.92
801.92
831.12
853.32
823.40
846.52
836.20
835.52
836.80
797.72
809.00
805.52
802.60
793.20
790.32
788.40
794.80
785.72
817.92
793.00
791.60
813.60
811.12
636.32
790.40
232.12
763.52
799.52
793.60
792.60
763.92
283.00
376.72
407.92
603.52
655.20
687.12
681.60
686.80
722.92
721.72
691.32
673.32
677.12
758.80
702.12
711.92
731.00
751.60
635.52
664.00
693.40
568.40
700.20
692.52
741.72
713.52
702.00
740.12
741.72
750.92
734.20
707.00
753.60
701.80
698.00
763.60
702.52
704.72
728.92
741.00
752.12
783.92
762.80
771.32
784.72
770.12
774.20
738.80
760.52
747.40
742.32
777.92
779.00
788.80
777.12
825.60
787.32
782.12
782.92
785.60
816.92
820.52
799.80
753.72
776.52
784.32
742.12
756.72
743.20
777.60
794.00
790.12
786.40
774.32
800.20
803.00
828.00
777.00
828.00
786.52
660.12
785.92
671.20
753.20
571.60
737.00
718.60
762.32
770.92
751.52
739.32
737.92
738.92
744.72
739.20
495.20
394.32
623.00
634.32
636.32
698.40
656.52
676.60
686.52
703.52
723.72
756.32
745.00
771.60
754.72
756.32
765.12
756.72
790.32
760.52
731.72
738.32
640.52
753.32
759.32
774.20
792.32
812.72
257.12
347.00
338.20
599.32
336.52
260.12
441.40
569.20
337.52
622.00
655.52
636.80
659.52
288.20
368.92
651.72
324.12
548.72
616.12
402.80
398.52
572.60
593.80
477.60
407.00
544.52
628.72
634.00
341.80
658.72
627.52
633.80
646.32
561.20
413.40
375.72
570.92
617.52
467.32
597.72
566.12
397.92
520.92
635.40
640.92
571.20
661.60
668.72
696.80
678.92
768.20
746.12
784.80
788.92
776.32
780.72
767.52
759.72
785.52
788.40
806.00
802.80
809.20
795.20
811.12
818.20
787.92
765.40
798.80
801.20
825.32
757.92
756.60
745.52
799.00
798.32
820.72
786.12
783.40
779.40
810.60
794.20
800.12
679.32
464.72
474.20
422.72
692.20
408.80
319.60
308.12
277.92
427.60
552.52
584.60
643.60
644.40
650.12
651.60
247.60
294.32
299.12
339.32
582.20
615.40
633.12
658.92
676.60
714.00
729.80
729.60
741.60
729.20
755.40
759.72
760.00
753.60
261.60
652.72
496.80
495.00
582.12
358.92
316.20
430.72
617.32
609.00
378.72
578.72
383.20
277.60
279.80
370.00
304.20
326.40
570.00
283.92
574.32
614.80
626.40
654.00
660.32
662.32
688.32
699.12
716.80
714.92
745.92
757.52
750.12
711.60
363.00
396.72
379.80
512.12
600.00
395.00
635.40
283.80
656.80
303.00
293.80
573.00
545.60
284.12
544.12
289.72
295.60
385.32
290.92
307.80
278.52
580.00
289.80
312.72
573.80
623.20
629.20
642.40
645.80
648.32
660.20
687.52
686.32
622.52
304.00
298.32
499.20
327.80
301.12
348.60
287.72
519.20
510.92
311.00
302.72
382.80
400.32
589.72
458.00
290.52
326.20
296.60
302.60
520.92
298.20
311.32
302.12
297.60
286.00
299.92
316.52
308.92
291.40
320.52
470.12
359.80
585.72
602.72
629.00
622.40
644.72
639.40
306.20
397.12
304.12
502.20
324.32
303.92
518.20
573.32
611.40
624.52
620.60
631.80
649.40
644.32
667.92
675.40
693.92
729.92
719.52
741.20
757.40
742.92
760.80
747.60
786.32
779.52
752.52
794.80
807.12
769.32
766.00
780.40
781.60
808.80
795.60
805.00
794.40
779.52
774.12
788.72
751.72
268.00
333.40
451.00
657.60
648.40
609.12
355.60
737.72
719.00
639.32
649.32
657.72
678.80
696.80
703.40
709.72
724.72
410.52
321.32
734.60
403.52
288.72
477.40
318.72
359.92
284.80
316.40
428.92
453.92
592.32
616.60
274.92
319.92
405.60
289.52
314.40
580.40
296.20
320.92
566.72
610.72
281.40
386.52
278.52
448.72
480.72
548.80
609.32
620.60
648.12
642.12
652.32
652.80
670.60
676.40
681.60
282.32
552.20
388.12
279.12
313.32
464.72
539.52
463.72
334.92
483.52
462.60
564.92
465.00
566.40
288.00
587.32
283.52
570.20
283.12
563.00
281.60
288.40
269.72
442.60
295.80
574.32
309.12
269.60
554.80
323.40
508.72
311.52
552.72
318.60
500.60
322.80
271.00
277.32
276.80
320.32
377.52
282.40
272.92
282.00
276.00
368.92
323.60
284.40
308.40
283.60
353.60
536.72
303.52
408.72
377.20
383.92
496.00
361.72
308.60
420.52
274.60
330.80
448.92
297.40
333.40
337.00
323.92
558.20
372.00
384.80
490.60
590.40
386.60
461.12
251.40
255.52
237.32
238.00
294.32
322.80
271.60
264.00
243.52
243.00
337.20
299.60
288.80
313.60
321.80
285.92
335.12
245.12
230.40
356.20
322.60
391.32
386.60
337.52
370.40
569.52
384.00
300.00
283.92
304.00
304.72
305.32
360.00
386.20
337.72
333.80
299.32
341.40
295.20
306.72
391.72
348.12
285.72
327.72
310.72
319.52
347.72
307.40
349.80
332.80
268.32
296.52
305.80
364.20
357.52
377.00
310.52
269.32
227.60
337.20
360.60
312.40
305.12
229.00
229.60
258.20
299.40
251.72
224.72
264.72
308.32
372.52
293.00
292.80
307.20
331.60
343.00
372.92
321.00
316.00
301.32
336.12
365.00
441.52
478.40
452.52
451.72
360.40
439.32
522.40
300.60
342.32
336.72
392.20
321.72
337.32
415.20
297.12
288.92
375.60
343.52
265.80
257.72
246.60
336.32
323.72
252.00
270.32
262.60
250.00
321.52
258.72
299.40
293.00
301.40
316.80
475.12
335.40
321.72
289.80
328.40
327.40
269.92
492.32
378.32
447.72
343.60
316.92
266.00
274.40
268.92
398.72
469.72
330.92
321.32
352.12
375.92
361.72
354.72
297.52
284.40
314.60
276.92
330.92
337.12
387.40
415.72
322.00
315.52
328.32
290.60
405.80
296.12
515.00
317.32
314.92
284.60
565.92
403.12
394.52
369.12
339.92
357.20
371.92
339.20
399.72
603.12
598.52
510.60
347.00
344.92
312.12
327.12
371.20
284.52
293.32
298.12
291.60
305.40
283.72
382.20
275.80
559.72
357.92
317.60
275.52
273.92
279.40
303.72
331.72
435.52
294.80
285.52
364.32
364.92
303.40
282.72
291.52
304.00
272.92
304.12
268.20
273.80
272.92
303.72
299.80
273.80
308.80
269.60
288.00
343.40
292.92
340.92
350.60
281.72
332.00
310.80
295.40
299.52
273.80
298.60
374.92
276.92
276.12
280.40
265.72
296.72
324.20
327.00
304.12
280.72
300.12
357.12
331.20
314.40
332.12
285.32
298.72
297.00
270.80
292.80
349.60
328.20
322.60
271.60
279.32
307.32
281.52
276.72
269.12
275.40
301.12
275.60
313.40
345.40
312.32
284.60
300.92
289.60
298.12
376.20
293.60
315.00
307.80
292.00
276.72
233.52
230.52
250.80
226.72
240.72
305.32
231.20
236.32
242.12
266.92
259.72
298.40
238.12
240.72
271.60
223.40
289.92
244.60
204.80
254.92
230.80
283.00
246.20
272.60
248.12
259.00
250.52
307.60
244.80
241.12
277.92
264.32
304.00
301.80
238.20
251.20
266.32
239.12
296.12
239.12
241.52
267.00
253.80
237.52
318.92
241.80
260.20
257.40
254.20
255.12
249.40
290.60
292.40
295.92
265.72
330.92
238.92
241.32
256.60
236.12
263.92
253.52
262.20
236.80
241.72
240.60
320.32
299.32
241.80
252.40
246.40
275.80
307.72
272.12
274.00
300.52
249.60
267.20
299.72
237.52
270.80
292.52
275.40
296.20
238.12
253.00
273.20
252.72
291.52
330.12
249.80
294.72
247.80
264.00
348.20
302.72
301.40
257.80
266.60
248.40
293.92
318.80
245.12
236.20
243.32
349.52
269.52
272.92
247.00
265.72
281.40
396.00
266.60
249.00
246.20
304.40
324.32
306.32
253.20
231.80
233.00
237.92
306.52
335.60
338.32
502.40
316.60
370.52
369.60
365.00
354.40
325.20
312.40
421.40
320.92
398.12
391.12
331.72
412.00
382.40
336.60
382.12
381.60
361.20
455.92
374.00
306.00
347.40
282.00
348.72
384.32
300.00
315.60
302.12
392.32
377.32
355.20
283.60
264.92
294.40
294.32
298.80
245.12
254.60
281.52
275.80
288.92
312.40
262.72
273.32
300.32
305.00
335.32
293.80
260.00
247.40
234.40
321.40
281.32
263.00
302.12
297.92
346.40
342.92
273.20
266.72
263.60
251.52
291.00
313.80
248.20
319.12
286.12
245.00
358.00
264.72
247.20
267.60
324.40
254.40
330.00
279.20
302.72
307.92
270.20
325.32
313.00
250.32
259.72
240.52
266.92
287.32
268.20
259.80
249.00
257.40
351.52
230.40
250.32
277.60
234.40
273.20
345.12
318.60
266.12
258.60
242.12
298.00
326.20
244.20
267.52
253.60
310.00
352.20
228.00
267.00
253.52
256.20
303.92
323.92
312.20
282.00
251.20
280.40
325.00
297.32
300.80
257.12
270.92
295.92
311.12
287.12
253.00
263.12
269.72
339.00
265.72
247.52
261.12
247.20
241.00
306.12
272.32
230.60
270.92
281.00
359.20
328.40
240.60
266.00
237.60
248.72
328.00
290.92
304.32
306.60
262.32
302.60
389.12
236.12
273.80
234.00
242.52
311.72
235.40
265.92
281.52
257.92
286.72
333.92
264.92
265.52
263.20
245.92
344.20
248.52
279.20
216.20
262.72
284.80
282.12
279.20
272.92
233.12
244.72
344.32
254.80
286.20
308.72
358.52
325.60
317.20
355.20
369.72
378.20
338.80
319.20
364.20
323.40
364.40
364.60
236.60
358.52
254.72
255.12
267.80
246.20
301.40
263.92
406.92
313.20
239.32
344.00
329.00
312.40
285.52
243.80
256.12
320.80
285.80
257.00
263.92
250.80
318.52
327.72
263.32
258.00
254.00
251.32
279.32
389.92
332.40
313.52
293.32
311.20
319.00
326.40
245.40
263.52
230.32
234.32
307.60
239.40
243.60
240.00
247.52
344.80
351.60
261.60
334.92
267.60
268.60
331.32
335.40
259.72
248.80
233.80
3