Measuring voltage and current with INA219 ...
255.12
271.40
268.60
256.52
324.80
308.32
231.52
284.92
271.32
260.20
386.32
254.80
278.80
264.00
272.92
307.40
286.20
252.60
312.20
268.20
383.60
335.72
309.32
256.60
263.52
249.12
282.00
337.52
261.52
269.92
303.92
294.60
329.32
306.80
254.20
275.72
284.72
261.12
309.80
254.20
281.20
269.00
251.20
307.20
280.00
251.40
265.60
250.32
322.12
420.40
321.00
315.52
364.20
315.72
424.40
353.80
328.20
293.72
262.20
261.52
333.40
272.92
303.52
337.60
265.80
308.72
308.72
312.60
296.80
273.40
266.20
394.00
290.52
267.12
313.60
315.60
299.12
371.60
274.80
315.32
289.60
273.80
341.20
310.40
297.32
277.32
267.52
270.80
415.32
288.80
272.52
296.00
276.52
351.32
331.80
279.80
309.00
311.52
298.12
347.12
398.00
321.80
272.32
305.12
343.32
319.32
283.00
316.92
344.92
286.12
373.32
270.92
290.00
280.72
289.12
301.32
365.72
272.52
284.80
279.52
314.12
356.12
276.20
352.52
308.80
261.92
298.72
334.60
293.72
284.60
276.32
268.60
365.72
353.40
359.72
418.52
380.32
590.40
438.00
512.80
379.00
476.40
591.60
523.40
610.60
331.72
429.52
399.72
592.32
622.20
607.92
627.72
629.40
644.72
639.12
649.60
645.32
655.60
592.20
650.72
656.60
647.72
563.20
347.52
311.72
578.72
328.32
626.00
604.52
616.00
619.40
643.40
648.20
665.32
674.80
666.32
609.72
658.20
667.20
684.80
657.00
667.72
713.32
680.00
709.72
687.60
729.80
716.20
765.20
773.52
759.12
770.12
748.32
756.92
750.40
753.92
755.32
760.92
755.12
754.40
769.00
753.20
789.00
794.80
807.80
778.80
775.72
806.40
816.12
805.32
816.32
825.00
777.80
782.40
790.32
786.60
783.12
778.12
772.40
796.20
775.80
779.20
783.32
783.32
783.52
777.72
812.12
786.60
789.12
803.60
818.00
790.92
780.92
783.00
816.00
786.20
791.72
820.72
829.92
807.52
789.32
810.72
811.20
818.12
796.52
798.92
777.52
779.12
775.80
778.72
767.80
332.32
322.12
295.40
519.92
589.60
591.80
667.72
683.92
688.40
697.92
699.72
711.92
718.32
731.20
736.80
743.00
744.60
748.80
743.52
760.80
770.72
769.32
767.92
771.52
795.20
793.20
796.32
793.32
824.60
780.92
812.52
801.92
831.12
788.52
793.60
841.80
827.40
783.12
825.12
798.80
812.20
811.40
801.72
804.32
829.00
822.40
824.52
847.40
796.80
797.52
831.40
824.40
836.52
845.20
815.72
798.12
822.60
842.52
856.80
832.52
837.40
797.20
812.20
807.80
832.12
807.20
796.52
794.60
798.40
818.40
815.60
830.92
788.00
768.12
751.72
812.40
819.52
777.12
801.20
791.20
723.60
743.00
766.60
758.40
777.72
780.80
774.12
797.20
781.40
798.52
801.00
786.40
793.12
803.12
805.60
802.12
796.52
778.80
817.60
808.12
814.52
790.40
805.60
787.12
796.12
824.60
822.80
805.40
818.52
787.72
807.80
814.40
790.20
833.40
836.20
832.40
828.32
803.60
798.12
791.60
815.20
791.12
820.60
817.80
828.52
829.92
771.72
781.52
800.52
805.20
801.20
825.20
794.60
783.32
807.20
789.32
802.20
827.40
779.60
797.20
761.20
708.20
757.40
749.32
703.00
753.60
776.52
411.52
729.20
705.00
716.00
713.12
757.40
741.00
731.20
644.20
762.20
637.72
709.20
713.40
743.52
733.32
773.32
749.00
758.12
746.52
695.52
692.00
712.20
723.60
728.92
731.40
744.40
751.80
778.52
789.72
792.32
782.92
786.52
798.60
789.72
774.32
771.60
797.80
764.60
790.12
773.92
774.20
777.40
778.60
755.00
762.80
747.60
774.72
595.60
573.80
653.72
668.12
705.32
720.72
732.20
751.20
775.80
785.00
784.32
784.20
767.40
764.92
765.80
775.72
784.80
766.92
770.40
770.00
775.12
761.20
764.20
796.72
768.52
761.80
762.32
766.32
764.12
765.00
766.00
798.60
804.52
784.12
805.92
795.92
681.92
795.20
782.80
740.92
683.80
778.60
750.12
729.60
530.32
487.72
594.80
617.92
637.32
660.52
566.32
670.12
587.32
492.12
499.92
649.32
638.72
622.52
649.12
612.00
639.20
649.60
669.92
667.00
687.20
701.40
712.00
713.00
736.60
698.12
710.80
706.20
769.72
780.72
779.60
305.60
565.80
593.12
474.72
613.72
613.40
441.00
364.72
481.80
385.92
379.52
339.20
558.52
650.72
404.40
329.52
602.40
610.00
627.20
393.32
431.00
558.80
592.72
500.00
388.52
458.00
412.12
393.60
453.00
584.52
480.92
549.52
571.72
567.92
622.80
620.00
451.80
656.60
617.72
603.52
505.12
426.60
481.92
536.12
543.00
615.80
631.92
640.80
644.60
669.00
657.32
663.20
702.80
700.60
688.32
755.00
754.80
753.32
755.20
770.00
779.92
822.20
821.00
818.12
819.12
806.12
805.40
820.92
815.92
820.12
820.32
826.92
822.72
850.12
837.32
838.00
806.92
804.40
814.40
802.12
806.72
834.12
814.12
808.92
825.20
815.12
641.20
723.40
298.12
331.80
654.00
646.72
636.40
640.20
311.00
706.60
613.00
640.60
663.72
696.60
717.92
726.52
723.92
736.40
748.52
757.80
749.52
750.32
757.60
762.12
749.80
788.20
759.40
756.92
760.00
785.92
776.12
750.00
793.40
775.52
802.92
776.32
767.72
794.32
801.80
770.20
734.40
731.00
760.72
748.40
732.92
783.32
787.40
774.20
799.72
732.72
770.20
771.20
784.20
781.00
809.00
777.12
791.92
776.32
773.80
780.00
794.80
790.40
812.80
807.92
827.80
806.00
803.72
811.12
818.12
810.80
810.60
800.20
788.52
806.00
781.20
777.00
812.60
830.32
824.12
818.40
522.20
726.52
715.72
738.52
703.72
306.32
624.32
620.52
302.80
409.60
330.12
368.52
585.80
369.32
324.92
347.80
311.72
319.00
594.12
596.32
408.00
353.20
317.52
587.32
620.40
344.92
314.92
422.60
306.60
572.60
415.92
373.00
392.00
329.60
543.00
537.52
325.72
333.20
325.80
323.12
583.32
317.92
340.00
339.92
370.72
333.72
555.12
306.32
364.52
411.72
557.72
372.20
546.72
391.20
381.52
533.40
341.72
569.32
376.12
343.72
384.92
321.20
357.92
410.60
334.12
320.40
335.00
317.72
456.32
319.92
383.72
336.20
299.32
325.20
455.12
322.52
378.60
322.40
321.00
430.80
347.72
348.20
348.80
353.92
344.72
450.80
411.80
384.40
339.80
360.32
378.40
452.60
478.92
368.12
305.52
390.00
396.72
333.20
343.00
337.40
346.72
347.60
332.32
318.32
399.40
407.72
392.32
421.80
326.60
332.60
347.72
330.80
368.40
451.80
486.00
390.92
307.60
311.00
378.52
324.32
338.72
413.72
345.12
345.40
387.40
319.72
351.12
318.12
273.20
336.40
302.12
286.40
345.72
327.80
359.40
342.80
273.80
318.72
303.52
330.20
315.00
282.40
346.20
346.60
283.60
280.72
372.60
324.60
310.40
285.12
317.92
331.92
407.20
367.92
277.52
315.12
302.72
399.92
338.20
345.00
404.00
414.32
585.40
614.92
621.60
620.40
639.12
636.12
641.12
651.52
671.72
660.52
417.00
530.12
349.72
373.80
481.80
594.32
353.80
362.12
569.20
354.72
330.52
342.92
360.00
407.72
349.92
346.52
370.92
400.60
409.32
377.72
350.80
374.32
345.12
324.12
396.12
311.12
363.92
416.20
371.32
343.80
345.92
428.92
438.12
386.92
403.60
407.40
333.60
342.40
367.12
343.32
343.00
333.80
380.80
374.72
400.20
414.72
515.12
431.40
394.12
435.60
386.52
339.52
374.52
347.20
379.52
337.72
378.12
418.00
403.92
379.12
388.72
445.20
426.20
532.80
311.00
324.72
312.20
318.12
403.00
457.20
436.00
338.92
420.92
322.32
395.32
366.92
365.00
357.00
337.00
315.12
318.32
317.00
313.80
318.60
331.60
406.92
316.20
320.60
309.60
316.80
360.32
382.12
330.80
319.12
360.00
407.12
404.20
332.00
330.20
344.00
330.12
322.00
394.52
336.60
358.72
391.92
400.80
420.00
475.72
323.52
376.12
398.20
390.92
362.00
333.40
429.92
452.72
585.00
623.40
644.52
657.92
678.92
684.92
698.12
685.72
689.12
681.72
687.52
685.12
674.00
593.80
559.20
543.40
543.40
655.40
645.12
530.20
607.12
357.12
380.72
484.40
607.92
331.32
331.32
535.52
297.72
424.92
341.60
361.20
389.52
336.72
326.60
319.00
314.12
349.32
338.52
335.40
464.20
393.32
566.92
602.20
623.32
612.00
310.92
298.92
514.20
431.32
320.72
572.40
501.92
473.72
581.92
607.60
631.60
628.00
533.00
354.40
345.60
350.40
597.80
349.92
341.40
327.12
320.20
340.40
337.20
448.20
327.40
350.72
560.20
594.00
295.40
318.32
330.12
320.12
329.00
491.52
419.20
328.00
345.00
318.92
335.92
332.60
321.60
367.12
304.00
321.92
381.40
326.00
320.32
337.00
300.32
337.80
396.32
327.52
327.32
346.40
351.52
432.72
376.72
359.00
417.32
321.12
316.52
403.52
314.60
317.20
323.52
312.92
318.60
332.40
347.00
345.00
336.92
342.60
393.92
363.32
365.40
360.80
358.60
377.20
419.52
335.32
348.12
333.52
337.20
410.00
463.72
339.12
341.52
326.60
313.12
396.52
340.60
316.80
368.80
361.72
366.72
385.32
265.80
315.80
308.52
298.52
340.20
491.00
264.20
266.20
272.92
300.00
351.72
289.92
287.80
268.20
287.72
363.72
329.52
300.72
285.40
276.92
256.40
327.52
270.40
313.32
301.12
294.20
346.60
312.12
297.92
282.92
371.60
336.60
329.60
272.32
311.00
259.52
297.00
318.72
320.32
264.00
292.32
260.92
263.72
322.40
306.92
330.80
351.72
296.32
301.92
347.20
248.60
318.80
286.92
290.40
335.80
286.40
285.12
286.60
287.40
289.20
355.32
303.80
347.12
359.72
355.80
375.12
360.20
328.72
268.20
270.80
316.52
398.80
292.40
283.72
290.12
296.00
338.12
313.72
290.40
348.72
275.12
287.80
345.12
276.12
279.92
312.40
297.40
336.40
408.80
325.52
300.12
289.32
278.52
325.80
269.32
285.80
261.00
281.60
367.60
359.20
276.52
291.32
262.00
273.52
346.12
271.32
269.40
273.80
317.32
304.92
344.32
298.52
287.60
287.52
307.32
371.12
366.60
271.92
320.80
284.72
289.20
350.72
270.92
278.12
284.40
277.52
303.20
330.40
263.72
351.00
323.00
308.52
411.92
277.72
304.80
300.80
258.32
362.72
310.72
269.72
294.00
285.72
265.80
328.32
284.12
263.52
262.80
281.60
302.00
329.72
291.32
330.12
319.60
302.32
371.20
284.32
274.72
269.32
280.80
317.32
387.32
279.92
309.00
269.52
366.60
338.60
329.00
276.80
282.52
307.12
285.00
340.52
323.92
308.52
323.80
284.72
373.60
325.12
282.80
285.40
282.52
298.72
342.12
276.20
288.92
285.92
312.20
326.00
318.40
277.60
290.32
285.92
288.72
366.60
312.00
282.72
337.40
279.12
309.72
371.72
323.92
287.60
286.52
300.72
325.72
268.80
272.32
275.40
267.60
277.72
309.60
310.52
364.32
403.60
369.92
476.60
342.60
319.40
269.32
268.60
294.52
336.60
306.52
272.32
310.32
347.20
379.92
398.72
318.80
321.40
321.92
386.72
366.92
457.80
350.72
349.80
415.92
414.00
447.72
440.40
371.92
349.92
313.72
376.52
312.60
320.52
292.52
355.72
348.80
361.40
337.80
360.72
321.52
348.40
403.80
355.00
337.60
368.72
386.72
388.80
398.32
349.60
335.32
330.00
381.12
462.00
373.52
408.20
341.40
348.20
353.20
445.32
324.32
373.92
355.40
340.52
395.92
378.12
346.12
391.20
392.12
348.40
448.80
333.32
321.12
331.32
328.92
369.52
419.32
334.60
352.80
332.00
329.52
375.00
335.00
333.12
384.72
354.32
331.92
381.12
359.12
372.32
340.40
345.92
416.20
308.00
308.20
319.00
310.92
357.40
394.32
332.20
388.00
318.40
319.40
399.32
350.12
319.40
328.12
347.20
339.52
394.80
383.40
401.80
380.32
305.92
386.92
404.72
328.80
341.92
333.52
342.72
382.60
320.32
325.60
346.20
318.00
393.40
360.00
325.72
317.92
304.60
315.60
466.52
352.20
288.12
267.60
277.12
303.92
311.12
278.40
310.00
281.80
283.20
360.60
283.72
291.32
302.12
276.52
300.20
298.52
293.60
313.60
268.20
301.92
367.92
290.72
308.60
290.32
270.32
272.72
343.80
362.52
311.60
298.80
273.40
333.52
277.52
283.92
282.52
322.00
293.60
306.00
292.32
279.12
279.72
305.12
312.00
365.40
321.20
330.72
278.52
267.20
277.40
259.92
291.32
261.12
259.12
297.12
271.92
265.80
288.20
260.32
269.12
330.20
316.20
285.92
294.20
289.60
329.00
350.32
270.20
256.12
266.52
265.32
351.52
284.20
269.12
300.92
269.00
290.40
265.80
286.12
268.52
270.52
266.92
336.92
266.92
321.60
317.00
285.60
302.40
265.52
273.40
283.32
281.32
270.12
296.80
271.00
277.32
294.72
264.52
286.60
309.32
277.60
281.00
277.60
282.52
333.00
295.92
282.32
307.52
331.72
275.52
353.20
270.20
286.12
277.52
273.60
298.60
278.52
286.32
287.92
283.40
300.32
325.92
278.60
259.80
259.20
262.00
272.52
314.12
297.72
3