Measuring voltage and current with INA219 ...
686.52
683.60
688.12
659.20
683.20
683.60
686.52
686.60
684.32
690.20
688.40
687.80
686.52
676.92
686.40
683.92
682.32
682.32
684.00
663.92
665.00
684.60
687.12
685.00
685.32
644.40
686.72
687.60
686.72
683.92
677.40
673.72
683.80
681.60
688.80
680.12
668.32
676.00
681.60
683.72
689.32
689.12
670.72
683.00
683.00
680.32
685.72
648.52
689.12
689.00
687.92
689.80
687.20
670.32
685.00
681.00
682.60
687.60
662.12
682.40
686.20
685.60
688.92
681.72
655.60
688.32
681.92
682.72
686.40
672.72
665.60
686.32
685.80
690.40
687.92
675.72
685.80
687.00
689.92
687.40
684.12
671.52
687.12
684.52
682.60
681.52
647.12
689.00
686.52
688.52
689.12
685.20
666.72
691.40
691.72
688.20
693.52
687.32
694.72
690.12
690.00
692.72
692.72
695.40
691.60
686.60
687.52
688.40
665.92
673.32
684.12
687.92
688.92
684.80
670.00
687.52
686.72
684.72
688.52
676.60
673.92
688.20
687.32
689.20
683.60
686.92
685.60
687.72
683.52
687.12
680.80
661.20
684.00
681.72
682.52
682.12
647.80
684.72
683.00
688.52
680.00
681.32
667.12
690.52
687.52
688.12
690.00
665.72
668.60
687.32
685.12
693.60
692.60
660.32
688.00
686.72
691.52
694.00
678.80
679.92
691.92
696.20
705.52
698.72
683.92
693.52
697.20
696.00
693.32
691.52
685.92
697.00
699.52
694.00
698.72
666.32
698.20
697.40
695.00
705.80
698.40
691.00
706.72
719.20
725.32
712.52
724.72
723.72
720.40
713.92
722.40
723.40
708.32
724.40
721.72
721.80
731.60
724.52
704.32
744.20
750.80
752.32
767.12
737.80
774.12
773.32
801.00
815.00
815.00
787.72
820.52
750.72
742.32
740.92
732.92
729.52
725.12
723.20
715.92
730.00
689.60
713.52
713.60
718.92
712.52
693.40
707.92
702.80
700.80
701.80
695.12
696.20
701.72
700.60
698.20
698.32
700.00
681.60
698.00
697.92
698.80
698.00
683.00
699.80
699.40
696.80
697.40
665.92
684.32
692.00
693.32
688.32
685.52
677.40
686.72
687.92
685.32
686.40
674.00
668.52
687.00
688.12
688.12
691.00
646.52
687.72
691.40
684.32
685.20
679.72
675.80
689.32
689.92
689.32
692.32
675.40
688.80
683.12
685.00
685.00
682.72
670.00
687.60
688.52
683.20
687.52
648.92
680.40
690.92
688.20
688.92
685.20
664.20
683.80
680.40
680.72
684.12
677.52
678.80
683.80
684.72
687.00
680.60
674.72
682.20
685.40
679.92
685.12
663.20
657.72
689.60
686.80
684.92
687.52
662.52
687.12
683.32
685.32
681.60
676.12
667.92
685.12
688.72
685.60
690.00
680.72
689.52
687.32
684.60
689.52
684.32
659.20
684.32
684.12
686.32
688.32
660.40
680.12
681.52
681.12
685.20
679.20
678.20
680.92
682.60
682.52
681.12
664.12
666.32
686.00
689.20
687.12
679.80
659.92
683.92
682.72
686.72
682.32
676.92
673.80
686.80
687.72
687.12
680.72
677.12
687.40
682.12
685.72
679.20
678.92
670.20
685.40
685.32
683.60
685.80
652.80
686.12
678.72
679.12
682.52
684.80
661.12
684.32
683.32
687.60
689.20
674.72
683.80
680.80
686.12
686.72
680.92
670.92
681.72
680.72
679.72
679.80
669.92
665.12
681.32
686.32
681.80
682.40
650.40
686.32
681.80
684.92
682.60
682.32
670.92
688.32
683.72
685.32
680.20
670.32
682.40
685.20
680.32
684.72
666.72
665.52
681.12
688.20
688.40
680.12
666.32
683.60
682.72
684.60
687.52
682.72
664.20
681.92
684.00
680.40
686.32
658.40
662.52
685.12
686.20
683.92
679.80
650.60
684.80
683.80
685.60
683.32
676.00
681.00
682.92
685.92
685.80
682.72
680.00
681.00
683.92
678.92
679.80
662.52
664.72
684.40
685.20
683.20
684.80
644.40
680.52
684.32
681.92
683.32
673.92
673.92
681.72
685.92
686.12
686.40
671.92
678.20
683.00
684.32
687.92
686.32
668.72
684.60
687.32
685.92
685.72
673.40
665.72
684.80
686.20
685.52
680.52
663.12
684.80
682.92
685.40
684.60
670.00
680.60
685.60
689.40
683.52
685.80
660.40
683.40
683.00
684.40
681.40
671.92
660.00
687.20
687.52
684.60
686.00
685.00
688.20
679.32
684.40
692.00
685.00
670.32
689.20
692.20
694.60
686.12
661.80
661.52
690.52
690.52
688.20
685.72
662.60
686.12
690.52
686.60
690.52
680.12
691.12
686.40
695.92
690.32
680.20
686.60
685.92
682.40
685.60
683.72
664.60
662.60
681.20
682.92
685.60
684.12
651.20
683.32
682.32
680.72
681.92
683.80
676.52
687.20
685.72
688.32
683.60
684.40
673.92
679.72
685.72
684.40
682.72
665.40
684.40
689.40
689.40
684.60
649.20
686.52
683.72
687.60
684.00
682.40
666.00
684.00
684.12
687.00
692.12
670.20
678.72
685.60
688.00
684.40
682.52
651.92
684.60
683.00
682.80
683.12
672.80
671.52
683.32
684.72
683.20
680.40
662.20
682.32
688.92
683.52
684.52
683.20
668.80
688.92
686.60
682.92
681.60
654.20
682.40
681.00
680.52
684.00
685.12
657.40
685.12
687.52
686.20
688.40
682.32
684.32
685.00
687.32
684.72
682.60
683.60
685.80
683.52
684.92
687.72
665.40
661.52
681.00
684.00
680.52
679.20
652.60
683.92
683.32
682.72
684.32
677.32
677.52
685.80
688.40
681.72
682.12
685.60
682.80
683.72
683.80
685.32
683.80
667.32
683.60
687.92
679.80
681.80
644.92
685.80
679.20
684.20
684.32
675.32
672.00
683.12
684.92
688.72
687.40
668.72
672.20
684.72
686.80
682.80
683.52
661.60
680.72
684.92
685.92
685.72
675.12
662.80
683.32
689.32
684.72
682.12
676.80
686.00
680.12
681.92
681.60
681.12
669.40
681.00
688.32
684.92
686.80
643.12
681.00
684.32
680.80
685.00
671.20
663.72
683.12
687.60
685.72
686.00
683.52
680.60
682.20
681.40
683.20
681.52
658.72
687.12
685.40
689.20
689.12
665.80
655.52
684.72
687.00
683.40
683.60
645.60
680.52
683.12
684.12
686.52
680.00
677.12
685.00
682.80
679.32
683.40
686.32
685.20
682.80
679.80
687.00
663.60
657.32
685.20
682.60
679.80
683.72
642.00
682.80
685.20
685.00
688.32
675.00
672.20
685.40
689.60
680.60
688.12
662.60
672.20
684.92
684.92
685.12
678.32
658.40
687.12
682.20
683.40
686.20
650.80
689.12
686.12
684.72
684.60
680.72
667.00
685.20
682.20
681.40
688.20
667.12
669.52
683.20
689.20
683.60
686.12
645.60
685.20
682.80
683.12
685.40
670.32
671.92
683.00
684.52
681.52
677.00
680.72
685.72
681.72
687.60
686.72
680.00
664.32
684.20
688.32
687.32
685.72
644.60
680.20
679.72
681.92
681.20
684.00
643.52
681.92
680.20
682.00
686.72
676.00
685.12
686.40
681.52
686.12
686.12
682.60
683.32
680.60
683.60
683.80
669.20
663.00
687.40
688.00
688.60
685.00
650.80
690.60
689.20
684.00
687.32
681.12
675.72
690.80
685.32
686.80
686.12
679.20
680.52
684.92
683.00
680.60
679.80
665.40
685.20
688.92
685.52
688.20
650.72
685.60
680.60
679.60
684.72
683.40
676.60
684.32
682.20
680.80
689.80
665.32
667.52
686.52
683.00
681.32
683.80
657.00
679.72
679.40
687.60
681.00
675.92
671.12
687.40
688.40
683.80
678.40
674.32
683.60
686.00
680.92
682.52
686.12
671.40
688.40
684.00
686.12
686.52
642.40
684.40
684.00
683.92
682.40
669.80
658.52
683.40
683.00
684.32
684.00
679.92
681.52
680.60
678.12
683.32
684.32
671.20
690.32
685.80
681.92
686.72
669.00
663.60
684.80
687.92
686.32
682.40
663.72
685.00
682.32
685.40
679.92
677.72
672.80
684.32
683.12
683.12
682.72
672.00
688.00
685.92
686.52
688.80
667.00
662.12
687.72
685.92
689.40
689.00
662.52
689.00
687.20
687.80
684.92
684.32
679.72
691.92
697.72
691.92
688.92
672.72
671.80
684.00
686.52
687.12
684.92
666.20
687.12
683.52
687.00
691.20
678.80
672.32
683.92
686.40
685.40
684.60
676.32
686.20
684.12
686.80
688.12
663.12
677.20
681.72
685.40
684.80
682.72
641.40
687.00
686.12
688.00
688.20
681.00
680.60
690.40
686.60
686.40
684.12
679.20
684.32
683.52
685.92
687.20
682.00
670.32
686.92
688.00
683.92
688.20
646.12
667.12
690.80
684.00
685.72
686.92
660.40
684.92
684.92
683.12
689.20
674.52
680.40
685.60
687.52
687.40
687.12
673.32
685.72
684.72
687.32
683.20
670.80
664.40
688.40
687.60
688.52
686.92
662.00
688.80
684.60
685.40
681.12
679.92
671.20
688.40
686.12
689.32
682.40
673.92
663.40
681.00
688.92
679.32
678.52
666.60
679.12
683.12
683.60
682.80
658.80
683.32
680.40
684.12
683.72
684.00
672.00
678.60
684.40
682.12
688.20
662.52
661.60
687.20
686.20
686.72
683.40
643.12
683.80
683.40
685.00
679.00
671.80
679.80
684.60
685.92
682.40
680.80
674.92
685.12
684.72
686.92
680.12
684.72
669.40
687.20
682.60
687.52
683.92
643.72
679.32
679.92
686.80
683.52
682.40
658.52
680.52
685.80
687.72
680.32
671.92
682.72
681.60
681.32
683.20
684.32
661.72
677.72
682.32
682.32
686.12
672.40
662.32
685.92
685.52
683.60
682.80
661.32
687.20
689.12
683.40
686.40
681.12
672.32
687.32
687.32
685.32
681.40
665.40
687.32
683.12
680.32
680.40
683.00
653.72
686.60
684.92
680.72
682.12
666.60
679.72
681.20
683.52
684.40
678.60
668.60
681.92
684.00
685.32
685.40
662.80
667.32
682.60
684.00
680.72
682.20
656.52
682.52
685.32
681.32
686.32
679.72
674.32
682.72
684.80
683.12
679.12
683.00
685.92
683.52
685.12
687.40
681.00
668.12
681.32
687.40
679.80
681.12
639.32
679.72
682.72
678.40
679.52
674.72
675.72
684.92
685.40
681.80
681.60
669.80
680.72
681.92
687.52
683.60
680.80
662.00
684.40
684.60
685.72
683.72
673.52
661.92
685.00
684.12
680.12
684.40
654.32
679.92
685.32
678.40
686.92
674.00
674.12
684.20
687.52
681.72
6