Measuring voltage and current with INA219 ...
670.60
659.32
680.32
670.12
672.12
675.60
644.72
662.92
675.00
675.80
669.52
672.72
655.60
675.40
670.32
673.92
673.32
655.12
651.32
679.12
676.40
674.32
671.32
657.92
678.12
672.92
669.92
674.12
669.80
660.40
678.12
674.72
675.32
669.40
638.80
677.60
673.60
671.52
672.00
646.60
655.80
672.40
672.32
670.60
673.52
660.72
669.72
672.40
677.20
678.32
673.80
652.92
671.20
672.20
673.00
676.60
643.20
652.40
676.92
678.20
674.00
676.20
655.92
678.80
671.72
676.92
676.12
659.60
668.92
674.12
678.20
674.92
668.72
669.00
671.92
671.12
669.80
672.32
640.52
638.12
678.92
679.00
673.32
675.72
626.92
675.60
676.40
678.00
675.40
660.12
661.00
677.12
672.60
672.52
677.40
646.92
663.80
675.20
672.40
673.32
674.52
653.32
673.12
671.40
681.00
678.32
657.20
646.40
680.12
676.00
674.00
670.32
648.80
673.40
675.00
670.72
677.80
646.32
668.00
678.12
675.32
673.80
672.52
649.20
670.92
670.12
675.20
673.52
650.00
648.92
673.32
677.32
678.32
672.52
654.40
672.40
677.40
673.32
680.80
680.60
658.20
679.80
681.80
681.80
687.80
654.60
656.12
691.80
693.12
684.12
689.80
665.80
683.00
680.72
690.32
684.60
672.72
685.40
683.60
688.20
694.00
689.20
691.80
690.40
692.80
693.72
700.12
666.00
681.80
703.80
707.32
712.92
699.12
653.60
696.80
700.40
701.12
708.32
696.80
698.00
718.32
723.12
730.52
720.20
731.52
727.52
749.92
751.12
770.12
768.12
751.40
804.32
796.32
807.32
831.52
744.12
730.32
735.12
734.32
727.60
716.20
689.20
706.60
705.12
704.20
712.00
681.12
688.20
693.20
690.32
713.00
688.00
665.60
689.20
689.80
685.92
700.92
661.92
661.60
684.72
685.80
696.52
680.32
659.40
693.40
684.60
681.00
697.72
688.52
669.20
682.80
681.32
687.00
682.20
652.20
681.72
683.92
679.72
678.80
681.60
665.12
691.00
686.00
689.92
692.40
665.60
683.80
679.60
681.40
688.52
677.40
671.52
685.12
681.32
682.40
680.20
647.52
648.52
675.20
679.00
679.72
676.72
652.12
676.80
675.40
676.80
682.52
669.60
667.92
673.92
680.40
679.52
672.00
674.00
681.20
679.72
675.20
679.40
678.40
657.72
675.12
680.00
677.32
677.60
626.20
671.80
673.52
674.40
672.12
664.40
655.60
672.72
678.00
672.60
675.40
646.60
664.20
672.32
667.60
672.20
669.32
657.32
668.52
668.32
668.92
669.72
643.12
645.52
669.92
670.32
667.72
668.20
653.32
667.72
669.32
667.60
666.20
664.92
647.32
667.80
671.20
668.20
665.72
642.12
670.40
667.92
666.80
667.92
646.32
645.40
668.40
666.92
667.80
667.20
646.20
666.72
663.72
667.52
668.60
666.32
653.40
667.20
667.32
670.00
666.12
636.60
642.40
669.12
666.52
667.32
667.60
643.52
666.60
668.20
667.32
668.52
651.12
657.20
671.60
669.92
670.20
663.92
663.40
669.12
667.12
666.52
668.20
637.80
644.52
668.20
669.52
665.80
664.60
621.80
668.60
666.20
667.20
668.32
655.00
655.32
666.32
668.12
668.40
668.72
647.00
663.32
666.00
667.32
669.20
668.20
644.72
669.12
668.32
666.00
667.92
628.80
644.20
667.20
672.60
673.12
672.60
652.80
670.00
672.20
668.12
668.52
650.12
668.80
671.72
672.40
672.00
670.00
657.12
675.40
673.52
675.92
671.20
653.92
653.12
673.12
677.00
678.32
679.80
654.60
677.00
670.60
671.00
671.92
672.32
660.00
675.00
671.92
670.12
674.12
651.60
673.20
672.80
673.12
670.72
669.20
656.72
669.80
672.32
672.20
675.32
657.20
677.32
676.12
676.40
679.52
669.52
668.92
676.60
674.12
672.20
672.80
652.00
651.20
676.20
675.52
676.72
674.40
633.52
676.40
672.20
673.32
673.40
666.92
671.92
676.00
679.20
680.60
670.72
670.60
676.80
676.40
669.80
675.60
677.72
657.32
676.40
678.00
673.60
676.52
644.32
674.32
674.12
675.80
672.52
670.72
651.60
671.40
672.40
672.40
675.52
656.12
669.32
675.00
676.60
679.60
672.72
658.00
676.12
674.00
673.00
674.32
657.40
650.00
676.00
676.80
677.72
674.20
650.80
672.72
671.40
670.52
673.72
673.20
655.80
669.60
674.60
672.60
675.72
650.32
668.92
675.20
669.92
673.32
669.32
655.32
671.52
672.00
671.60
669.52
649.20
676.20
669.92
671.60
669.52
670.52
655.72
671.72
672.12
670.92
672.40
654.92
651.20
677.00
676.20
673.92
671.20
642.52
669.20
671.40
675.52
675.80
666.32
657.72
672.80
671.80
674.92
672.52
670.00
672.40
671.80
670.00
672.00
651.00
660.52
671.52
670.40
673.60
670.00
634.40
673.52
672.32
674.72
669.32
667.12
664.32
675.60
670.00
678.12
670.40
660.52
671.60
673.52
670.32
671.00
671.80
658.40
671.40
674.52
673.00
672.72
657.60
650.00
669.92
669.32
672.12
672.40
654.00
672.72
670.52
668.12
668.92
660.52
654.60
666.92
667.80
667.80
665.80
650.52
669.80
667.20
667.32
669.80
652.72
646.52
664.92
668.40
667.92
666.40
649.92
670.72
667.72
666.20
666.12
666.52
653.80
667.32
668.52
666.60
666.20
647.80
648.00
666.80
667.92
666.92
666.80
651.00
667.12
670.00
667.80
667.00
647.72
669.80
668.32
666.52
669.52
669.40
661.60
665.52
670.32
666.12
666.52
646.12
649.72
667.40
665.80
666.52
666.72
632.32
668.72
665.72
667.12
668.00
665.12
666.52
672.52
674.52
672.52
668.32
656.80
666.60
668.20
667.60
670.80
670.72
656.20
673.20
672.00
673.60
676.12
641.40
671.72
673.00
669.32
675.52
671.60
645.92
672.12
673.60
672.00
673.72
664.40
667.60
671.72
673.52
673.80
674.52
661.92
673.40
671.80
673.00
671.40
661.00
654.12
674.00
670.80
669.60
668.52
644.20
670.00
669.00
666.52
667.32
667.52
655.12
667.72
667.80
667.40
665.32
656.40
667.32
667.00
666.12
668.40
668.52
648.20
670.20
667.60
665.72
668.72
647.60
668.32
665.60
668.12
668.40
666.20
662.60
667.32
667.72
667.40
667.72
641.32
647.72
667.20
667.80
669.60
668.40
642.52
668.60
670.00
670.60
669.32
662.92
657.72
666.52
664.32
668.80
663.20
662.60
666.80
666.72
667.00
667.00
666.72
652.40
666.72
667.52
666.12
667.60
631.20
666.92
666.00
665.52
666.40
663.12
646.00
668.80
666.92
667.80
669.52
657.20
664.40
667.12
670.00
673.20
669.80
654.20
667.80
668.20
668.20
670.60
656.92
649.92
668.72
668.60
668.60
666.92
649.32
668.52
671.00
667.72
664.60
666.92
658.80
668.52
667.52
668.12
664.92
653.92
668.40
670.60
667.52
667.32
655.60
643.52
666.20
669.12
671.12
667.92
648.92
670.60
669.72
666.00
668.80
666.52
655.80
667.80
667.40
667.00
668.20
648.00
647.60
665.92
667.12
668.72
669.20
644.72
666.72
667.80
667.00
667.60
664.00
659.40
665.40
667.12
667.52
666.32
658.40
667.72
666.32
668.20
670.92
645.92
647.72
665.80
669.80
666.60
667.00
637.52
665.92
667.40
666.52
665.12
664.20
657.80
666.20
666.92
665.92
665.60
657.80
665.12
665.20
666.00
665.20
667.60
650.40
667.40
668.12
667.92
667.40
658.12
643.80
667.72
668.32
669.60
669.40
637.92
669.12
668.12
670.20
667.80
659.72
669.52
672.80
675.32
672.12
672.52
657.80
671.32
670.52
672.80
672.52
664.32
649.40
676.72
675.40
672.72
677.12
653.60
675.72
675.32
672.20
675.20
671.92
657.52
676.92
675.52
675.12
673.32
666.60
652.12
672.52
674.12
672.60
671.92
638.92
671.72
674.72
674.32
671.72
654.12
675.92
672.00
673.32
676.32
672.60
668.40
668.32
668.40
667.40
669.72
651.00
650.52
672.32
673.12
670.40
670.80
634.72
669.60
668.40
667.00
668.12
661.92
661.20
668.32
669.80
668.20
665.20
658.80
664.12
668.40
668.20
668.20
669.12
653.20
667.60
669.20
668.20
666.00
627.92
667.60
667.52
665.12
668.52
666.00
632.92
670.92
670.12
668.92
671.92
655.32
666.12
670.00
669.12
668.12
670.60
657.00
671.60
672.20
669.20
669.60
656.92
648.40
669.80
671.20
673.60
673.32
654.60
677.40
672.40
674.20
673.12
669.60
659.72
680.12
676.20
674.20
670.72
665.00
670.12
668.72
673.52
674.20
672.12
642.40
674.92
676.92
673.32
674.32
654.40
674.72
674.00
673.80
670.52
673.80
667.32
671.40
673.72
671.92
676.72
662.12
656.52
674.12
675.40
672.92
674.80
658.20
675.12
671.80
670.20
672.60
668.92
669.72
676.20
671.72
672.92
671.60
665.00
672.40
676.80
673.20
672.12
671.92
657.00
670.92
676.80
675.52
674.92
637.92
674.00
672.12
671.20
671.72
670.00
661.60
668.12
674.20
674.52
676.60
667.00
673.12
671.12
673.52
670.80
666.00
656.00
671.12
672.80
669.40
668.52
656.80
648.32
672.60
669.92
674.12
672.00
641.32
673.00
672.80
671.72
676.60
671.52
662.32
681.12
681.60
675.52
673.60
671.20
675.32
678.52
680.12
675.92
659.00
650.32
677.12
677.40
674.80
674.80
654.40
677.52
676.60
670.72
672.20
670.60
659.72
671.80
673.60
675.40
672.40
658.00
657.80
675.60
671.12
671.92
673.32
647.32
672.20
672.20
667.92
676.52
648.32
666.52
677.32
670.92
671.12
673.72
665.52
671.00
673.40
672.92
672.00
645.00
649.32
667.20
670.00
668.60
667.60
634.60
668.12
668.32
666.72
668.92
661.92
656.60
666.60
668.32
669.92
668.80
658.72
667.80
668.00
667.80
666.72
666.20
655.32
669.00
668.12
669.40
666.60
632.20
645.60
665.80
669.32
669.60
668.00
636.00
666.72
667.32
667.52
668.20
659.52
666.00
666.80
669.00
669.80
666.00
655.80
667.32
668.32
667.60
670.80
654.00
646.20
667.40
668.32
669.40
668.92
648.32
669.92
668.72
672.12
668.60
6