Measuring voltage and current with INA219 ...
671.20
671.00
670.72
651.72
664.52
675.92
674.40
675.00
674.80
644.72
675.20
672.92
676.52
674.12
666.40
655.12
673.00
674.40
674.00
674.72
665.00
674.00
675.32
678.20
675.32
674.60
656.72
675.72
674.72
674.32
675.52
642.52
669.40
677.32
672.52
674.92
678.00
652.00
672.52
674.40
670.12
676.52
671.40
672.80
674.32
672.60
675.60
673.80
676.12
675.72
673.72
672.32
676.60
652.72
655.20
677.92
674.40
676.52
679.00
657.72
680.60
680.60
676.00
678.20
668.52
668.20
678.32
674.20
674.80
672.52
670.92
675.32
673.00
679.12
678.72
674.32
656.12
676.52
673.12
675.92
680.92
640.80
676.72
673.40
675.12
676.52
671.20
665.40
675.72
674.32
675.32
678.52
657.12
673.12
680.32
677.32
675.92
679.72
663.00
680.72
675.80
676.92
678.72
667.20
658.12
677.72
676.40
673.12
678.12
660.00
671.72
680.60
674.32
677.20
677.32
662.32
675.60
674.40
676.32
678.20
650.80
675.12
677.80
677.72
682.52
664.80
662.40
672.40
678.00
674.32
678.20
671.72
676.20
675.20
676.12
676.40
681.00
668.80
678.40
676.00
674.00
680.52
655.40
650.92
678.92
678.40
672.32
679.72
651.72
678.12
679.40
671.12
674.00
667.52
665.40
677.40
674.92
672.72
673.52
674.20
679.00
672.80
674.20
676.40
654.40
650.12
674.92
676.52
671.00
678.72
641.12
672.12
670.80
674.20
672.92
669.72
662.12
678.60
672.92
672.20
672.60
653.72
665.52
676.92
673.40
670.00
668.80
657.12
678.20
674.32
672.72
675.32
636.20
653.20
675.32
679.20
671.20
676.20
663.40
674.32
678.32
675.32
673.40
658.40
683.12
675.00
681.52
677.52
680.00
653.32
673.12
678.52
678.60
685.00
669.40
664.52
683.12
683.40
681.12
681.12
677.80
687.92
689.80
691.20
691.80
686.92
676.20
689.80
690.52
687.72
700.72
660.00
667.92
686.20
686.00
681.80
695.32
669.40
693.72
690.00
694.00
698.20
686.72
697.92
706.32
702.32
696.92
710.52
699.32
695.72
697.32
710.52
714.52
693.12
688.40
711.20
719.60
724.00
734.20
691.52
736.12
742.20
755.12
757.52
767.52
757.20
774.32
794.20
801.52
798.60
801.40
742.52
734.72
723.72
731.52
729.20
695.40
707.80
710.80
704.92
740.32
666.72
699.32
695.00
693.12
692.32
714.60
678.80
690.40
689.92
688.00
686.32
677.72
681.92
685.80
686.52
684.20
700.92
653.40
686.32
687.60
682.72
681.12
690.20
667.32
684.72
681.32
676.20
681.80
665.32
679.60
679.60
679.40
678.60
676.32
661.12
676.12
680.52
678.52
681.12
649.32
682.80
678.12
680.80
677.32
681.60
651.92
678.52
673.32
676.32
679.20
671.52
671.60
672.52
670.40
678.60
674.80
659.52
674.72
673.80
671.92
675.40
652.60
650.12
675.32
669.32
669.20
669.80
647.00
675.40
673.92
670.72
678.32
668.52
665.20
679.52
675.00
670.92
671.92
675.80
678.52
678.80
676.32
676.20
676.32
661.00
674.40
671.92
672.32
677.12
632.20
673.32
676.00
675.72
678.80
662.72
661.92
673.92
674.20
671.00
674.40
654.60
661.12
674.60
672.92
669.72
672.92
653.52
671.60
668.92
669.52
671.60
659.40
656.00
675.60
674.52
671.80
679.92
661.12
676.00
671.20
671.52
674.40
655.52
655.52
673.92
674.00
672.20
670.72
645.92
668.72
669.80
670.72
671.00
649.92
647.92
671.72
671.52
670.60
677.20
665.32
670.92
677.00
675.92
676.52
676.52
652.00
672.60
675.12
670.60
670.72
642.40
658.72
675.80
674.92
675.60
672.40
658.20
673.60
670.40
671.12
672.92
655.72
661.00
676.80
673.40
674.72
669.52
674.80
671.20
675.40
671.92
674.32
643.40
641.20
672.52
673.80
678.00
677.20
627.92
666.60
673.40
677.80
677.00
659.20
665.52
674.92
673.60
673.80
670.20
647.00
666.12
674.52
678.20
672.52
675.52
656.32
671.72
670.00
673.20
671.92
630.40
668.60
669.12
667.20
666.60
665.20
644.80
668.52
666.92
665.60
668.60
642.20
661.20
667.72
668.92
667.12
662.72
639.00
671.80
667.32
667.32
667.60
650.40
652.20
668.52
667.92
664.32
668.72
656.52
667.32
667.00
669.52
670.72
668.72
648.60
669.72
669.20
670.12
665.00
633.72
668.12
668.32
668.52
668.40
668.32
648.72
668.52
666.92
671.32
668.60
656.20
667.12
671.32
667.80
668.72
663.72
666.32
668.80
668.80
667.60
669.40
645.72
646.32
670.60
669.12
669.20
673.80
641.20
671.72
670.80
677.40
677.72
670.92
660.80
675.20
675.32
671.12
674.80
673.40
674.40
673.40
672.32
672.80
671.20
658.80
676.12
672.72
669.52
673.20
632.32
674.52
677.20
675.40
676.60
676.12
655.52
671.12
677.32
673.80
678.32
656.00
666.60
672.52
672.80
672.32
675.32
655.92
666.20
672.72
668.92
668.92
658.00
651.92
669.80
670.20
670.72
672.20
660.52
671.20
669.92
668.80
672.12
667.52
659.92
670.92
668.92
671.40
671.60
642.40
670.40
670.12
670.60
671.60
655.40
640.20
670.80
672.72
669.72
672.52
665.00
671.92
674.00
673.60
674.32
672.20
651.72
668.72
667.52
669.32
673.52
654.00
652.12
671.72
674.00
671.00
678.00
652.32
673.40
670.00
671.92
674.80
668.52
662.32
676.00
673.32
672.20
671.80
672.20
676.32
673.72
673.80
677.12
652.32
658.72
684.60
677.12
679.20
676.60
632.92
673.72
675.00
674.32
672.72
665.40
666.72
674.52
674.80
673.80
674.80
660.80
670.00
677.32
677.20
677.80
675.80
654.92
668.92
670.80
675.72
675.40
656.92
648.12
676.92
675.32
673.32
672.20
643.12
673.80
671.92
673.40
669.32
654.80
665.20
673.32
674.20
674.60
679.52
649.72
673.52
679.32
684.80
672.32
664.60
651.20
678.00
676.52
671.20
673.20
665.80
669.72
676.40
673.92
675.72
674.00
656.60
676.80
672.32
673.20
673.00
650.20
644.72
673.92
674.12
673.12
676.00
650.72
672.32
668.52
672.12
670.52
667.40
673.92
677.12
674.00
674.32
672.60
668.80
676.60
670.92
671.80
671.52
649.20
650.52
676.92
671.60
672.32
672.80
639.40
670.80
669.92
670.60
669.80
661.92
660.40
667.52
668.32
673.72
670.20
669.60
663.00
670.52
676.60
674.60
674.80
654.40
670.92
673.80
671.20
676.92
641.72
677.60
678.72
675.72
671.72
674.52
647.12
673.12
671.72
667.60
675.72
655.72
665.52
675.60
675.00
674.80
675.00
652.92
670.20
675.20
674.52
672.92
655.92
650.00
675.60
676.72
672.52
675.20
650.12
673.92
674.20
669.92
672.72
669.40
654.32
670.00
670.80
668.92
671.60
651.20
669.80
674.12
672.40
671.92
673.80
635.20
670.00
669.20
677.12
671.40
661.52
671.72
676.40
675.20
673.52
670.40
672.60
677.60
672.72
674.00
670.60
654.60
645.52
678.72
673.80
676.12
674.20
644.20
674.12
671.72
673.72
677.00
666.40
662.72
668.52
667.12
673.92
674.12
668.12
673.32
669.40
670.60
671.40
674.72
656.92
671.92
669.92
673.32
670.32
643.92
668.72
671.12
675.00
670.92
667.60
648.00
673.72
668.80
669.12
677.00
654.00
664.40
673.32
674.80
672.20
673.72
655.12
670.92
674.00
675.00
674.52
657.20
653.32
674.40
675.60
669.12
677.72
642.00
673.12
670.12
669.92
670.60
667.92
651.00
670.12
672.12
668.72
668.20
643.20
668.60
669.32
671.92
667.80
653.80
644.80
669.12
667.72
667.92
667.32
659.40
668.52
667.92
666.40
669.52
667.00
651.12
669.00
668.52
667.52
669.60
650.60
645.20
671.20
670.32
667.40
667.92
634.00
670.20
671.00
668.92
676.20
663.12
666.00
675.52
668.72
671.52
673.72
669.72
671.40
669.80
674.20
671.92
654.92
645.32
675.12
671.72
681.92
676.20
640.32
670.32
679.40
674.80
676.52
663.92
664.32
676.00
675.40
670.60
674.80
660.12
665.00
679.20
675.12
674.92
672.00
656.80
674.92
672.40
670.92
671.80
661.00
649.32
673.52
671.52
677.72
672.00
644.12
679.12
669.92
674.92
678.20
658.80
664.60
671.00
668.60
669.60
675.72
645.40
672.80
669.72
676.80
674.40
657.52
650.72
679.72
675.52
675.52
675.52
659.60
675.52
673.52
676.40
674.92
673.60
652.40
673.12
673.32
673.32
673.40
649.60
645.72
670.72
671.00
672.52
673.60
640.52
674.00
672.72
672.00
675.40
659.60
670.20
677.72
671.92
678.12
676.72
669.52
672.20
669.92
669.12
675.52
653.52
652.32
677.32
672.80
674.52
673.40
638.00
675.72
672.80
673.52
674.20
663.52
662.00
676.60
675.12
673.32
674.80
673.40
672.20
678.32
674.00
676.12
676.52
658.80
673.32
673.72
672.20
675.00
640.32
675.40
676.72
674.80
676.52
675.12
653.72
671.72
669.12
674.92
671.60
656.32
664.20
673.92
677.00
676.32
677.40
661.52
673.92
675.20
676.92
679.80
663.00
656.60
684.72
677.80
673.92
678.00
643.20
675.92
677.72
672.92
671.20
672.60
657.32
673.72
673.60
672.40
676.32
658.60
675.80
675.00
676.80
670.80
675.52
651.20
673.32
670.52
669.60
677.52
660.40
670.12
670.80
672.32
677.72
679.72
660.60
678.32
675.52
670.20
675.60
650.92
651.20
674.00
672.40
674.40
671.52
639.52
672.12
673.60
671.92
671.72
666.12
661.52
671.60
675.72
670.32
669.72
671.20
671.60
674.32
671.80
675.60
670.32
657.80
671.20
668.40
668.80
671.20
641.72
671.60
677.12
671.60
677.52
667.20
667.00
673.20
673.72
668.72
671.72
661.20
668.52
675.32
667.00
668.52
670.40
661.32
671.12
670.20
671.52
673.32
661.32
647.12
667.52
670.12
668.20
670.60
639.20
669.60
665.12
668.80
666.60
668.40
655.20
668.72
667.52
669.00
668.20
649.12
668.52
667.72
668.60
666.92
657.60
648.60
668.72
667.72
666.72
667.52
651.32
671.92
666.72
666.60
668.32
666.32
653.52
670.72
670.00
667.52
669.00
648.20
645.80
669.72
669.40
669.80
669.40
640.72
672.52
670.12
668.80
667.72
649.60
660.40
665.92
668.12
668.40
667.32
663.20
667.40
666.92
666.60
667.32
644.92
646.80
667.92
666.60
666.72
666.52
632.72
667.12
669.12
667.12
667.32
663.32
660.52
666.32
670.72
667.00
666.20
654.60
665.00
670.20
668.52
668.12
668.12
653.60
669.32
667.40
667.40
669.20
631.20
668.32
668.40
667.72
667.40
667.00
636.52
667.40
668.40
669.00
669.00
655.32
665.20
671.80
672.00
675.80
676.72
653.80
669.60
668.60
670.40
676.80
654.92
652.12
676.72
675.80
670.60
673.32
657.52
674.72
675.60
667.52
668.20
667.32
657.72
670.12
668.72
668.92
673.20
652.72
672.20
677.12
676.40
673.00
672.40
653.00
675.20
675.92
669.80
669.00
657.52
668.60
674.80
671.20
673.60
673.60
666.92
667.80
667.52
670.80
671.40
648.00
649.40
678.12
675.12
674.20
676.60
639.60
671.40
672.40
681.40
674.72
670.52
665.12
678.72
673.40
674.20
673.52
666.20
6