Measuring voltage and current with INA219 ...
690.92
647.72
693.92
690.32
687.40
689.60
675.72
681.92
691.72
694.80
692.00
677.32
679.12
686.00
693.00
688.72
690.40
689.20
675.60
687.12
688.00
687.52
686.40
637.60
690.00
691.00
690.32
693.40
687.60
660.00
691.32
686.52
690.00
692.40
672.52
689.40
685.00
689.32
689.60
688.12
663.92
691.32
691.32
686.00
691.80
673.40
670.20
691.52
688.12
688.72
688.80
664.60
693.60
687.20
687.00
692.40
683.32
677.60
693.52
691.32
694.32
681.20
654.20
691.32
692.92
688.32
691.60
689.92
665.80
688.20
687.72
687.72
688.92
667.00
693.80
688.72
693.60
689.12
678.20
678.52
686.00
687.32
686.72
693.40
665.52
671.52
687.32
690.92
691.72
691.92
669.12
690.20
688.72
688.72
687.12
676.12
678.40
687.12
685.40
693.92
681.20
685.40
692.32
691.40
688.52
691.00
689.20
675.52
689.72
692.92
690.32
689.40
646.92
690.60
692.52
684.00
685.52
679.52
661.60
688.20
686.00
688.32
690.72
675.40
689.72
688.80
691.00
689.32
689.52
672.40
686.00
685.00
685.60
688.20
671.92
664.60
688.40
687.20
688.80
691.12
652.60
688.32
685.20
689.52
692.80
686.12
675.80
690.72
687.72
689.20
687.60
677.40
689.32
687.40
686.60
684.20
667.72
657.80
687.52
685.92
681.80
692.92
659.92
688.92
688.00
685.40
689.20
686.52
677.20
691.52
696.80
690.80
694.72
665.52
672.92
694.52
698.60
707.20
708.20
678.80
695.12
697.60
706.40
695.80
681.60
687.80
695.32
696.40
703.80
693.32
693.20
698.00
699.00
698.52
704.40
680.72
677.00
710.12
720.20
718.40
708.40
683.12
719.92
711.80
717.00
720.12
704.40
707.40
715.20
717.00
734.00
723.80
714.52
729.32
739.32
748.80
764.52
766.52
754.72
770.60
775.52
804.40
797.92
765.92
802.60
804.72
738.20
773.12
728.40
694.80
722.00
711.72
720.40
716.40
696.32
706.80
703.92
703.92
720.60
694.00
687.92
697.12
696.52
708.80
705.40
678.40
670.00
696.80
694.12
709.60
698.20
667.80
692.32
688.80
691.20
697.40
701.40
676.32
685.60
691.52
692.00
684.72
675.80
665.60
682.60
687.12
686.52
686.72
651.60
678.60
683.60
688.72
687.32
656.92
683.20
681.32
684.52
689.00
676.72
674.92
683.12
679.60
682.20
677.80
657.60
662.12
678.12
679.20
680.80
680.00
641.32
680.80
678.60
678.92
675.60
671.00
668.52
680.60
678.60
684.80
672.12
672.00
677.72
673.40
681.40
681.72
679.00
662.12
678.00
681.40
681.92
676.80
641.00
683.20
675.80
680.20
680.00
681.40
647.60
677.32
679.52
675.60
681.32
673.20
679.80
678.12
682.32
679.20
675.00
670.52
680.92
677.52
676.00
679.00
658.92
655.52
677.12
680.40
680.00
678.00
641.40
677.00
678.80
681.00
679.20
677.12
666.32
682.40
687.20
678.00
679.52
673.32
678.60
679.12
679.00
684.00
675.20
657.92
679.32
677.32
680.12
680.12
654.40
681.32
678.12
679.12
675.52
673.40
666.72
678.32
677.00
680.40
681.52
659.20
661.52
679.20
678.72
679.40
679.60
648.32
677.00
678.72
678.32
679.92
671.00
668.60
681.72
678.00
681.80
675.72
672.60
678.80
682.40
680.72
676.92
674.00
665.52
679.40
684.00
679.00
684.92
638.40
682.72
680.80
681.12
684.20
673.60
671.40
682.80
682.52
682.12
684.80
672.72
680.12
677.52
679.72
678.72
679.00
664.32
678.60
677.32
679.32
675.12
664.00
660.92
678.92
677.72
680.72
676.40
654.72
679.12
679.92
679.20
677.00
671.40
663.12
680.92
679.12
682.32
675.80
673.72
677.80
675.80
678.32
677.72
659.92
648.72
677.80
681.60
682.00
678.32
652.52
684.32
677.32
679.92
678.80
675.32
665.40
674.92
680.72
679.72
678.00
658.52
664.32
678.92
680.60
678.80
674.32
653.92
680.12
679.12
677.72
677.72
652.72
683.92
677.40
681.60
681.40
674.72
669.12
676.12
677.20
678.20
675.12
652.20
659.32
684.52
678.60
677.40
674.32
637.12
680.20
676.32
678.60
679.92
668.60
663.60
676.80
679.60
682.12
671.60
670.92
682.12
676.52
678.60
678.60
678.12
663.92
676.72
680.72
678.40
680.52
642.20
678.80
679.92
680.92
682.00
677.00
648.92
677.40
679.60
677.32
678.52
668.52
680.20
678.20
680.40
682.00
681.32
672.00
679.20
679.92
681.12
676.80
656.92
653.60
677.52
681.60
681.60
677.20
646.32
681.80
676.60
678.40
680.80
674.92
667.20
682.20
680.52
682.92
676.92
669.92
679.00
677.52
681.12
679.40
677.20
649.72
677.12
675.52
682.00
678.40
652.12
681.20
682.40
682.52
681.72
678.72
672.40
681.40
683.00
678.80
679.00
659.40
663.32
680.92
682.52
679.80
676.52
652.72
678.32
677.32
680.32
676.92
672.80
664.00
675.80
680.92
682.20
676.12
669.32
677.92
677.32
678.32
678.20
677.40
663.00
675.12
680.52
680.92
678.60
639.20
681.72
676.60
679.20
676.20
669.60
648.60
680.00
679.60
676.20
677.52
673.60
684.12
679.60
679.12
679.92
676.80
662.20
678.00
678.92
677.40
676.60
661.12
650.20
681.92
679.32
679.40
675.72
654.40
677.80
674.52
678.00
679.72
674.20
663.80
677.80
679.32
683.12
674.40
676.52
678.12
676.80
676.12
676.40
661.80
651.60
679.60
681.20
673.72
680.60
649.92
680.00
676.32
679.92
678.72
671.40
669.20
681.72
680.60
679.32
679.12
651.80
668.60
678.92
679.92
678.00
680.72
655.52
676.40
680.00
679.92
677.40
667.20
667.00
677.40
682.52
682.40
675.52
669.72
679.20
679.00
676.52
679.12
654.12
662.32
678.12
680.60
679.92
681.72
633.12
680.52
684.12
678.32
677.92
671.72
666.92
678.12
675.12
680.20
677.40
673.12
679.92
680.92
680.80
680.72
675.60
659.32
677.52
680.40
678.72
676.20
640.72
647.52
680.72
677.32
680.20
676.40
651.72
678.92
677.60
674.00
677.00
669.52
682.00
679.92
680.72
679.72
675.32
669.60
674.20
676.60
678.72
681.92
661.40
652.60
675.12
681.00
680.72
680.72
650.20
685.12
683.32
683.40
676.72
676.20
669.52
680.80
680.00
681.40
676.60
677.32
667.20
679.72
681.40
678.92
676.60
652.60
677.20
683.00
678.00
675.12
650.20
680.00
678.72
680.00
681.52
678.20
660.40
678.40
679.12
681.20
682.12
655.00
664.40
676.72
681.92
682.92
679.80
641.00
681.12
677.80
676.60
675.80
671.52
664.52
675.92
678.80
679.32
675.92
672.32
676.20
678.20
681.32
678.20
678.72
661.12
679.40
679.52
677.72
676.72
640.00
681.12
675.20
675.80
676.20
680.60
641.32
675.20
679.52
678.52
678.32
672.72
680.92
677.40
680.80
677.92
679.92
675.12
674.00
674.32
676.60
679.92
658.72
655.40
678.52
679.20
683.20
679.12
651.20
680.20
683.32
681.00
678.60
676.80
669.20
678.00
678.40
681.00
673.60
676.00
678.72
681.00
678.60
680.12
677.60
653.32
680.40
681.92
677.32
682.12
648.40
679.52
683.00
678.00
677.00
676.00
669.00
678.20
676.32
678.52
676.60
657.80
670.32
674.72
681.40
680.00
679.72
657.40
678.80
678.32
678.80
679.20
673.00
664.52
673.32
681.80
681.32
678.52
664.52
680.52
676.60
679.20
677.32
676.20
660.80
679.40
679.92
678.32
679.20
639.80
682.60
673.92
675.60
682.40
670.20
667.72
681.72
677.80
677.12
675.12
678.52
679.52
677.80
675.40
678.40
677.72
662.12
676.32
677.72
680.20
680.60
659.72
649.52
678.92
680.00
682.20
676.60
644.60
675.92
676.60
676.52
679.72
677.20
670.80
677.80
680.72
680.52
673.72
680.00
679.32
676.00
680.52
678.12
663.92
658.92
684.12
679.12
675.20
678.92
647.72
686.12
680.32
684.32
685.12
675.32
672.92
683.92
684.32
680.60
680.72
658.32
669.00
675.60
683.60
679.92
678.80
657.80
677.32
681.52
677.00
679.12
642.32
678.80
678.72
676.52
681.52
678.60
663.52
677.40
680.20
677.52
676.12
662.92
670.32
679.92
679.60
680.40
675.60
643.40
679.60
678.40
678.80
681.40
666.92
657.72
681.72
680.12
678.40
674.92
673.92
681.32
681.92
680.52
677.60
682.00
660.92
679.80
681.60
680.40
675.80
638.72
679.60
673.32
680.52
681.40
676.20
647.32
680.52
678.40
676.92
679.00
677.80
680.52
679.52
680.12
680.60
676.80
677.80
680.00
675.80
678.80
678.40
658.60
658.40
675.32
678.20
680.52
674.72
657.60
688.00
678.12
680.20
684.60
675.52
669.52
682.32
684.12
680.40
673.72
680.12
680.20
679.72
681.80
679.60
676.12
658.20
677.20
678.12
678.00
679.40
641.40
681.00
674.80
680.40
681.72
680.92
661.32
678.00
677.40
677.20
674.80
659.00
671.60
676.12
684.20
680.20
682.60
663.00
678.80
677.20
680.12
681.00
669.40
663.32
679.52
681.12
678.32
676.00
662.12
681.92
681.80
679.60
679.92
678.20
658.80
677.32
679.60
681.92
675.40
642.92
677.80
678.00
679.72
676.00
669.72
652.20
677.12
678.72
677.92
679.12
679.00
677.40
677.12
677.32
682.00
678.20
664.92
679.72
676.00
678.20
677.72
660.40
656.40
678.60
674.32
679.72
677.00
652.60
676.60
675.80
676.60
680.20
667.80
667.80
678.32
680.60
680.92
673.52
678.00
679.12
679.00
674.80
676.40
661.80
659.00
677.12
678.52
679.12
676.20
643.20
680.80
676.80
680.32
678.52
677.60
669.20
679.52
677.32
675.80
687.72
663.60
671.20
675.60
681.00
679.80
678.72
660.60
680.00
680.12
678.12
676.72
666.40
663.72
676.80
679.80
679.92
675.20
664.12
684.20
676.60
676.60
678.92
659.92
671.80
679.20
679.72
681.00
671.52
654.52
678.00
678.00
677.40
679.80
668.80
657.40
676.40
677.20
680.12
679.80
671.80
679.72
676.20
680.40
682.52
676.72
662.80
681.12
679.32
680.80
675.60
659.20
656.52
680.60
679.32
676.80
678.12
650.40
675.60
675.12
674.00
679.80
666.80
681.00
679.32
680.40
676.20
674.40
677.52
680.92
674.80
676.52
679.92
658.52
653.60
680.12
681.80
680.60
681.60
648.52
682.20
684.52
691.32
685.20
680.32
681.60
690.92
697.40
694.60
689.32
688.12
684.60
692.12
687.92
692.00
685.52
672.12
690.00
691.00
688.80
686.60
648.00
687.92
685.80
699.52
689.80
696.92
673.92
693.60
694.52
693.92
686.20
666.60
680.32
686.20
684.20
681.92
681.92
663.40
687.52
680.52
684.60
680.60
669.20
658.72
680.32
681.00
679.20
678.72
656.12
676.12
682.12
683.60
677.40
676.12
663.72
678.00
679.00
681.52
676.12
653.60
676.72
676.40
678.00
680.80
677.12
655.80
678.40
6