Measuring voltage and current with INA219 ...
703.40
703.80
707.12
677.32
704.00
704.52
702.40
704.00
691.80
703.20
707.72
706.92
709.12
706.12
713.12
703.72
709.72
704.00
705.40
672.52
678.92
705.40
707.32
705.20
706.00
659.92
703.92
705.92
704.72
707.92
690.72
691.40
704.20
705.40
703.52
702.20
703.60
695.12
707.40
703.60
703.92
707.92
688.80
704.92
706.32
703.32
708.20
658.80
703.20
705.80
704.52
705.60
704.60
680.40
704.72
705.40
701.72
704.20
675.72
697.12
705.40
703.12
704.60
708.20
675.12
702.00
706.32
703.92
706.20
692.52
680.60
704.80
703.72
704.52
706.80
685.20
707.72
707.40
703.40
707.40
708.32
688.52
707.20
705.40
705.12
706.40
676.20
705.40
710.00
702.92
709.92
710.80
686.52
705.32
706.92
704.40
709.32
684.12
703.12
708.60
705.60
705.80
708.72
680.80
703.72
708.20
706.32
707.92
668.00
683.52
708.20
706.40
707.12
714.92
690.00
711.00
713.60
712.12
716.92
709.20
700.92
716.00
717.00
716.92
722.20
728.40
713.52
713.80
712.52
721.60
723.92
694.80
721.40
717.72
717.60
725.32
676.92
729.72
725.52
725.92
731.12
719.80
723.20
736.32
734.72
747.72
744.40
717.52
739.72
739.92
742.72
737.80
747.32
729.40
744.92
746.00
754.00
772.20
732.52
733.32
772.80
768.72
779.60
791.60
781.60
805.20
807.60
809.20
818.40
783.60
794.40
815.40
812.72
818.80
815.72
797.00
824.52
827.12
826.12
856.00
799.20
803.52
863.40
849.72
846.52
844.72
838.72
853.52
786.32
818.80
772.72
773.32
745.60
752.60
766.32
747.00
749.72
707.32
712.32
738.92
735.92
734.20
740.12
702.00
731.20
733.00
730.92
743.12
702.20
725.32
737.12
725.20
723.72
734.32
721.52
731.20
732.20
721.60
748.40
689.80
703.40
725.20
721.12
722.72
721.32
669.92
711.60
714.52
711.80
715.52
698.32
699.12
712.32
711.60
712.32
705.52
702.32
707.00
710.80
711.12
710.40
717.52
690.92
710.60
712.40
710.52
715.52
671.92
712.00
713.32
710.52
710.92
710.80
692.92
708.92
711.52
711.00
709.00
685.60
704.00
712.40
708.72
711.32
707.40
694.80
710.80
711.72
711.40
710.52
685.32
682.00
713.52
710.72
710.52
711.40
685.72
710.20
710.32
709.80
710.40
705.60
697.60
715.52
714.52
712.00
710.72
688.92
719.60
728.12
716.20
712.60
715.52
698.00
711.80
712.32
716.72
712.00
681.20
707.00
711.52
710.00
705.72
701.92
696.92
705.32
704.40
705.52
703.40
665.00
684.00
703.80
703.00
705.92
707.12
683.12
709.72
706.32
706.32
704.52
693.72
690.32
704.00
706.52
704.00
700.72
697.20
704.92
703.60
705.20
701.00
703.52
684.80
703.32
704.20
701.52
705.60
654.20
704.00
702.72
712.32
705.52
692.72
688.40
703.40
703.40
705.20
703.32
687.60
703.40
712.72
706.80
707.72
710.80
686.60
708.12
709.80
707.52
709.92
685.52
687.72
714.32
710.20
707.32
709.52
684.60
705.12
705.40
705.52
703.52
687.72
688.52
705.00
705.32
703.80
703.32
698.72
719.40
722.72
710.00
708.20
680.12
678.12
706.12
704.52
708.20
711.40
681.12
709.60
709.00
708.80
719.60
704.00
691.72
707.52
708.32
708.12
706.52
671.40
683.80
708.52
708.32
708.00
709.40
674.12
708.60
708.12
707.00
707.52
674.72
700.52
707.72
702.20
704.52
699.92
692.80
705.80
704.60
705.20
706.40
663.32
684.12
706.72
703.72
703.12
705.12
658.72
703.92
702.20
703.92
704.40
693.20
689.32
702.52
705.12
700.40
701.00
686.12
698.52
704.60
699.92
703.60
704.72
685.92
702.80
704.80
701.52
703.60
660.52
702.80
705.32
700.12
704.20
709.00
685.80
705.32
702.12
703.80
704.60
690.80
701.52
704.40
701.72
701.60
699.60
694.00
701.32
703.20
703.00
703.52
675.52
670.60
703.80
700.00
699.92
708.12
679.32
703.52
704.92
702.00
704.60
695.72
686.80
704.92
702.00
702.20
701.52
697.32
701.92
703.60
702.80
702.72
704.52
691.32
703.92
703.72
702.72
708.12
667.32
705.12
705.12
709.40
708.00
707.00
693.60
706.32
712.40
706.40
705.92
670.00
686.92
709.20
707.20
707.12
709.72
694.92
709.20
709.40
711.92
710.12
697.20
692.92
709.12
709.52
709.20
705.72
697.00
715.72
718.32
711.92
712.12
713.72
695.00
714.80
711.00
714.12
718.12
666.80
715.40
715.20
718.40
720.00
703.72
684.00
716.32
718.32
717.72
714.32
705.60
715.20
718.40
716.72
717.12
718.92
699.12
717.80
716.20
717.72
711.32
678.92
679.12
708.72
708.40
709.60
709.60
684.52
708.00
707.80
705.12
708.00
698.12
694.72
707.00
706.32
715.92
712.80
705.00
715.92
719.20
711.12
713.00
689.20
692.20
724.20
721.40
708.60
711.12
662.80
708.60
709.20
707.80
708.52
700.52
699.92
709.40
708.92
707.32
705.32
675.52
695.00
710.20
707.72
710.32
710.40
682.12
706.92
707.40
707.12
707.92
661.12
686.40
707.00
707.40
706.72
705.80
695.60
708.72
707.80
709.60
710.40
672.72
697.00
712.00
710.80
710.80
711.20
665.92
707.80
708.72
708.80
710.72
695.00
690.40
706.92
707.20
707.60
708.60
697.32
706.80
709.72
707.72
708.80
708.00
689.80
713.72
709.00
708.92
708.72
666.20
709.92
709.20
708.00
710.52
707.92
681.20
709.40
709.00
708.40
705.80
701.12
706.32
708.40
704.12
703.00
702.72
703.80
705.60
705.52
704.40
705.60
684.80
675.60
704.72
704.40
700.72
703.12
665.60
701.12
704.32
703.32
704.72
696.92
697.40
704.12
704.92
703.80
703.80
702.00
704.12
704.20
702.12
702.52
706.00
684.92
703.72
704.00
703.60
705.80
660.52
702.12
702.60
702.40
702.32
703.12
686.32
701.92
702.80
703.52
700.80
681.00
693.32
706.12
706.40
703.92
704.20
693.40
703.40
705.20
704.00
705.20
694.92
684.92
704.80
705.80
702.52
705.72
689.80
707.40
705.40
703.60
703.32
705.72
686.32
704.00
704.92
700.32
704.00
668.80
703.40
703.20
703.92
704.20
691.40
676.20
707.12
706.92
703.92
704.00
697.72
704.52
704.92
702.32
702.92
704.40
689.12
704.60
704.12
704.60
703.92
681.60
682.72
703.72
702.92
704.80
704.72
682.12
709.12
706.32
703.20
704.12
699.32
694.80
705.60
703.40
703.52
704.52
701.80
703.20
707.00
707.00
708.20
684.00
690.72
709.32
709.72
708.00
708.52
663.40
708.20
708.52
704.92
703.00
699.52
700.40
707.72
701.20
702.92
702.20
682.32
697.20
702.52
701.40
701.92
703.60
683.52
701.52
701.92
703.60
703.00
689.00
682.72
703.80
701.32
703.00
703.92
678.60
703.92
704.72
704.60
702.80
683.20
697.40
703.00
702.80
702.52
706.40
686.72
703.00
710.40
703.72
704.72
689.92
679.52
701.72
704.00
702.92
704.40
690.12
705.32
705.72
702.80
703.32
702.20
689.92
704.92
704.12
704.92
700.92
677.60
681.32
703.52
701.40
701.32
704.80
682.52
707.32
701.80
704.60
700.00
685.12
703.52
703.40
703.20
706.60
702.92
699.20
704.72
705.00
705.52
702.80
682.12
682.60
703.92
702.60
703.72
704.92
669.00
705.52
704.40
705.12
706.32
697.60
694.72
703.80
702.40
703.12
703.12
702.72
704.40
705.80
704.80
704.80
704.20
694.32
704.72
703.72
708.32
709.60
667.60
707.72
710.52
708.52
706.60
708.72
672.92
705.12
703.52
708.00
702.80
689.72
703.60
707.60
706.92
705.72
707.40
684.52
704.12
706.12
704.92
703.60
688.12
686.32
705.40
703.80
703.52
707.32
684.00
706.80
705.52
704.20
708.32
706.80
690.00
707.20
703.40
701.60
701.72
691.92
703.52
709.40
708.60
704.52
706.12
680.12
705.52
703.92
706.72
704.12
678.72
700.92
705.80
703.52
706.32
701.12
690.20
702.60
704.20
703.52
700.32
678.12
680.20
704.00
704.00
703.20
705.12
676.80
704.92
703.20
704.00
704.20
695.32
692.52
702.20
704.92
704.20
701.20
693.52
703.00
704.52
705.72
702.40
676.52
688.40
703.60
703.00
704.80
703.60
662.32
703.00
704.12
702.92
701.60
696.60
692.00
703.12
705.72
704.20
701.00
688.92
702.80
704.32
706.12
703.20
705.60
685.20
700.72
701.72
702.80
704.72
684.72
673.20
704.92
703.92
704.00
702.92
667.00
703.00
702.80
702.20
700.40
690.60
687.20
701.40
704.40
702.40
700.00
691.32
702.40
705.92
702.72
701.40
682.32
676.80
704.20
702.52
701.72
701.60
673.60
704.12
703.12
703.52
703.32
698.20
687.20
703.20
704.00
702.32
699.52
679.12
683.32
705.00
703.52
701.60
703.20
678.12
701.80
703.52
703.52
702.20
670.20
702.72
701.92
703.80
702.72
697.20
687.12
702.52
705.52
707.40
702.40
678.60
688.32
704.92
706.80
704.20
703.32
658.80
702.32
703.72
705.72
702.20
692.80
687.52
701.60
702.72
702.20
700.40
687.00
702.40
702.52
702.72
700.72
702.40
687.92
700.40
701.72
701.32
702.52
655.00
700.52
703.92
702.00
702.52
702.60
668.20
702.80
701.80
702.20
701.60
692.00
702.32
703.32
699.72
701.60
699.12
688.20
700.72
702.92
702.60
701.32
681.00
673.00
702.80
703.92
699.92
703.12
673.60
7