Measuring voltage and current with INA219 ...
357.40
284.12
274.92
268.40
243.32
280.60
250.52
252.80
261.32
252.32
257.32
267.32
267.12
253.60
270.52
256.80
279.40
270.40
266.60
298.60
246.20
323.32
264.32
257.80
259.92
267.40
238.40
264.32
260.32
249.80
275.72
249.80
251.12
262.20
253.80
269.12
264.80
246.52
266.12
259.92
250.92
273.00
256.92
253.52
272.80
253.80
273.60
293.72
241.52
262.72
262.60
250.52
243.60
258.80
250.92
292.40
268.40
254.80
266.72
247.60
256.12
264.60
252.92
281.60
257.00
251.00
270.60
263.60
268.92
280.20
258.32
273.92
279.20
267.60
262.72
341.80
272.20
281.20
272.20
267.92
284.40
257.60
248.60
286.52
313.80
276.00
313.20
251.92
296.40
299.00
314.12
315.00
304.12
296.00
313.20
259.80
265.72
278.20
256.40
263.40
278.80
269.60
277.32
259.72
245.00
270.60
262.92
264.00
279.92
265.40
302.12
307.20
300.60
285.00
274.60
267.72
300.72
274.32
271.80
284.20
266.32
272.92
277.32
277.60
296.32
268.12
254.12
282.40
271.92
268.00
280.12
239.60
264.40
287.60
256.60
265.60
268.80
252.60
279.60
268.32
261.20
275.12
253.52
263.80
271.32
258.20
265.00
277.32
247.12
267.32
275.60
267.72
274.92
267.92
254.32
282.52
267.72
284.12
333.32
259.12
267.60
284.00
268.52
264.52
268.92
248.12
275.72
288.40
296.20
274.60
244.20
278.52
282.80
270.20
279.72
289.60
260.40
289.92
288.92
281.52
295.72
267.12
273.12
280.20
262.60
249.60
274.92
263.20
264.72
274.72
260.12
276.92
309.12
248.20
277.92
255.60
265.20
270.00
242.60
274.60
269.72
259.60
260.40
272.60
255.40
284.20
264.80
263.60
279.12
257.00
261.32
273.92
268.92
326.80
322.72
262.60
312.12
283.80
286.80
287.52
267.32
276.92
284.12
263.52
252.12
273.32
298.32
286.12
270.80
260.60
289.32
260.92
255.40
276.12
259.12
260.80
272.40
242.72
273.40
266.00
265.20
270.32
265.40
264.00
284.20
258.92
264.40
270.80
261.52
264.12
271.92
309.20
290.60
251.80
256.80
277.40
271.00
265.32
281.12
240.00
304.20
271.20
254.92
278.12
265.20
252.60
334.40
258.32
256.80
280.20
260.72
268.80
282.32
269.60
258.92
357.32
274.52
360.52
284.52
287.40
304.92
274.92
257.80
309.80
266.40
284.20
339.12
257.32
285.60
275.80
262.72
281.40
317.92
347.52
403.72
421.92
343.60
402.92
330.92
401.20
438.00
423.12
422.00
413.20
391.20
340.00
323.32
337.60
431.80
316.60
434.32
394.72
462.60
455.92
344.92
332.92
439.60
349.92
351.40
459.80
318.32
340.80
355.72
348.12
366.32
415.20
301.32
441.20
376.40
351.72
470.12
317.32
246.72
298.72
248.12
338.32
339.12
241.20
241.40
241.60
241.12
335.80
236.52
245.80
243.92
245.20
275.12
302.52
228.52
245.72
244.00
240.80
304.60
248.40
240.40
263.32
251.00
252.72
366.72
243.52
246.20
250.60
254.92
340.72
438.20
397.92
418.40
362.12
394.00
431.40
348.60
415.80
426.40
426.80
425.72
422.20
417.60
425.12
425.40
510.00
579.40
527.32
537.00
549.40
544.20
580.80
552.60
518.40
549.52
550.12
584.72
584.72
592.80
599.52
618.00
629.12
638.92
649.00
649.60
659.72
335.72
323.00
550.52
345.40
307.80
340.72
308.60
573.52
357.92
292.60
317.60
388.32
469.92
407.52
334.60
322.92
348.00
331.80
337.52
373.00
326.12
327.80
422.00
380.80
398.72
315.32
299.32
328.40
306.12
342.40
386.32
303.72
307.72
319.80
320.40
346.20
336.60
310.32
324.32
320.72
318.72
374.00
319.12
305.92
330.52
304.00
312.80
328.80
289.20
304.52
311.12
307.80
377.80
303.60
296.60
315.20
312.60
322.60
381.72
302.00
309.40
308.40
324.60
338.52
312.00
301.12
342.20
308.52
316.32
358.12
337.52
316.92
328.72
332.72
349.92
338.60
315.92
350.32
314.92
344.12
405.92
323.80
320.92
323.12
316.00
314.60
319.20
321.80
322.32
327.12
314.00
322.80
294.00
293.12
326.00
326.60
324.72
364.60
279.52
316.00
301.60
278.92
314.52
260.60
242.72
261.20
253.20
250.60
264.40
259.40
260.20
265.12
275.92
251.72
259.72
256.60
288.60
269.00
274.12
267.52
256.32
295.92
292.52
301.00
292.92
249.52
237.20
246.72
240.00
240.92
261.00
229.52
239.12
287.32
243.20
247.52
245.32
238.92
247.00
248.32
252.12
275.40
260.52
261.52
268.40
269.00
253.92
249.40
245.32
265.92
241.12
240.12
229.52
237.32
234.72
262.40
239.40
242.60
242.52
275.80
240.32
242.52
238.00
261.72
235.20
227.80
263.40
258.72
270.32
256.20
270.40
257.72
258.52
251.80
236.72
254.80
246.60
270.32
251.12
247.52
265.92
243.40
236.52
255.12
247.00
248.32
300.72
242.40
269.40
252.12
259.72
257.80
245.52
240.00
267.60
252.20
254.12
256.80
237.92
242.52
247.80
265.00
277.12
237.40
229.40
261.00
235.72
241.52
236.80
231.72
289.92
235.40
243.32
244.40
246.80
232.72
255.60
239.72
241.92
258.12
232.60
234.12
256.72
237.32
221.32
234.60
218.32
306.32
234.00
241.40
276.80
291.20
229.80
235.60
229.52
243.92
285.00
283.60
237.12
233.20
231.60
252.40
228.40
256.00
237.00
237.00
239.32
241.52
219.32
239.12
243.52
234.52
294.52
233.92
236.40
244.12
232.72
268.60
254.60
231.92
229.52
234.32
235.40
219.52
275.80
284.60
295.00
271.80
282.72
301.80
296.72
376.20
342.00
351.92
286.00
384.20
265.92
297.32
276.72
281.40
292.40
254.92
263.52
279.72
265.00
268.80
264.72
241.20
259.80
268.92
261.72
274.20
249.12
247.92
263.20
256.40
267.32
298.80
252.80
272.52
257.00
260.40
268.80
263.20
301.92
274.92
302.60
264.60
311.72
250.52
267.40
272.40
282.92
310.32
280.60
273.60
305.40
288.80
289.52
286.52
271.20
276.20
290.52
274.00
301.80
277.40
256.92
266.00
270.20
263.52
283.72
252.00
254.72
273.00
274.12
264.12
263.20
257.60
333.92
263.40
263.32
266.60
257.52
250.20
269.40
255.20
254.00
268.40
252.00
259.12
263.12
261.00
282.00
294.40
279.12
284.60
277.72
264.32
266.60
246.60
259.32
254.60
252.52
266.00
252.40
247.40
264.72
257.12
270.92
273.00
249.00
265.00
302.52
337.72
331.92
268.00
260.80
297.92
273.92
275.00
276.80
263.72
262.72
267.00
258.80
302.80
315.80
301.00
298.80
261.12
270.72
291.52
246.72
264.32
282.40
272.52
262.00
275.92
256.72
280.72
266.40
275.72
306.92
274.52
310.40
402.40
402.52
357.12
391.20
343.52
353.32
356.52
422.00
387.00
372.00
413.60
390.00
374.32
364.32
355.32
354.40
368.12
365.12
355.12
364.52
319.20
312.40
366.80
366.52
344.40
389.12
362.32
338.80
374.92
331.12
392.92
360.32
372.60
324.32
382.52
363.32
366.40
318.52
311.80
386.40
305.20
328.32
335.40
329.40
310.32
360.60
318.80
344.52
326.00
348.20
332.40
337.20
332.00
324.32
295.72
296.52
343.12
312.40
317.92
311.20
319.40
345.60
344.32
336.12
330.12
324.72
338.72
352.12
370.32
358.12
389.92
335.40
343.72
337.40
339.52
358.00
319.52
335.40
351.00
351.92
330.12
347.32
315.52
345.72
328.20
336.60
358.40
301.20
335.40
371.72
338.32
349.92
344.00
319.32
336.52
317.32
328.92
313.20
361.12
339.00
367.32
384.32
326.72
373.52
392.12
324.40
323.12
322.60
355.32
332.20
330.72
358.40
333.00
322.40
331.72
336.00
330.52
327.20
317.72
320.52
259.40
239.12
293.72
275.60
262.52
275.52
292.32
252.12
283.12
276.92
273.12
263.72
269.92
309.00
262.72
315.20
295.20
275.20
325.32
290.20
269.32
301.00
264.40
241.60
262.80
263.20
261.40
294.52
257.60
302.52
303.20
316.92
271.52
323.12
246.60
262.52
259.00
261.40
261.92
257.52
242.72
276.92
256.20
265.60
244.60
249.12
240.00
243.40
235.72
234.72
238.80
234.92
303.80
234.40
240.92
260.60
232.60
232.20
245.00
250.60
246.60
239.00
232.52
240.20
239.72
241.60
259.72
249.20
245.00
240.32
234.12
232.72
236.52
272.60
235.12
232.12
230.92
236.32
235.00
256.92
247.60
230.72
232.72
236.12
223.80
242.92
276.80
255.20
243.72
251.52
240.80
268.60
249.20
257.72
259.00
248.00
253.32
254.12
246.12
238.52
248.72
243.92
250.00
245.12
245.52
256.60
221.32
225.92
232.92
230.80
220.60
231.92
215.60
233.80
232.00
235.92
248.40
233.72
240.92
247.52
277.32
254.12
247.80
250.60
249.32
252.60
238.80
231.92
246.52
228.80
259.00
239.80
244.52
239.72
220.52
240.00
237.72
237.40
261.80
269.60
250.80
248.80
239.72
240.72
263.72
227.20
289.80
236.52
236.80
229.60
256.00
253.40
255.92
242.12
243.12
276.12
229.00
228.20
244.72
231.60
238.52
236.12
234.12
286.32
240.20
239.52
227.00
236.60
230.40
251.60
231.20
232.60
234.32
215.12
230.92
238.12
233.00
257.40
269.20
249.52
270.60
254.00
244.20
273.32
234.32
284.92
238.80
279.40
269.00
304.20
236.32
277.92
246.72
232.32
254.92
230.40
227.52
231.80
232.12
235.60
231.52
221.40
253.20
231.32
241.52
238.92
231.20
227.12
243.40
232.92
235.52
234.40
231.40
235.92
238.52
240.32
258.00
234.52
237.00
249.52
264.20
257.92
267.40
322.92
250.40
246.12
245.40
254.52
245.52
238.80
247.92
238.32
237.20
250.92
230.20
229.92
237.20
239.20
224.80
237.92
221.20
256.60
236.32
241.40
237.92
231.60
258.40
291.92
238.72
244.52
238.60
235.40
242.60
232.92
231.92
248.20
231.12
269.00
257.20
231.00
232.52
231.12
221.32
232.12
255.32
251.32
249.60
257.00
257.52
242.12
234.60
239.52
258.20
238.92
234.80
239.40
238.92
221.40
232.32
222.32
258.00
251.60
238.20
249.12
261.00
266.92
266.32
271.60
268.12
252.40
265.72
344.32
311.52
260.72
263.72
255.72
253.80
243.52
248.32
231.32
243.80
225.12
245.20
242.52
237.80
261.92
274.92
306.12
342.40
343.52
345.72
307.52
287.52
329.20
308.60
310.20
313.80
309.20
306.52
340.20
311.40
318.40
317.60
311.40
324.40
418.92
295.52
288.92
272.72
233.80
308.00
241.32
249.52
240.52
235.60
242.40
239.12
238.52
247.80
235.32
222.60
234.20
230.60
229.40
247.72
227.92
219.40
235.12
236.40
229.80
238.20
222.40
264.20
237.72
243.12
249.20
243.40
226.52
245.72
263.40
239.80
231.80
228.20
236.60
231.12
234.60
249.32
223.00
221.40
252.80
231.92
234.52
233.40
270.72
244.60
238.32
237.40
249.92
243.00
230.32
244.20
236.32
235.40
245.20
222.20
226.32
238.60
245.00
235.60
253.40
234.20
262.00
245.60
281.60
253.20
244.52
242.20
238.12
231.80
235.00
231.60
234.20
257.80
251.60
244.72
250.52
226.12
223.60
284.60
289.72
292.12
276.52
263.32
232.12
321.92
260.20
349.52
338.52
296.80
277.80
279.00
346.92
376.60
286.92
289.72
279.80
270.00
266.92
277.92
238.72
263.00
246.20
250.12
253.92
231.40
244.72
248.40
242.20
240.60
250.12
230.40
264.60
241.12
251.60
244.80
226.00
229.00
229.40
231.40
231.20
235.00
224.72
233.92
232.72
238.80
255.40
257.72
227.40
238.00
236.20
247.40
248.00
244.00
233.52
230.72
246.72
251.20
266.32
229.20
243.32
230.32
232.12
233.92
212.80
232.80
230.92
230.72
215.32
231.00
218.80
252.20
238.20
246.40
237.12
239.72
241.60
242.72
250.52
256.52
243.80
238.52
250.00
248.00
246.60
263.00
253.12
294.12
259.52
268.00
222.80
230.40
225.12
254.72
235.00
234.80
257.80
228.80
230.80
240.72
236.20
235.60
240.40
271.12
255.32
270.20
247.12
261.12
247.20
251.40
258.00
246.12
255.72
249.40
230.40
247.92
250.12
246.72
264.92
242.12
253.40
290.12
289.40
247.20
242.40
232.32
235.20
245.60
245.12
245.20
245.20
227.40
256.52
235.12
232.00
254.00
237.52
228.32
237.00
231.92
230.00
233.32
228.00
250.00
231.92
238.52
241.80
224.32
251.60
269.60
233.32
236.12
236.40
223.40
238.52
278.92
244.92
254.80
234.40
230.80
240.40
232.60
239.32
234.20
233.60
231.32
231.40
232.40
247.40
231.92
222.80
251.40
289.92
239.20
238.00
229.32
236.72
247.60
256.72
244.32
250.40
235.32
268.20
242.72
256.20
249.00
242.40
243.12
254.72
258.72
243.20
241.20
222.40
242.60
235.00
231.92
251.40
234.20
227.72
238.32
235.20
230.60
233.60
232.12
235.32
270.00
237.40
247.12
232.20
235.12
245.32
245.80
247.00
245.12
232.72
234.60
254.52
246.72
232.00
245.52
248.80
262.00
241.40
270.00
249.60
239.20
243.12
243.00
244.32
240.80
239.00
234.72
247.12
238.92
243.20
242.60
225.20
222.72
237.20
254.60
216.20
234.92
216.20
231.92
2