Measuring voltage and current with INA219 ...
274.32
281.20
256.12
263.72
276.00
236.60
273.72
308.12
251.00
268.52
262.60
244.12
280.52
257.32
266.00
284.72
258.32
242.72
288.12
273.32
293.12
312.00
258.00
312.92
276.32
252.60
291.92
258.32
261.00
284.72
250.40
264.20
290.40
249.60
294.20
282.32
264.80
292.92
264.92
252.72
315.32
329.52
261.12
269.80
235.00
266.60
295.60
293.32
282.12
274.32
246.40
281.20
265.40
269.52
274.92
255.32
255.80
344.52
335.52
296.20
267.40
265.52
307.52
342.32
282.20
284.60
259.52
300.72
313.20
275.00
292.20
282.12
252.92
300.60
284.80
335.92
299.60
276.32
259.72
286.32
301.92
270.00
275.80
248.52
274.12
280.12
261.00
269.00
257.00
252.92
325.52
271.60
295.60
289.80
255.20
300.32
275.72
262.72
307.80
278.32
258.20
281.72
273.32
277.52
328.72
254.72
240.20
331.32
309.12
323.92
266.40
250.92
308.40
309.12
280.80
275.92
251.72
272.72
292.32
267.92
273.72
282.52
264.52
379.52
305.72
279.12
324.80
269.52
319.12
360.80
369.72
311.40
337.80
254.60
341.00
406.92
270.12
308.52
268.40
273.52
365.92
327.00
347.40
430.32
363.32
402.32
428.52
427.40
428.72
427.60
400.92
417.72
416.72
350.12
380.32
323.72
492.32
389.92
433.52
511.52
387.80
422.80
476.32
327.80
458.00
323.00
309.20
410.72
324.92
329.92
334.80
328.60
296.40
431.52
337.32
472.32
373.52
436.00
386.32
361.32
277.20
269.80
246.00
241.40
319.00
252.80
251.20
268.60
235.40
235.92
320.92
237.52
236.40
247.60
242.92
337.72
256.12
253.12
278.00
249.20
255.60
324.60
252.00
252.00
248.80
240.80
291.00
264.60
242.20
256.60
244.52
246.80
388.80
362.60
478.00
412.60
377.32
366.52
451.20
374.20
456.20
472.12
420.12
623.12
540.72
542.92
586.52
467.20
445.20
524.72
551.32
551.92
586.92
562.52
621.12
620.92
620.80
623.52
616.52
619.20
622.52
622.92
623.40
621.52
593.40
592.80
622.92
623.00
621.60
623.80
574.52
567.00
394.72
343.80
361.32
323.52
348.12
383.72
430.72
325.32
307.40
615.12
341.52
292.40
309.40
345.80
307.72
303.20
330.52
305.80
320.32
289.52
368.00
441.72
318.00
307.52
299.60
309.72
332.12
386.12
338.32
358.60
415.12
394.72
490.20
465.80
396.92
403.52
344.20
315.72
303.20
301.80
288.72
284.52
282.72
304.80
295.80
295.52
386.00
282.92
291.20
342.52
296.40
286.72
291.12
273.20
316.60
298.80
292.72
314.80
290.52
271.92
354.60
293.52
296.00
290.60
286.12
317.92
305.20
299.80
308.52
296.00
287.72
367.92
310.60
312.52
318.00
317.32
355.80
336.72
304.60
341.60
321.20
312.12
366.92
300.40
299.80
315.52
299.40
289.40
309.92
294.12
304.72
294.12
284.12
313.80
292.80
295.52
348.72
292.20
281.60
311.92
245.52
247.00
242.12
237.92
241.40
249.92
251.12
276.12
282.20
242.20
275.72
258.40
261.20
267.80
261.20
228.72
240.00
240.40
266.12
243.52
251.60
256.20
245.52
270.92
292.20
255.00
238.80
252.00
254.00
323.40
306.12
264.20
302.60
265.32
254.40
280.60
264.92
252.60
273.80
256.52
245.92
248.80
222.20
245.20
235.80
234.80
243.60
236.52
224.80
246.00
234.32
235.40
233.72
230.92
216.52
235.60
233.00
258.92
276.52
251.32
246.40
251.40
244.12
246.52
256.32
250.00
242.00
244.40
256.00
236.32
234.60
255.92
245.80
247.40
244.12
240.20
226.20
244.32
243.40
242.92
259.12
226.32
241.40
226.60
228.80
233.40
237.60
225.52
243.80
236.72
227.80
256.32
229.20
221.32
236.40
227.00
245.32
229.80
234.20
243.40
250.80
236.40
226.40
225.32
206.72
228.00
225.20
245.72
231.00
214.12
229.80
225.32
232.12
289.20
225.52
212.52
232.00
235.00
227.72
235.52
230.12
261.20
233.60
237.32
250.00
238.92
263.92
306.60
245.20
258.12
242.12
225.40
262.52
356.32
248.20
263.12
250.20
232.52
242.32
252.80
244.12
244.32
241.20
229.32
245.12
238.00
265.32
249.72
239.52
307.00
233.20
232.32
232.00
218.32
224.60
231.52
231.40
240.92
230.92
215.12
249.00
265.32
231.52
234.72
228.72
227.80
246.40
290.00
263.00
240.32
226.92
288.72
273.32
249.40
258.72
248.00
246.00
253.00
311.92
259.40
236.60
223.20
249.92
236.40
232.32
254.92
231.40
229.00
243.40
232.92
249.40
230.40
220.80
290.80
252.00
237.92
273.60
289.40
230.80
249.20
251.72
303.80
235.40
283.40
265.92
240.40
241.40
266.60
254.12
262.60
260.80
272.60
256.20
261.12
268.20
262.00
256.32
263.92
273.92
264.72
253.12
362.00
279.12
277.40
286.12
282.72
273.72
271.12
279.92
271.92
267.60
267.12
290.40
276.52
278.92
389.32
310.80
247.40
254.92
249.72
246.52
245.12
233.72
234.80
278.72
250.52
268.92
247.20
234.92
251.12
248.12
242.80
241.32
250.32
238.52
242.00
240.52
265.20
237.00
239.32
245.40
241.40
241.72
244.72
234.60
232.80
242.40
246.32
291.52
315.32
306.80
313.72
330.92
319.72
270.20
268.60
248.40
246.80
280.00
267.32
303.92
251.32
256.52
245.20
244.20
247.52
241.12
227.20
245.00
241.20
246.00
239.52
242.32
229.80
250.92
249.60
268.92
241.40
281.40
282.92
251.32
252.40
252.52
267.00
243.32
248.52
257.12
251.12
249.52
250.72
284.00
240.52
240.20
241.80
235.40
220.52
246.00
241.12
270.00
265.52
251.52
284.32
262.20
266.40
260.80
263.20
263.92
266.00
261.40
263.52
248.20
228.20
231.60
247.60
247.00
268.32
247.40
260.92
274.60
293.00
236.32
237.12
224.40
252.12
235.80
243.80
266.32
245.00
265.00
265.80
258.00
245.12
242.00
236.52
224.60
276.40
295.52
341.20
347.32
351.52
345.00
271.00
257.92
264.52
267.92
213.52
220.00
218.72
282.32
225.72
219.12
256.80
257.12
247.40
250.60
244.92
226.72
242.52
232.80
240.72
238.52
231.80
253.72
217.52
217.92
218.72
217.80
222.20
231.12
219.60
217.80
218.92
204.40
212.12
219.80
217.80
231.12
219.80
212.40
226.72
226.40
225.40
228.60
223.20
214.32
233.20
267.32
246.40
225.52
225.20
224.52
218.00
264.92
250.12
241.32
265.80
279.20
218.32
222.92
223.80
214.80
261.60
228.32
226.40
226.60
226.52
224.60
266.72
267.12
281.80
240.92
217.52
251.20
239.20
240.52
248.12
239.80
226.12
228.20
249.32
268.40
224.72
217.12
202.72
222.00
228.60
244.72
244.92
231.20
225.52
221.52
224.52
231.20
213.12
218.92
230.72
226.52
238.52
231.60
215.20
240.80
221.60
223.32
223.12
218.00
204.72
225.12
260.00
243.00
236.40
227.92
252.92
241.52
241.80
293.52
243.72
234.20
239.32
246.92
256.60
247.40
235.60
221.12
233.80
232.52
248.12
235.00
219.52
233.00
226.60
225.12
224.52
220.00
244.32
224.52
228.72
247.92
223.52
234.92
233.52
229.52
227.32
232.12
215.32
212.40
234.72
234.80
256.52
264.80
224.60
253.60
236.60
234.52
231.60
220.20
216.00
225.60
224.80
246.32
226.92
239.60
249.92
241.32
237.12
249.80
239.12
232.52
244.92
245.92
243.00
233.32
265.80
259.32
244.60
240.32
264.00
232.52
237.12
246.20
240.60
231.32
231.12
241.20
229.72
231.20
224.60
237.00
226.32
220.80
254.52
227.80
228.72
233.60
221.52
208.52
248.00
237.60
264.12
242.12
273.60
252.12
251.12
241.52
251.00
231.00
250.32
228.92
236.12
243.60
234.20
216.20
250.72
237.52
241.20
240.80
243.00
264.72
316.60
243.92
257.92
241.40
225.20
241.80
225.12
225.52
241.12
234.52
225.40
238.20
238.12
232.60
225.40
233.12
210.20
227.12
228.32
254.40
283.72
218.12
227.92
228.00
233.00
255.40
231.72
217.80
229.52
228.80
245.00
233.92
230.92
245.32
253.00
234.20
234.20
225.72
259.92
244.52
232.60
230.60
244.32
239.40
258.40
234.80
232.60
236.72
233.00
225.20
238.80
240.60
258.92
239.72
217.52
240.52
234.20
266.32
306.60
276.00
272.92
287.12
287.52
285.92
310.80
305.52
281.40
292.20
300.60
280.80
233.32
238.00
231.12
225.72
225.92
225.20
211.12
216.12
227.92
226.12
233.00
251.40
207.00
243.80
225.60
227.12
228.32
220.52
229.60
233.32
235.32
261.92
240.40
221.40
249.92
250.20
243.40
249.72
242.92
232.32
242.52
295.52
304.32
242.72
220.52
251.12
231.00
232.92
247.80
225.00
222.20
238.00
228.00
240.32
241.40
222.12
257.12
275.20
245.00
258.72
261.40
248.52
291.72
236.92
227.32
259.32
223.32
206.80
230.00
287.00
284.32
254.32
248.32
274.00
235.52
289.72
320.40
281.12
234.40
245.12
239.92
250.60
242.52
232.12
261.00
247.00
246.00
269.40
294.32
236.20
248.60
255.00
244.92
249.72
238.32
251.72
242.20
236.20
243.00
237.12
258.60
255.40
250.20
236.12
240.92
225.52
219.52
225.20
242.20
253.80
280.32
223.92
251.20
229.92
241.52
237.12
233.80
228.52
243.40
241.80
263.32
240.92
248.60
249.32
249.12
243.00
247.80
236.40
256.72
252.40
252.60
260.60
257.40
244.12
277.20
273.12
268.60
266.72
257.72
246.80
257.00
259.12
257.12
256.92
264.72
315.72
279.80
309.92
329.40
329.92
314.40
286.00
324.60
259.20
244.52
239.60
230.00
244.12
249.00
269.92
239.72
251.80
248.52
235.12
249.72
239.72
222.00
229.00
237.92
234.00
237.60
239.92
221.20
250.20
233.40
232.40
234.12
233.12
249.40
249.52
302.60
317.72
255.32
249.12
330.72
268.52
272.12
264.52
263.80
261.00
242.52
260.60
264.92
262.32
230.60
269.12
267.72
263.20
278.00
242.20
255.32
250.20
273.60
280.92
257.32
243.80
263.60
288.00
258.52
281.72
248.40
282.20
299.32
305.32
284.72
255.12
256.32
243.92
262.80
241.72
267.00
256.00
235.32
285.40
260.92
249.92
242.12
286.80
236.52
309.72
247.32
319.40
279.52
277.20
284.12
269.00
303.12
284.40
278.72
251.72
301.60
274.92
291.40
247.72
248.92
276.32
273.40
281.32
248.12
239.72
245.92
252.40
257.40
238.20
263.72
224.00
259.92
246.12
257.52
279.20
263.00
245.32
263.12
255.92
262.20
257.72
253.80
262.92
283.32
260.00
275.80
244.20
269.92
272.32
260.60
240.80
256.40
243.92
245.00
256.20
275.80
298.32
323.00
230.00
269.00
249.20
238.12
267.80
244.32
282.80
261.20
246.40
243.52
279.92
242.12
281.00
249.20
267.32
283.60
281.80
271.32
259.72
245.80
255.52
312.40
248.12
218.92
256.40
255.20
285.40
242.20
256.00
279.92
251.32
312.52
309.60
246.80
266.32
308.00
270.52
263.52
254.32
250.52
279.52
263.72
248.00
251.60
243.80
224.80
255.32
251.00
260.72
239.92
268.00
275.00
271.60
252.40
272.20
270.60
242.72
266.80
256.00
256.72
260.72
245.20
235.32
255.20
259.12
282.32
306.20
238.52
259.32
248.32
246.20
250.52
243.12
262.40
247.52
255.72
259.12
251.52
249.00
254.52
244.92
240.92
243.80
230.72
234.60
249.80
248.40
269.20
253.00
227.32
258.00
232.60
257.80
245.12
229.20
225.20
231.00
233.00
247.60
230.72
275.20
238.40
226.52
225.20
250.20
229.12
218.12
230.52
246.32
242.92
232.12
215.72
250.80
286.80
240.60
260.00
240.92
237.92
250.20
236.00
282.40
232.80
233.00
270.60
237.92
232.80
249.00
237.60
227.40
251.32
233.80
233.12
238.52
236.12
235.60
254.80
236.80
260.92
240.32
240.20
248.72
236.80
245.12
244.72
241.60
228.20
235.40
228.52
238.32
235.12
2