Measuring voltage and current with INA219 ...
305.60
318.00
285.40
276.32
286.20
292.00
275.60
296.52
310.92
285.92
329.92
322.12
316.40
314.40
294.40
341.92
321.92
288.40
290.12
292.80
335.72
305.12
302.12
268.60
314.40
310.40
318.40
300.72
293.52
358.12
317.00
336.80
337.60
310.20
313.80
329.32
292.20
346.72
336.00
320.12
322.92
316.20
325.12
312.52
332.72
335.00
321.72
309.92
324.12
332.60
325.72
310.40
329.72
322.92
322.00
308.92
300.00
376.32
310.60
327.92
319.12
302.32
288.00
289.12
303.52
310.40
280.52
274.40
313.92
281.72
272.12
301.52
300.72
294.80
298.80
293.12
331.72
288.32
346.20
342.52
343.72
319.60
321.80
282.52
288.20
330.20
281.12
305.72
289.32
335.32
297.92
324.52
327.52
323.32
272.32
274.60
303.00
295.60
310.60
285.40
286.52
308.80
296.72
284.92
298.00
288.00
276.12
315.00
305.80
281.52
281.92
279.60
292.20
310.12
351.32
316.40
305.12
296.32
313.92
311.92
337.60
304.92
313.40
309.20
281.80
292.60
301.92
285.20
278.40
298.80
287.00
280.40
343.40
279.32
256.40
273.72
284.60
316.72
307.12
278.80
294.72
277.72
299.00
324.20
294.92
269.00
279.92
298.32
335.32
309.32
292.32
298.72
287.72
279.40
369.52
281.92
300.92
366.92
291.52
330.20
301.40
277.00
293.00
292.60
288.32
308.40
337.40
290.60
322.92
279.12
292.12
370.72
351.12
317.80
288.92
266.92
299.40
370.40
344.80
370.80
351.00
380.72
460.32
383.12
399.32
412.40
474.92
478.32
421.80
476.52
439.32
478.20
374.52
462.52
421.60
319.52
321.00
470.72
481.40
367.20
380.20
336.72
322.92
414.32
446.80
333.00
380.80
348.72
319.92
434.12
344.92
344.00
374.92
328.52
454.20
428.72
399.60
363.32
286.80
247.40
335.40
282.32
323.12
251.60
277.00
254.00
374.80
285.72
272.60
265.80
276.12
327.12
353.52
254.32
251.72
284.60
253.40
310.32
251.92
244.92
249.92
246.40
248.40
367.60
246.92
242.60
244.40
245.52
340.72
255.32
259.20
311.12
420.00
415.20
407.12
385.72
369.32
372.52
407.80
395.72
404.80
406.12
388.80
421.80
422.00
420.00
419.72
418.72
413.92
419.60
420.40
420.32
418.80
418.72
418.52
419.32
418.80
418.60
419.40
405.92
405.12
548.80
551.00
550.20
556.52
548.92
550.20
551.12
564.52
581.20
579.20
303.72
473.40
442.32
566.60
510.40
607.40
618.92
619.72
620.00
620.12
599.32
543.60
301.32
669.80
330.20
304.32
328.20
308.60
400.60
386.20
428.00
424.40
313.92
313.20
384.72
312.12
348.00
301.20
624.40
660.20
660.52
320.60
267.60
293.80
310.72
385.32
315.72
372.40
384.20
413.52
420.00
412.12
367.12
385.52
384.32
349.12
359.60
312.12
306.72
356.92
299.60
315.92
320.32
314.12
303.40
295.32
305.20
332.00
324.20
316.12
336.80
330.52
356.52
377.32
326.52
302.00
325.00
322.32
353.20
330.32
322.12
324.72
319.80
320.72
411.20
335.92
317.52
312.32
312.52
332.92
331.92
375.12
321.60
317.20
316.12
336.92
326.40
323.40
335.92
346.80
351.12
420.80
424.20
343.20
319.40
340.40
417.92
344.80
345.32
309.00
309.00
284.80
269.52
269.80
266.12
263.72
267.92
256.52
279.60
271.00
295.00
269.40
276.80
263.00
258.40
257.92
265.00
284.92
284.52
286.80
265.00
263.72
281.20
263.40
281.92
260.12
257.92
263.60
264.40
256.32
329.00
259.92
279.32
254.80
252.52
269.20
250.00
245.20
237.52
241.80
245.12
253.12
241.60
237.80
256.72
244.52
260.80
243.12
246.40
287.60
248.52
272.40
248.12
251.00
251.60
240.80
247.72
303.32
273.32
256.32
249.60
267.52
260.72
273.80
288.00
259.12
247.00
249.80
235.20
247.80
247.12
265.32
248.20
250.92
255.00
248.00
297.72
247.92
249.20
248.00
248.40
252.80
242.32
245.52
248.52
251.60
255.20
256.80
259.52
253.92
252.00
255.32
249.52
241.32
248.60
247.20
268.60
248.72
284.60
232.12
231.32
245.92
244.80
237.40
235.00
228.12
237.52
229.72
236.12
236.40
243.32
233.92
234.32
236.20
243.40
234.72
228.80
232.72
224.52
232.92
233.60
248.52
235.60
249.80
299.80
295.32
232.72
229.52
238.20
239.32
241.40
247.00
255.80
260.20
241.00
270.12
241.40
239.80
229.52
238.40
254.92
241.00
236.72
231.52
232.12
238.20
294.52
241.52
237.00
234.20
238.40
250.12
248.72
248.60
256.00
245.12
256.00
251.40
253.92
345.92
287.32
259.12
257.12
252.32
270.92
243.20
257.80
260.60
303.92
365.40
243.60
238.80
259.32
248.80
266.00
245.72
244.80
246.12
246.00
226.20
243.12
244.20
228.52
235.12
236.92
261.32
248.60
244.80
246.40
254.00
270.40
277.20
249.20
250.20
265.40
253.40
243.40
253.00
261.32
252.52
248.40
298.12
261.72
292.60
235.32
240.12
239.72
257.60
237.60
238.60
237.80
240.20
247.60
245.20
239.32
233.92
236.60
240.80
269.72
243.20
239.32
258.12
244.72
241.80
262.32
240.60
242.80
240.52
241.72
254.40
252.60
248.32
246.60
263.52
266.52
288.20
328.72
237.00
230.52
235.00
232.20
242.80
236.00
280.80
233.72
237.52
255.60
239.72
235.92
271.80
284.00
246.52
234.92
241.00
241.52
230.60
241.72
243.92
262.72
248.72
248.60
257.20
256.20
289.40
257.80
251.40
244.12
252.52
246.12
296.60
275.52
279.60
297.92
277.40
254.52
270.52
243.00
234.92
245.00
243.80
237.12
248.80
245.20
245.12
238.92
292.52
259.52
251.52
240.92
256.32
251.00
250.72
245.40
240.52
249.40
281.00
301.00
250.40
246.32
228.52
245.32
242.00
247.20
272.12
242.12
231.60
238.72
223.92
238.92
242.12
259.72
250.00
246.92
242.40
246.20
235.20
228.32
240.32
235.72
239.40
240.12
251.00
237.80
244.20
248.92
238.80
257.80
262.12
238.80
226.32
237.72
239.80
228.52
229.52
238.60
258.32
244.80
282.60
232.72
243.00
240.60
244.80
242.12
241.60
236.40
238.32
236.72
237.20
243.60
252.00
235.40
235.72
238.52
243.92
234.72
240.60
258.20
249.60
238.40
248.80
254.72
261.80
260.20
280.92
308.40
314.00
347.52
353.92
362.00
334.40
335.80
351.00
357.40
329.60
352.80
333.52
333.00
313.72
321.12
317.40
316.12
322.20
319.40
313.60
312.80
332.52
309.92
328.32
317.00
335.32
334.12
317.60
342.60
309.32
313.52
326.80
343.12
321.40
341.52
321.60
311.32
331.60
308.80
306.40
332.32
334.52
343.52
336.80
327.12
322.52
357.72
344.80
327.00
334.80
321.52
325.32
317.20
328.52
317.72
317.00
320.40
364.20
326.60
330.12
326.92
323.32
322.92
308.92
332.40
338.60
336.20
324.20
328.12
333.52
326.40
339.00
333.60
314.12
345.60
341.60
388.20
340.52
319.60
307.92
320.60
336.32
362.60
338.72
333.20
316.00
331.40
321.80
318.32
334.52
338.72
325.40
335.60
319.00
340.40
336.60
356.32
350.40
351.40
345.20
347.60
342.20
325.80
333.60
322.12
322.80
347.40
358.32
347.60
367.00
396.92
335.52
314.52
310.32
310.60
312.92
320.80
322.40
302.00
285.12
306.00
312.80
311.00
308.92
294.12
301.20
326.80
264.12
263.72
262.52
327.52
272.72
270.32
264.92
299.60
261.80
249.72
255.72
255.52
281.20
237.80
241.20
249.12
239.12
295.52
245.12
247.92
241.40
257.20
245.12
243.32
244.60
241.20
245.12
250.32
244.40
245.92
256.32
250.12
254.00
265.32
248.32
246.92
240.52
252.00
233.80
246.40
243.72
243.00
235.80
241.92
262.00
240.92
240.40
235.80
246.72
241.60
252.52
289.32
240.60
236.60
241.72
229.12
240.72
268.80
249.12
248.20
249.40
246.40
247.92
246.00
241.20
248.40
265.12
273.12
248.92
274.92
267.60
264.52
260.40
249.60
260.20
248.12
255.00
237.92
258.40
249.12
251.20
251.32
249.20
269.20
258.20
289.60
287.72
282.60
257.80
258.72
273.40
266.20
262.00
256.72
261.92
247.72
247.20
272.60
256.00
257.52
262.20
265.80
247.72
242.20
255.00
272.52
254.12
273.40
227.00
242.72
259.52
249.72
245.52
246.72
238.60
241.00
241.32
243.92
251.40
292.40
248.60
243.60
262.40
242.20
246.12
230.80
245.52
240.40
243.52
243.12
262.12
252.00
253.80
252.52
246.92
244.92
251.20
249.72
243.00
246.20
241.60
233.52
230.92
241.20
263.40
240.92
243.92
231.00
243.72
247.00
249.00
241.40
256.72
250.72
264.92
259.12
239.80
246.80
252.60
249.60
244.80
243.80
244.92
247.12
240.72
245.52
235.52
248.52
249.60
251.72
310.00
263.92
256.60
249.52
253.80
249.40
257.52
258.92
256.12
247.60
254.40
246.20
249.72
260.20
251.32
250.40
244.20
273.72
247.92
243.32
248.60
240.72
236.32
239.72
260.72
270.60
248.40
270.92
278.60
282.32
271.20
267.40
253.40
269.40
250.72
240.80
246.40
257.00
235.00
232.72
242.40
236.00
235.80
233.20
275.12
256.32
275.40
257.80
260.12
311.20
237.80
267.40
341.52
249.00
240.12
231.92
241.00
232.32
242.60
241.92
237.72
233.80
243.60
268.80
240.32
241.32
227.80
243.60
238.12
247.52
239.00
281.40
238.12
232.92
244.40
234.00
235.00
245.60
232.80
234.40
244.92
236.12
228.72
225.20
294.32
266.72
286.12
240.20
244.20
233.52
242.40
237.00
242.92
237.32
232.40
240.80
254.40
245.52
280.60
259.92
241.80
252.72
257.60
248.12
252.00
236.00
241.12
237.00
241.92
240.32
255.40
240.12
246.92
244.72
240.40
239.40
247.20
244.80
239.00
237.92
290.00
233.52
227.92
237.20
251.20
252.72
242.40
252.20
245.32
264.92
313.00
326.92
337.52
336.12
342.12
349.52
311.72
364.80
359.92
359.80
311.92
320.40
264.60
235.60
226.32
234.52
220.32
245.20
235.32
239.72
237.52
254.00
266.12
250.40
265.12
237.72
238.00
245.32
247.00
248.32
264.60
248.80
251.40
251.32
233.80
231.12
225.72
263.92
289.32
235.12
236.20
251.12
232.52
235.00
254.60
234.60
235.32
229.80
239.52
234.80
240.52
235.80
233.72
227.60
234.40
236.32
281.40
245.00
267.20
245.12
236.60
237.80
240.72
240.12
243.80
238.92
230.12
238.52
248.52
272.72
262.32
261.40
256.52
249.40
254.12
246.80
249.80
248.12
246.72
250.72
241.52
241.60
245.12
263.12
245.12
245.52
232.52
244.80
229.52
236.60
240.60
261.12
242.40
269.52
254.12
238.40
244.72
254.20
257.20
256.00
256.92
261.12
240.40
243.52
254.80
243.80
250.32
238.32
248.12
236.60
251.80
241.12
242.80
240.80
239.20
237.92
251.40
238.80
237.80
241.92
229.00
273.32
253.40
241.12
242.60
243.40
252.12
290.72
241.32
243.32
257.72
241.00
240.52
260.40
240.12
237.32
261.12
239.12
243.12
240.12
274.12
238.20
226.52
241.12
262.40
237.20
242.92
252.32
236.60
240.12
250.00
240.40
238.52
243.00
239.72
258.72
241.00
243.20
243.92
237.52
254.52
295.92
285.32
284.92
276.80
273.80
255.32
253.00
257.00
245.20
257.40
245.80
263.32
248.00
246.92
235.60
243.20
246.00
243.52
238.00
239.60
230.92
245.32
244.80
238.52
237.92
227.20
234.92
232.12
229.92
237.00
231.00
229.72
230.20
256.32
287.40
2