Measuring voltage and current with INA219 ...
274.92
274.32
278.32
260.92
297.92
284.32
274.00
287.72
274.80
289.92
298.00
278.60
280.80
286.92
274.00
264.80
279.32
269.72
286.60
257.12
252.92
325.92
275.52
263.40
291.40
259.40
286.00
329.40
277.12
292.72
275.40
281.12
305.52
291.52
277.20
315.92
275.72
274.52
281.92
262.32
259.00
258.60
253.80
276.72
276.80
263.72
275.20
261.20
275.60
296.12
259.92
274.92
277.00
264.00
270.92
283.20
273.00
301.20
312.52
279.80
305.72
327.32
268.32
286.20
261.52
264.12
341.32
271.12
290.60
263.80
271.32
280.52
259.12
286.32
289.92
247.92
266.40
272.00
265.60
262.72
269.92
264.00
278.00
267.52
261.12
279.40
255.32
269.32
276.92
276.80
273.52
291.92
283.12
315.72
330.60
330.40
364.80
255.40
304.20
262.32
283.80
288.40
264.12
247.72
235.80
291.60
260.92
296.60
266.20
269.32
279.72
262.12
260.92
262.72
248.32
263.20
268.52
254.72
274.60
261.20
268.00
289.92
263.92
263.00
276.52
264.32
240.72
262.52
256.12
296.20
333.52
257.20
272.52
272.20
260.12
293.12
257.80
274.40
275.40
252.40
262.40
257.12
245.72
291.52
323.52
256.52
290.00
317.32
259.20
304.20
362.20
286.20
257.00
259.20
286.12
285.12
261.80
279.72
272.72
267.72
329.80
290.80
320.00
299.40
261.20
275.20
368.40
331.32
342.32
380.52
389.60
434.92
389.20
375.72
463.32
437.92
464.32
465.92
465.80
398.72
327.60
350.52
460.20
332.80
430.20
450.40
416.52
449.12
414.20
348.92
412.00
331.12
318.92
459.52
370.92
324.72
355.00
363.72
376.12
435.12
324.92
417.60
367.40
376.80
422.92
373.32
257.52
251.72
275.12
256.52
345.92
273.80
286.00
260.52
280.60
293.72
297.12
258.92
291.12
263.60
275.32
322.40
257.40
251.12
259.72
235.40
263.92
365.20
248.60
313.92
229.32
260.00
363.72
405.40
408.72
393.72
372.72
346.80
409.20
417.12
378.00
392.12
392.40
411.60
385.60
398.40
405.80
418.92
424.80
426.60
424.72
425.60
423.72
415.92
425.92
424.92
423.52
443.12
551.40
556.72
557.12
556.12
523.40
534.72
551.92
557.00
558.00
590.12
590.92
482.92
294.32
534.20
343.00
318.80
315.92
317.12
327.92
393.40
326.52
291.12
289.60
320.12
403.20
406.60
315.72
304.32
283.92
326.32
340.80
320.80
333.00
314.52
300.20
303.72
332.32
299.20
357.00
284.60
305.92
284.72
305.40
287.32
288.00
287.60
317.40
280.00
281.12
307.72
283.80
324.32
308.92
312.40
310.80
283.40
299.12
296.32
311.32
357.40
343.40
267.40
286.20
305.80
338.60
286.00
280.12
283.52
347.12
370.40
371.32
370.00
359.20
309.72
319.20
304.32
369.20
370.12
360.92
369.80
362.12
294.12
291.40
271.12
283.92
308.92
287.92
337.12
327.00
329.80
368.60
316.80
305.40
338.80
298.32
307.20
365.40
312.60
308.80
326.32
296.20
308.72
334.92
304.12
307.40
306.40
323.32
314.00
299.20
307.32
340.20
251.12
261.80
306.32
254.80
258.32
251.20
243.72
261.12
252.40
246.20
295.20
228.32
235.00
259.60
248.72
245.52
263.72
241.80
246.12
241.92
256.60
244.32
271.32
249.32
268.20
250.00
250.20
256.32
235.32
259.32
238.40
230.12
288.72
244.40
230.40
218.60
234.00
231.72
254.20
266.40
251.80
239.92
275.52
305.12
292.32
235.00
238.80
247.20
238.80
261.00
240.20
243.92
268.20
233.32
238.20
231.60
243.12
259.92
284.32
237.52
258.00
227.12
246.80
264.00
242.80
243.32
249.80
302.52
292.32
281.72
284.60
269.00
253.32
279.12
313.52
300.40
284.00
307.40
270.00
240.72
269.00
263.12
241.52
241.92
285.20
311.60
259.20
248.40
259.00
232.00
258.00
292.12
238.20
239.40
233.52
236.60
242.12
240.20
238.32
241.32
252.40
263.60
334.40
294.00
250.52
246.00
234.40
240.32
243.92
251.52
243.32
217.20
229.92
254.20
231.32
256.92
272.40
225.32
230.12
239.12
251.72
248.80
238.40
251.80
231.32
284.32
240.72
259.32
239.60
260.32
281.40
236.00
236.00
221.60
242.20
293.92
302.40
241.52
244.12
229.72
259.92
264.52
291.60
248.00
235.80
241.20
236.92
244.52
244.40
260.60
216.12
248.40
257.12
231.80
232.60
238.40
231.12
253.80
288.80
239.80
273.32
252.72
253.72
258.00
250.20
244.72
260.72
238.00
248.72
308.60
324.92
239.80
221.60
237.32
257.00
241.00
247.12
268.80
229.00
242.40
306.32
251.20
268.12
249.52
241.80
244.40
245.92
250.80
265.92
244.92
249.60
266.72
244.92
239.92
232.80
227.60
244.20
237.60
243.72
292.32
245.20
254.12
293.52
257.92
290.72
255.20
235.60
293.52
251.52
249.12
240.80
234.80
240.12
289.80
240.20
235.52
259.32
222.72
249.32
239.60
253.72
246.60
226.00
244.40
249.00
249.60
238.72
263.40
233.52
241.12
247.80
232.12
229.72
223.00
225.72
280.20
247.32
239.20
300.92
246.80
272.00
255.92
259.12
258.72
231.20
242.60
240.20
242.40
243.40
261.32
238.80
249.40
296.20
255.92
255.80
246.52
262.20
248.20
262.20
255.40
279.80
251.52
274.20
292.72
272.12
265.12
277.72
259.32
266.72
269.92
254.32
261.92
268.80
267.00
243.72
251.12
252.80
274.52
245.52
260.12
275.60
267.80
267.40
305.92
268.80
280.72
263.92
271.52
293.40
263.40
264.32
302.00
291.32
283.52
251.12
258.72
241.52
255.92
271.00
259.40
270.72
262.72
286.60
262.20
262.40
261.80
280.60
274.52
268.00
301.52
304.52
245.12
256.12
256.72
252.12
258.32
279.12
253.80
252.12
261.52
279.72
266.60
275.92
270.80
284.12
263.20
270.40
291.20
261.32
277.40
263.12
251.40
252.00
237.60
252.80
258.32
257.00
258.12
289.72
255.12
275.12
341.12
271.52
272.32
253.32
288.32
256.52
265.40
262.20
287.72
237.52
254.92
257.00
247.92
264.00
264.20
274.52
263.80
246.52
251.72
262.52
249.00
267.92
294.92
268.12
260.60
296.00
321.32
275.52
273.32
252.40
245.92
234.80
246.72
265.80
281.60
265.32
240.20
231.20
243.32
269.32
249.20
252.32
242.60
249.80
233.92
251.60
256.20
279.40
245.32
283.00
317.00
302.72
315.72
331.80
312.60
336.92
264.80
260.60
262.20
245.40
247.92
253.72
241.00
256.12
234.60
246.20
243.80
252.00
300.40
241.52
229.20
231.72
254.72
232.12
240.32
239.20
229.60
255.12
264.20
259.20
256.12
240.00
255.80
241.80
246.12
249.92
264.92
239.80
241.80
231.72
233.00
232.52
238.12
250.92
228.40
233.52
237.72
252.32
230.92
259.40
259.92
261.60
302.60
285.80
254.12
250.80
259.60
252.72
251.20
289.32
233.72
253.52
245.40
231.00
230.52
232.72
228.80
235.60
244.40
271.92
243.20
242.40
249.32
238.60
240.52
244.72
229.80
335.12
267.72
250.52
240.32
235.12
242.72
237.80
246.12
249.32
324.40
233.12
247.72
257.32
246.12
248.40
241.32
246.72
255.12
258.60
248.32
254.92
238.92
248.72
262.92
248.32
245.20
232.00
246.20
235.40
254.60
257.60
277.32
252.92
246.00
266.80
250.80
238.20
251.00
236.20
245.40
242.40
241.72
243.12
259.32
231.60
243.60
228.60
227.72
247.12
224.92
228.20
239.80
250.12
251.80
238.60
249.00
257.20
241.12
241.92
238.20
234.60
248.40
247.12
227.72
227.72
214.20
283.32
214.92
224.52
226.92
243.40
226.52
247.40
240.80
231.32
237.32
282.20
263.12
255.92
234.92
241.80
249.80
224.40
238.12
250.12
243.80
234.60
244.72
217.72
228.00
225.80
229.52
246.12
222.60
245.60
260.20
237.20
239.52
238.12
238.80
238.52
242.72
227.40
223.12
223.72
225.12
223.40
230.12
230.00
239.32
223.52
245.92
265.52
239.20
240.52
232.00
251.20
228.92
240.80
236.80
256.20
232.20
236.00
228.60
225.60
231.92
234.60
242.00
233.52
233.72
238.12
240.32
232.12
242.52
262.00
243.80
242.60
223.12
239.12
229.80
240.60
237.80
240.32
224.20
226.00
245.92
281.40
227.80
223.60
259.60
229.92
233.00
250.20
241.12
232.60
242.40
226.00
242.52
241.52
311.00
291.20
319.52
255.32
257.60
273.40
254.20
251.12
262.72
264.60
246.60
260.20
244.32
255.80
278.00
262.60
253.80
245.60
262.80
250.32
279.32
371.80
302.00
308.80
300.40
399.60
254.52
245.92
255.20
238.00
238.32
244.20
248.32
270.12
244.80
245.20
232.32
244.60
247.00
257.80
241.00
245.20
259.72
233.60
239.72
224.00
240.72
262.20
240.00
241.20
261.72
239.00
257.52
263.92
265.92
356.92
328.20
324.32
281.40
275.72
301.52
370.40
264.40
392.80
341.32
319.00
314.80
308.92
318.92
329.52
396.12
399.52
363.40
352.60
385.12
345.60
322.92
313.40
321.00
309.32
317.52
322.40
354.12
341.80
319.12
347.52
392.72
398.92
367.40
330.20
307.52
320.12
303.00
328.52
313.40
306.80
324.92
321.12
317.12
315.92
322.52
317.32
320.52
306.32
308.80
307.52
289.00
308.12
299.60
292.80
292.72
315.00
282.20
333.20
316.60
317.12
314.40
315.00
314.12
297.32
309.40
309.32
314.80
309.32
291.80
312.60
302.32
298.72
289.12
297.80
290.72
300.72
297.52
319.12
301.32
316.80
333.40
307.40
312.20
314.52
312.92
313.52
314.20
290.72
288.20
289.40
289.80
280.80
289.80
289.80
300.72
278.20
297.32
327.00
308.00
321.40
304.92
348.32
376.92
333.72
316.40
327.60
314.40
315.32
325.20
315.92
310.12
310.40
312.00
295.32
309.12
309.40
362.20
299.92
310.60
332.60
314.52
318.32
292.80
299.20
260.72
260.32
259.00
254.92
239.12
258.60
249.92
245.40
244.52
262.20
238.20
287.92
322.20
327.40
329.40
319.32
275.00
258.72
255.60
236.80
257.60
231.80
247.72
234.52
226.40
224.52
211.52
228.60
222.32
230.40
228.12
239.12
230.00
258.12
281.60
243.40
241.32
227.00
231.32
222.92
234.80
238.40
251.72
217.92
232.32
248.72
274.12
227.40
227.80
225.32
222.92
226.60
226.60
248.00
238.52
241.52
261.32
242.20
238.60
252.52
241.60
270.80
250.80
230.92
227.20
213.32
224.00
236.12
222.12
222.60
224.40
223.92
229.52
252.40
236.20
228.80
233.72
236.52
223.80
262.52
306.80
258.52
241.52
236.80
241.52
231.92
261.60
218.12
227.80
228.72
236.52
230.00
236.00
249.32
241.12
263.00
251.52
256.60
251.60
254.80
264.32
270.52
255.60
248.92
234.80
241.52
266.80
251.00
248.80
239.40
248.92
260.52
260.52
272.00
319.40
255.12
260.32
248.20
258.40
257.60
302.60
255.72
258.32
253.40
241.12
238.20
238.52
241.80
235.92
265.52
238.60
253.52
231.80
262.52
276.12
264.60
258.12
258.60
267.72
244.80
285.72
257.32
261.60
246.60
237.92
311.12
240.12
242.20
282.12
237.12
234.12
238.92
241.52
256.80
243.12
258.92
251.80
248.60
249.52
242.72
260.52
256.32
259.72
248.80
241.72
237.60
238.00
238.60
235.40
256.92
246.32
229.60
246.00
252.60
245.40
248.12
232.00
237.92
238.52
235.32
242.12
248.00
265.52
248.00
261.12
248.12
249.52
243.72
248.40
244.72
251.00
246.12
259.12
250.32
249.00
258.20
242.00
243.52
231.60
240.32
244.72
241.12
241.20
234.20
221.72
226.60
244.00
231.00
227.20
244.72
226.20
229.52
237.12
244.12
248.80
240.00
277.12
258.72
240.52
247.40
236.20
232.00
242.80
258.60
235.00
233.60
227.12
236.40
222.72
251.52
236.00
249.20
227.32
251.00
262.00
289.92
234.92
235.32
234.40
233.32
256.12
246.00
248.80
226.12
229.80
252.40
245.52
234.20
236.20
244.60
249.12
252.00
230.92
240.60
236.92
241.12
296.20
234.40
233.72
237.12
243.80
238.80
246.80
235.92
230.32
219.52
225.60
224.20
233.52
235.52
232.52
226.20
234.92
263.60
246.32
244.60
232.20
235.00
233.52
236.32
238.60
249.00
236.20
253.40
275.20
256.40
244.20
233.92
242.00
238.92
250.40
241.80
241.60
244.12
247.12
268.32
246.40
246.20
240.60
247.72
238.12
246.52
248.20
241.80
223.20
228.20
237.60
228.32
231.60
220.40
228.40
228.32
290.32
254.40
247.00
237.60
235.00
227.72
253.80
298.20
348.32
240.80
255.00
243.40
236.12
233.60
235.12
239.80
240.80
233.32
228.12
227.32
220.92
241.40
257.72
235.32
242.80
227.72
246.00
227.60
243.72
245.12
251.40
240.12
235.20
251.72
237.40
238.12
244.12
241.80
310.20
327.12
238.00
314.12
227.00
236.72
226.60
234.12
234.12
242.32
238.80
237.32
232.92
233.32
229.32
227.12
255.52
251.80
247.60
249.12
239.32
229.40
244.12
255.92
249.40
245.80
235.20
241.12
221.80
237.80
237.80
242.12
236.32
236.12
247.80
226.32
230.12
269.52
236.60
226.72
277.12
252.12
275.92
271.12
302.40
262.92
306.32
255.00
242.40
245.52
245.72
240.00
241.60
256.32
218.72
226.00
255.32
232.00
232.12
221.20
232.20
241.52
251.80
262.32
250.20
248.52
258.52
244.12
240.20
245.32
262.00
301.60
250.40
263.52
229.60
239.80
230.12
234.20
227.32
236.52
226.40
243.40
233.00
253.60
245.20
238.60
254.32
244.32
280.52
327.20
360.12
342.40
335.80
287.00
334.72
299.12
2