Measuring voltage and current with INA219 ...
285.60
251.92
264.12
287.80
270.80
281.20
322.92
258.20
287.32
280.20
273.00
291.00
274.60
272.52
298.80
262.92
256.32
273.52
250.32
255.72
267.92
257.52
292.60
300.72
275.40
363.72
306.20
298.12
313.60
264.52
307.32
329.20
311.40
274.40
274.72
257.80
328.72
262.12
257.32
271.32
299.00
257.20
266.80
254.20
250.20
269.40
261.20
287.12
276.00
277.60
307.92
274.52
278.60
309.00
333.40
277.20
271.12
247.72
267.72
269.20
254.12
269.00
254.60
258.00
278.20
268.80
276.72
295.92
259.00
263.60
277.52
270.92
274.00
278.52
330.32
291.52
266.20
279.00
277.52
262.92
259.60
277.32
254.20
250.00
258.40
261.32
297.92
277.60
279.12
282.12
269.00
275.60
282.72
272.60
275.52
263.80
262.00
276.32
280.60
265.60
283.80
263.72
278.12
283.20
272.60
297.72
330.60
310.60
311.80
303.40
278.52
293.80
259.60
269.00
291.60
263.92
269.60
267.32
260.80
269.20
273.00
261.20
249.80
272.72
272.72
304.80
295.40
286.52
302.00
271.40
271.20
290.00
266.72
276.80
269.52
252.60
282.92
310.40
291.20
308.40
274.72
300.40
342.72
344.92
343.80
330.52
273.00
290.52
279.20
283.72
297.92
285.60
286.12
342.72
345.32
347.52
331.80
332.80
348.20
344.40
341.52
341.12
329.52
339.72
339.60
340.12
396.12
460.80
316.12
350.52
338.52
399.72
508.60
379.92
460.20
375.20
329.60
374.20
492.72
366.00
355.92
349.32
348.60
451.20
360.00
316.40
381.72
313.52
403.52
502.12
342.32
438.40
308.40
305.92
368.32
325.60
305.60
324.32
314.60
282.52
387.92
253.60
274.52
264.12
245.20
259.32
338.92
240.80
244.32
265.12
250.52
369.92
390.92
395.60
380.32
396.40
380.52
395.92
382.20
396.72
389.40
397.72
395.60
362.40
395.32
396.00
396.80
396.20
391.20
381.12
393.20
393.32
392.60
393.52
519.80
539.20
541.20
541.72
564.40
562.72
549.32
564.72
565.40
559.12
565.12
547.20
541.20
564.80
564.32
565.32
563.92
382.12
292.40
557.92
280.12
534.52
538.92
316.80
440.20
421.92
330.92
530.20
294.20
307.20
304.32
338.72
338.12
336.20
280.60
300.40
294.32
291.00
395.92
343.20
299.60
344.80
310.12
304.60
300.32
341.72
330.52
304.72
299.20
310.40
277.20
290.40
319.80
320.60
308.52
309.72
288.72
307.40
311.32
298.92
296.52
301.80
308.60
305.60
316.80
317.60
332.72
340.40
295.32
290.12
289.72
306.60
321.40
271.32
308.60
299.32
295.60
304.00
293.80
318.00
337.20
309.00
303.20
316.52
312.52
313.20
314.60
311.60
310.40
270.20
283.52
312.60
286.92
299.92
292.00
303.60
289.40
298.20
315.60
328.60
274.40
314.12
335.12
319.20
325.80
429.20
307.32
316.20
336.72
318.72
311.00
296.72
307.12
337.60
362.92
306.60
317.12
299.72
250.60
258.80
251.40
255.80
260.00
239.40
248.40
236.72
237.72
255.60
241.52
252.00
282.32
303.00
406.20
361.40
358.40
358.60
365.80
321.92
315.12
290.92
313.00
280.32
281.12
267.20
268.40
227.52
256.60
291.72
265.72
245.20
232.12
277.72
264.00
267.72
303.52
272.52
240.72
276.12
259.72
292.00
299.00
295.72
285.32
306.80
285.52
336.72
354.32
314.12
272.80
283.00
270.32
311.72
295.92
254.52
268.32
323.00
269.72
285.72
273.92
279.20
294.00
307.00
253.52
251.12
245.92
265.20
259.40
298.20
252.00
270.32
269.40
274.52
246.32
273.00
244.00
252.00
240.72
257.12
255.40
242.52
233.40
279.00
271.12
296.40
248.60
289.40
232.52
285.52
251.52
269.20
264.12
277.60
240.80
269.52
270.60
277.32
306.52
241.00
250.92
280.40
252.92
236.52
230.72
247.40
250.92
250.92
244.52
258.40
245.72
253.12
241.72
230.40
230.80
226.60
224.60
241.12
240.00
250.52
288.52
265.80
254.00
291.92
273.60
252.32
246.40
226.72
273.92
278.80
233.40
268.92
234.60
221.12
240.40
234.40
233.60
298.92
225.60
238.60
246.92
245.80
274.80
355.72
252.80
274.40
300.12
267.80
278.92
258.72
248.12
246.52
242.00
252.92
223.00
222.52
244.12
244.12
233.52
260.60
225.92
248.80
266.72
254.72
261.32
333.20
319.00
263.32
249.52
257.12
249.00
242.72
242.72
242.12
234.20
241.20
241.92
238.40
237.32
246.52
252.80
238.12
232.40
272.20
285.72
246.40
248.52
296.60
245.92
249.00
254.52
259.00
278.32
244.60
257.20
266.12
258.12
265.92
276.80
292.60
302.32
265.60
244.32
300.72
289.32
226.80
239.40
235.40
232.60
292.72
234.00
234.12
239.52
248.40
273.52
246.52
240.60
255.00
274.00
265.60
300.00
243.80
252.60
264.40
247.32
257.32
240.00
230.20
238.12
275.32
239.32
224.00
232.32
254.20
327.92
346.00
271.72
322.80
239.32
266.40
246.00
246.60
259.80
241.00
238.52
278.12
248.20
247.60
273.20
238.40
253.60
253.52
246.92
235.00
241.00
229.32
238.80
236.60
239.12
260.80
231.00
234.20
240.00
228.20
228.40
221.72
218.72
233.80
271.60
245.12
225.60
220.60
241.60
272.40
255.60
249.40
252.00
244.40
250.12
253.00
245.32
255.20
228.20
225.52
241.12
226.32
236.72
299.00
228.12
226.72
226.92
226.52
217.32
225.40
253.52
256.20
243.20
250.32
298.52
243.20
248.52
249.40
272.20
251.92
222.80
228.20
240.92
225.20
230.52
224.20
201.72
236.52
250.20
280.12
271.52
241.40
235.92
239.32
242.00
253.20
252.32
227.00
235.52
263.00
245.72
244.32
248.60
224.00
236.52
314.60
292.80
274.40
257.72
244.60
359.92
267.32
270.12
324.52
232.92
265.32
247.60
250.52
243.60
249.12
250.40
258.20
241.12
248.72
250.52
263.52
260.00
266.92
241.00
277.20
219.12
264.72
247.00
280.80
249.60
308.00
225.40
281.20
239.32
250.20
237.60
270.12
229.60
251.20
269.20
250.92
286.12
323.12
236.52
256.52
252.60
251.40
246.40
256.72
248.40
293.40
287.52
251.00
239.40
251.80
275.20
245.80
248.12
240.80
235.52
261.00
241.80
240.60
252.00
250.92
235.32
249.00
236.12
241.40
257.32
242.20
240.52
237.80
234.00
235.60
251.72
313.20
278.40
259.80
241.72
263.92
246.00
248.92
243.80
229.40
229.52
223.72
219.40
225.72
226.60
227.40
216.20
207.00
228.40
246.40
230.60
227.40
224.32
226.60
226.20
236.80
235.52
239.52
232.92
237.52
254.80
238.40
228.20
245.00
235.52
281.00
297.12
308.80
310.60
281.20
292.72
309.60
310.20
289.80
313.92
281.60
291.80
276.00
273.72
274.52
281.20
321.72
336.72
276.40
296.72
246.40
229.32
248.00
241.32
223.80
238.72
225.00
215.72
224.80
225.92
225.12
249.92
232.60
230.60
292.72
230.60
235.52
225.32
222.20
236.72
241.12
236.60
307.80
256.60
252.52
265.32
246.92
255.80
271.52
238.92
249.32
245.80
259.40
234.80
219.60
233.00
256.00
232.72
244.60
252.92
233.72
232.80
250.92
233.52
234.32
215.40
225.12
242.12
284.72
234.12
254.32
230.92
237.92
261.12
247.12
259.12
235.12
229.12
226.92
232.60
231.72
238.72
218.72
226.20
237.20
224.32
229.52
242.80
236.12
226.52
224.92
227.12
210.40
204.32
226.40
252.72
227.40
244.80
235.20
289.12
251.80
247.12
249.20
244.40
230.52
220.52
241.40
231.72
235.60
241.72
262.80
228.72
228.92
228.00
229.40
218.52
220.40
225.80
308.92
310.60
310.60
292.52
309.80
310.52
311.12
269.40
263.52
250.72
243.32
234.40
224.72
219.32
219.40
226.00
245.20
228.40
245.32
283.32
227.92
232.92
237.12
241.20
233.40
236.00
252.00
267.60
251.32
264.72
249.80
254.60
255.72
245.72
253.20
226.52
224.72
223.80
241.72
239.92
301.00
329.20
288.00
272.12
239.32
231.32
243.40
226.72
232.20
246.60
233.52
236.72
260.92
277.80
238.60
251.12
237.40
255.92
235.12
230.00
233.40
232.32
233.12
214.12
204.72
292.00
273.12
224.20
235.92
227.12
224.60
227.32
225.92
227.40
230.00
221.20
226.32
233.60
226.80
237.52
251.52
227.60
236.20
242.72
257.20
241.52
236.52
292.92
265.80
243.12
244.80
245.40
209.52
225.40
231.32
230.72
227.52
217.12
227.12
245.12
228.72
329.72
333.80
264.52
281.52
295.00
281.12
244.72
227.72
230.32
235.40
247.20
252.80
258.12
294.52
232.52
251.60
226.80
231.32
233.72
224.60
285.92
246.20
244.00
229.12
228.92
242.40
254.40
235.20
244.72
255.32
220.12
248.72
246.00
248.12
243.92
237.80
241.20
253.20
243.12
244.12
256.32
246.52
225.72
248.80
250.40
253.12
210.40
259.20
301.80
273.40
249.52
282.12
220.32
258.00
296.20
276.00
245.20
234.80
238.60
251.60
244.20
243.00
224.72
236.72
245.20
258.00
237.60
231.80
217.12
220.32
233.92
249.60
234.80
263.00
206.72
226.40
248.12
225.52
235.92
230.52
229.60
236.12
227.52
227.32
236.20
226.92
234.52
244.72
311.40
238.72
255.60
226.72
245.80
239.32
226.12
218.92
206.20
214.92
235.20
229.60
226.32
236.72
214.92
224.80
234.60
224.60
225.92
228.52
273.12
226.92
227.00
236.00
220.40
222.72
234.60
259.72
234.60
253.32
237.32
233.12
234.40
248.52
292.20
253.52
229.40
237.40
244.72
240.52
254.00
251.92
230.60
289.72
243.32
242.60
226.12
236.92
255.60
261.72
242.72
242.92
258.12
228.60
239.80
249.80
240.72
264.00
242.00
232.32
243.12
234.40
235.60
217.00
230.60
226.92
244.52
230.40
240.60
226.60
215.00
226.80
226.52
231.92
241.12
220.12
234.32
250.12
235.52
244.20
245.92
246.60
247.72
235.12
235.40
218.60
224.12
225.92
247.52
223.72
228.92
243.32
232.12
243.52
229.60
224.52
221.92
205.72
226.00
243.92
228.92
256.92
269.52
258.60
237.12
253.52
232.32
251.80
223.52
237.80
236.00
229.12
231.92
249.40
214.20
225.20
226.12
227.00
234.20
221.20
224.40
295.72
281.00
310.72
316.52
348.52
285.72
397.40
272.40
301.40
271.52
225.52
261.72
256.72
258.72
243.32
238.72
332.60
312.12
250.52
249.60
238.00
244.80
238.72
242.80
238.52
235.32
240.92
234.72
238.20
236.40
236.40
255.12
222.20
227.12
228.12
241.32
247.80
227.20
225.60
245.32
233.92
253.52
251.12
232.20
234.52
237.80
232.32
232.60
237.60
238.32
276.12
308.40
229.32
216.60
226.92
228.40
249.40
229.80
233.12
219.92
216.60
230.12
248.20
246.80
249.20
219.00
233.00
248.12
237.80
239.52
248.00
222.40
240.40
231.72
264.92
216.72
222.92
219.80
224.60
232.12
222.40
242.80
221.32
230.72
276.00
222.32
222.92
206.12
230.52
268.40
249.80
232.60
227.80
215.32
259.40
244.72
227.72
234.92
210.00
219.80
225.80
221.60
221.60
240.72
204.72
222.32
244.00
224.60
229.52
221.32
218.72
234.80
238.20
239.20
231.40
236.52
240.40
268.80
277.92
256.92
268.12
226.60
244.52
246.32
237.80
230.32
218.32
237.72
257.72
233.92
245.00
244.72
219.32
230.92
238.80
239.40
239.72
237.32
237.92
239.60
259.52
238.12
248.72
217.40
231.60
247.32
224.60
228.92
210.00
213.80
226.40
225.00
263.32
236.20
204.92
229.00
260.32
223.40
221.20
240.40
224.52
222.80
233.12
232.52
218.40
239.92
236.92
253.32
240.12
249.40
234.20
209.92
220.80
255.00
225.60
222.92
206.40
221.12
231.80
228.20
224.80
237.00
219.92
224.72
223.60
235.00
235.92
238.12
228.72
230.80
232.12
231.52
244.72
226.60
241.20
239.12
232.00
224.20
207.40
222.20
228.20
237.60
236.40
225.72
231.80
237.60
261.52
237.12
227.00
208.92
216.52
229.12
233.60
240.72
237.00
220.00
246.60
287.40
246.52
251.60
295.80
253.40
238.32
239.80
229.52
213.32
226.92
229.60
229.60
229.32
236.00
251.32
216.00
222.80
225.72
222.12
221.80
202.52
222.60
232.12
223.40
229.52
225.40
223.40
238.00
250.60
224.12
238.60
253.00
231.32
230.52
221.20
231.92
212.40
229.00
273.60
250.40
272.52
234.32
221.60
213.72
236.40
241.12
232.32
221.80
209.92
227.60
233.20
234.20
238.12
251.52
227.92
239.72
238.20
249.40
245.92
239.32
225.60
248.12
229.60
235.12
238.20
213.80
227.00
266.52
276.12
227.32
211.12
232.72
279.92
226.72
224.80
248.92
222.72
235.20
258.92
237.52
242.72
224.12
235.72
254.32
238.20
266.92
245.32
215.32
227.20
292.80
228.00
226.32
233.80
221.32
251.52
248.20
242.60
226.00
232.80
243.12
263.40
238.80
248.60
259.72
239.80
256.92
312.00
251.12
250.00
232.52
233.80
244.52
244.52
243.92
248.12
241.00
236.72
251.32
231.00
233.20
232.52
230.52
239.92
244.32
269.72
247.92
216.72
226.20
232.52
229.40
235.60
232.80
227.20
238.40
238.12
246.80
224.80
208.20
244.80
257.32
272.72
225.80
228.92
225.52
225.40
231.20
232.60
225.52
228.32
234.60
252.92
233.32
239.60
231.60
220.52
246.20
233.12
238.60
242.72
231.52
243.00
252.20
263.12
260.00
267.80
235.20
243.20
234.80
232.92
228.00
225.32
222.92
231.60
236.12
258.92
310.32
226.52
229.52
242.72
233.52
230.52
220.60
232.80
228.60
242.20
246.12
233.00
235.72
240.00
263.72
248.00
246.12
225.40
217.20
240.20
251.00
245.20
245.12
215.92
248.40
244.60
238.12
250.00
250.20
232.92
238.72
239.72
301.92
267.60
275.92
311.52
316.12
330.92
342.72
355.72
274.32
247.00
254.80
240.20
238.80
210.32
229.92
237.32
231.20
231.12
216.00
216.00
238.60
246.00
228.20
227.00
219.00
231.60
224.92
223.40
225.60
237.20
223.52
233.72
248.32
234.80
253.00
256.12
255.00
246.92
233.20
240.20
208.12
209.52
228.00
244.32
225.32
224.40
242.40
216.00
223.52
228.72
245.32
246.60
243.20
262.40
242.52
270.80
236.12
257.92
232.00
258.32
280.20
226.60
238.92
233.00
286.32
236.72
225.52
222.32
260.52
225.52
243.60
226.40
223.32
230.12
213.40
223.40
225.32
224.72
226.20
218.00
213.32
223.32
242.80
229.20
270.12
229.92
229.32
254.72
245.60
239.40
237.92
245.80
259.40
257.92
236.00
246.92
227.40
226.40
241.60
250.32
239.12
240.80
228.00
251.72
278.20
235.60
237.72
269.40
234.32
229.80
239.60
247.00
239.72
230.32
245.12
249.20
239.92
242.60
247.80
223.52
225.20
234.92
222.80
228.20
204.92
222.40
225.32
231.52
227.12
211.60
223.00
232.92
252.52
232.80
237.80
233.32
229.00
242.52
281.72
224.12
223.40
210.32
225.00
231.40
222.12
224.32
231.52
214.40
224.12
224.12
224.20
210.20
215.40
225.40
225.92
2