Measuring voltage and current with INA219 ...
164.52
172.60
183.00
152.80
147.32
125.80
175.32
149.72
134.12
213.92
185.80
138.32
167.60
151.32
158.20
259.00
152.40
174.12
232.80
256.92
283.80
207.52
169.72
212.80
210.72
145.12
195.00
148.40
151.80
213.20
143.00
154.92
159.60
140.32
218.60
174.00
166.00
161.80
147.20
155.20
162.20
183.20
164.20
189.80
129.40
216.72
154.52
145.20
198.80
199.72
141.60
146.32
137.00
144.32
149.00
131.40
119.12
147.80
136.60
155.40
149.12
140.40
201.52
171.32
167.60
213.32
136.80
177.72
230.00
170.72
193.92
151.92
129.52
187.40
135.72
143.20
150.00
138.00
166.12
204.12
141.80
140.60
155.52
179.00
202.32
227.20
137.32
183.00
152.00
159.72
156.80
137.40
157.72
216.32
181.72
195.12
231.60
220.32
217.52
273.92
189.00
247.80
223.52
267.60
316.40
290.00
381.00
535.32
392.40
218.60
190.00
208.92
318.80
192.52
342.40
306.80
226.12
323.40
234.52
215.80
294.40
217.20
212.32
294.32
234.80
230.20
218.60
219.32
252.72
231.20
212.60
332.80
328.00
237.32
281.52
228.12
180.20
189.00
181.72
179.40
236.52
125.52
127.72
124.40
131.20
228.60
124.40
136.32
155.40
133.72
157.52
202.20
176.40
267.72
234.80
212.00
250.92
223.12
288.40
276.92
229.60
227.40
371.12
332.60
368.60
366.92
374.20
426.40
337.12
331.20
492.00
317.92
598.12
546.52
471.60
635.72
539.52
640.52
500.32
644.32
642.00
684.72
703.72
660.00
717.40
749.92
780.40
760.20
749.72
219.52
624.32
175.40
231.72
172.20
195.00
269.72
389.80
190.20
194.72
171.72
205.40
373.20
207.00
277.92
178.32
165.60
459.60
225.12
307.52
212.12
273.72
301.20
189.40
273.60
278.92
168.40
184.32
202.32
287.72
207.20
254.60
192.52
183.52
218.72
201.52
211.40
194.40
198.12
167.60
191.52
272.60
229.92
194.80
194.92
211.80
193.52
221.40
183.12
185.52
184.32
189.40
202.20
224.72
183.92
176.80
177.92
188.00
189.20
292.92
186.40
161.32
168.52
171.40
167.60
191.12
167.40
161.40
167.72
170.52
197.40
171.40
198.80
257.52
171.00
170.60
169.12
214.52
154.52
170.60
169.80
171.00
171.92
172.00
191.32
170.72
169.60
184.32
171.72
188.52
169.52
182.00
198.12
167.60
161.92
181.12
177.00
179.52
191.52
197.00
157.40
200.40
201.20
197.80
183.52
164.52
189.80
165.40
163.80
190.80
197.52
174.00
165.12
166.12
176.60
164.72
157.92
165.92
164.92
164.80
175.72
166.00
153.32
183.80
168.20
167.32
166.12
160.60
142.92
191.32
184.52
228.32
188.40
199.32
129.32
129.40
130.00
128.40
133.12
130.72
131.00
123.80
137.92
135.40
121.32
152.12
227.00
204.12
184.20
176.12
181.20
213.40
123.80
124.52
122.40
196.12
163.92
147.40
195.52
138.20
124.72
114.12
126.40
118.80
115.72
121.32
117.20
146.12
116.80
118.72
141.32
123.20
114.80
117.52
117.80
135.40
124.92
135.80
135.20
134.12
140.92
152.80
165.60
121.32
127.60
123.60
115.92
116.32
114.40
110.52
117.40
124.20
116.60
124.92
111.60
143.20
119.00
117.60
119.00
118.92
119.32
165.12
128.40
124.52
119.72
115.60
111.00
116.00
118.52
135.20
117.52
115.80
150.40
160.60
151.12
156.92
121.52
112.12
128.40
118.60
147.00
114.72
120.92
119.40
116.00
117.72
123.60
112.72
108.12
122.72
125.00
132.60
134.52
129.80
159.72
160.20
134.52
129.00
131.72
159.52
125.20
131.60
208.32
137.72
124.00
185.32
336.60
133.32
132.12
132.12
127.92
173.40
127.60
128.92
127.60
129.32
151.72
127.40
139.00
153.80
139.72
132.00
120.40
137.80
121.92
122.40
114.20
176.60
125.40
148.92
149.72
121.60
111.40
144.20
120.40
120.00
121.12
118.92
107.20
121.20
121.32
149.20
119.32
141.40
141.80
122.32
126.12
133.32
123.80
137.20
124.92
124.32
139.32
121.60
114.52
140.40
124.52
120.52
157.72
119.00
120.32
122.40
147.12
132.32
159.12
113.52
145.52
149.80
123.12
123.60
147.00
116.80
215.20
122.80
120.92
119.40
133.80
120.72
122.72
122.00
148.00
118.52
148.60
189.80
157.40
156.92
213.40
126.00
160.00
135.32
131.32
155.60
133.72
132.00
146.20
131.72
130.72
160.72
167.40
132.72
137.32
128.00
133.72
132.72
123.20
159.40
134.72
135.52
135.32
137.60
128.92
138.72
126.80
125.52
122.40
118.40
116.80
129.80
127.00
147.52
126.72
125.52
139.32
140.40
118.40
118.60
117.92
104.60
115.92
116.80
143.92
122.92
160.32
165.00
158.00
185.40
165.40
132.72
132.20
153.32
116.52
114.92
115.52
117.00
169.12
119.80
119.72
123.60
118.00
114.12
119.32
132.00
147.12
128.72
109.52
128.00
116.40
116.20
126.40
119.52
110.80
126.52
119.80
116.80
124.80
125.92
201.60
115.20
116.52
146.20
118.32
127.20
120.52
117.00
119.80
118.40
124.60
182.80
229.80
225.00
188.80
199.00
106.92
139.00
118.40
119.52
117.32
114.72
98.32
122.32
131.12
165.72
124.20
131.20
146.00
157.72
159.60
160.92
128.72
126.52
175.32
122.80
140.40
126.00
120.00
155.80
128.60
172.40
200.20
157.72
155.80
162.40
168.12
154.80
224.12
181.20
199.60
162.52
150.80
154.00
121.72
116.60
124.32
118.92
161.80
167.92
154.20
176.20
116.32
128.12
139.52
125.20
118.92
176.80
193.12
124.20
115.60
115.60
158.52
120.92
119.40
139.80
120.32
148.52
131.12
124.00
122.72
125.32
119.20
115.80
173.20
123.12
122.72
120.32
126.00
152.72
129.20
128.40
129.12
212.60
127.32
131.52
118.52
121.92
116.92
112.40
109.40
119.40
132.52
143.00
116.52
120.52
120.60
119.92
115.72
117.92
114.72
117.32
145.80
117.00
144.12
115.32
127.52
121.80
120.00
122.80
121.72
115.60
114.12
161.60
126.32
135.92
135.00
134.40
156.92
135.20
174.92
126.32
127.32
113.40
129.32
134.20
151.12
189.12
189.20
144.40
162.40
163.72
170.40
128.20
118.40
126.52
121.40
122.32
124.80
123.60
157.20
190.80
157.32
237.32
134.40
171.12
134.72
132.00
138.72
127.12
133.12
145.20
161.12
125.40
167.32
135.52
131.20
166.00
122.32
175.80
157.52
182.52
139.92
120.72
141.32
160.32
152.72
114.32
163.20
159.52
137.80
120.12
122.20
138.12
122.40
159.80
165.12
131.92
111.80
149.12
122.72
129.72
169.72
125.72
137.40
140.52
149.12
135.32
143.12
142.40
150.20
170.60
140.92
173.52
174.40
227.92
137.20
134.40
199.32
121.00
167.92
114.32
182.52
132.00
160.40
129.92
126.52
145.40
172.52
145.12
120.32
175.72
142.20
139.60
130.60
153.00
154.20
128.12
155.52
164.12
155.60
155.00
173.80
132.40
144.52
152.40
147.60
150.12
166.12
211.12
157.60
140.80
122.32
128.00
122.12
133.00
160.00
128.80
140.32
134.12
153.80
208.52
171.32
188.52
129.92
136.00
131.52
151.20
119.40
151.40
138.40
117.32
133.00
120.92
169.00
122.40
155.72
166.00
155.00
144.92
136.40
168.92
167.72
169.80
130.80
140.40
132.40
127.20
162.80
132.20
155.20
124.00
142.52
118.12
126.00
123.12
123.20
142.52
149.92
134.60
142.60
141.00
183.80
139.92
123.80
141.00
121.52
165.60
133.60
172.12
109.80
177.12
134.20
161.80
131.12
130.92
175.52
167.52
137.92
160.72
123.80
140.60
139.80
131.20
142.60
130.40
123.72
156.00
154.72
125.80
126.60
158.40
122.52
126.92
138.72
169.80
132.80
121.72
155.00
129.72
130.60
193.40
136.80
128.80
164.00
137.60
136.60
122.52
112.60
135.92
118.52
148.20
153.12
115.72
113.12
118.00
116.40
116.60
115.12
106.60
136.80
116.32
120.40
143.20
117.12
118.52
130.60
121.00
117.92
116.32
114.52
103.40
151.20
152.00
172.52
126.32
116.00
141.52
115.80
116.72
116.32
115.00
119.32
124.40
120.40
154.00
128.00
114.80
125.72
117.32
117.52
128.92
118.00
112.40
118.12
117.40
117.80
115.20
113.00
139.40
141.20
118.12
140.80
117.52
117.52
118.72
117.92
120.92
146.00
129.40
119.20
145.12
146.32
196.20
138.52
137.20
182.72
165.32
135.12
166.32
201.40
142.00
140.60
130.52
157.52
127.92
125.60
130.32
187.12
133.32
130.60
129.20
123.92
129.92
132.32
141.92
138.52
157.92
163.40
129.20
125.92
126.32
133.72
123.80
131.32
124.72
124.32
220.72
172.92
205.92
204.20
206.92
165.92
233.00
179.40
119.72
129.12
121.32
124.32
117.72
99.00
116.32
123.80
141.72
114.12
123.92
117.00
118.12
119.12
116.32
109.80
128.72
117.40
117.52
133.52
118.00
112.60
129.12
120.40
117.52
119.00
116.80
99.92
149.92
150.92
151.20
152.12
115.80
186.32
187.40
117.40
115.40
114.72
121.72
118.72
119.52
132.52
123.20
112.52
104.92
114.92
117.60
146.80
114.52
113.40
118.80
116.60
118.32
116.92
109.92
135.52
120.12
172.00
144.92
120.72
123.60
123.80
123.12
123.52
131.60
123.92
129.12
194.20
133.00
153.60
129.12
119.72
146.12
124.00
122.60
121.00
119.40
131.00
158.92
150.32
221.80
152.12
130.72
121.40
114.60
116.52
129.40
127.80
112.92
117.60
118.00
116.32
120.12
111.60
144.92
121.20
124.80
120.40
117.60
128.92
135.72
167.92
135.00
133.20
126.52
121.60
126.60
120.52
129.60
115.20
111.20
116.40
115.12
117.60
116.20
115.32
108.92
116.12
127.32
144.40
118.32
115.52
116.40
119.00
120.00
121.80
118.80
116.20
126.40
125.00
123.60
116.12
117.40
138.00
121.80
157.32
119.12
116.52
103.00
124.92
156.80
198.80
147.20
107.80
133.60
118.12
118.60
123.72
116.60
109.40
118.20
119.12
116.72
123.80
117.72
96.00
117.92
116.40
139.80
119.80
140.92
121.32
122.20
133.72
131.72
175.20
164.40
145.00
132.40
172.72
155.12
126.92
139.00
122.72
122.00
123.80
119.00
123.32
123.60
125.12
131.00
122.72
117.20
147.60
131.40
132.80
141.32
152.72
126.72
152.00
132.92
148.12
123.40
123.32
115.60
120.00
127.60
149.00
128.20
128.80
123.20
136.92
121.52
143.60
128.92
139.00
122.92
126.40
147.20
117.80
110.00
122.92
117.40
116.40
117.12
114.40
106.92
116.00
117.60
145.12
117.20
123.80
138.00
124.80
180.60
119.00
118.72
118.40
117.60
117.80
143.20
114.32
115.40
120.60
117.20
116.32
127.52
126.40
157.52
120.72
117.40
117.32
117.60
110.00
137.12
125.52
117.40
148.20
115.40
110.20
120.40
151.80
152.92
155.12
117.12
125.72
126.00
116.40
127.12
116.00
113.92
133.00
128.92
130.00
125.60
130.40
112.60
135.52
124.60
152.20
123.92
134.32
174.20
126.32
126.72
127.12
123.20
118.00
122.92
123.32
137.00
130.00
130.72
151.00
131.32
130.92
131.60
134.72
129.72
133.80
123.12
124.32
123.00
116.40
132.32
123.72
118.32
118.52
115.92
113.32
117.72
117.32
116.72
115.80
115.12
101.00
161.40
127.80
162.52
118.32
117.92
135.40
121.92
118.80
115.32
118.20
112.92
115.40
116.80
138.60
115.32
114.40
126.32
117.32
116.20
117.60
117.12
101.12
125.60
118.80
124.92
117.20
110.00
137.60
116.40
116.52
142.32
140.72
117.12
124.32
165.72
138.12
117.40
116.12
117.20
116.60
115.80
144.80
116.52
113.20
116.60
116.52
125.80
115.12
110.60
133.92
118.80
117.60
144.40
118.32
111.20
122.60
157.52
169.12
159.12
127.32
122.92
129.32
130.92
128.40
127.80
115.20
150.80
127.32
153.72
204.80
126.12
112.12
123.92
121.40
150.00
121.12
109.52
127.12
116.40
115.20
124.00
127.92
111.12
127.00
116.60
161.60
125.60
111.72
138.80
119.92
120.00
144.80
117.20
116.52
124.92
117.72
121.52
117.72
113.52
128.40
118.12
124.00
162.32
119.52
116.20
134.72
117.80
116.60
117.00
116.60
98.72
117.32
116.20
194.60
201.72
183.60
208.32
190.52
145.52
128.12
120.12
120.00
117.92
119.32
125.12
115.72
115.92
134.00
115.32
124.20
122.12
148.40
114.12
127.72
117.92
127.00
127.52
162.52
135.32
118.20
118.20
121.92
119.12
110.60
129.60
117.52
119.20
115.80
116.80
99.92
115.20
117.80
138.72
126.20
113.12
119.32
125.92
132.60
122.20
131.52
123.20
138.40
133.00
153.80
136.12
130.92
146.00
156.20
156.60
208.60
149.12
134.72
122.72
121.80
128.60
127.12
122.32
145.60
129.72
138.60
130.40
134.32
123.60
132.32
122.80
125.40
125.32
161.00
118.52
118.60
122.40
132.72
114.72
116.12
117.12
117.40
116.92
115.60
109.92
106.32
116.60
127.60
147.20
115.92
124.52
165.80
120.72
120.60
116.60
117.72
114.32
115.72
117.12
118.80
115.20
113.20
137.40
115.80
117.00
118.40
141.40
136.32
121.72
128.80
148.60
119.72
119.92
140.80
119.20
120.72
125.00
117.52
116.00
204.72
119.12
119.60
118.12
112.52
144.52
166.52
118.52
146.52
117.12
115.52
117.12
116.80
119.00
117.32
115.32
131.40
116.52
116.00
162.52
169.60
118.92
131.72
124.80
131.00
131.92
213.20
147.40
141.92
133.52
155.92
131.20