Measuring voltage and current with INA219 ...
168.12
137.32
208.20
170.20
175.20
189.72
149.60
153.80
153.60
151.92
180.92
186.92
147.40
195.12
168.52
170.72
247.20
173.12
254.92
201.12
157.00
215.20
152.00
141.92
158.60
164.12
161.00
172.92
160.72
149.20
208.72
146.20
218.40
160.20
156.12
167.40
152.60
143.92
198.80
155.00
144.92
181.52
147.80
186.12
192.72
143.00
141.12
155.40
138.20
209.12
136.52
140.80
186.60
146.12
183.52
203.12
144.72
150.80
146.92
135.52
166.80
160.60
137.92
155.92
147.60
139.52
206.32
133.80
157.00
200.00
133.60
194.00
137.00
136.32
162.32
145.20
158.60
220.12
142.60
134.80
205.00
136.60
172.60
198.52
186.52
156.60
182.60
138.52
221.92
213.52
151.92
162.52
139.00
152.12
204.32
133.32
138.32
146.80
177.60
234.52
146.40
142.80
175.40
138.20
155.32
245.32
203.00
161.12
205.92
134.52
203.12
210.60
136.40
169.32
156.92
165.00
171.12
155.80
228.12
218.92
174.12
225.92
160.20
150.12
176.52
183.60
173.40
214.00
230.12
155.40
155.72
153.40
238.00
238.60
196.72
212.00
265.00
225.52
295.92
259.40
251.52
330.40
251.80
355.12
452.12
342.00
327.32
210.60
221.60
364.12
209.72
212.72
380.72
234.60
320.60
230.12
182.60
200.40
271.40
205.32
276.80
287.12
261.72
237.72
195.80
227.00
278.80
188.32
304.60
225.00
224.80
321.12
202.72
170.72
172.72
170.12
174.40
235.20
116.20
140.32
119.72
121.52
173.80
201.32
136.60
125.00
122.12
121.60
220.80
166.60
222.92
251.40
388.40
332.60
303.72
271.72
246.00
236.12
252.52
353.60
319.32
378.20
386.60
380.32
449.12
355.80
327.20
465.12
539.12
504.72
613.00
497.20
590.40
627.60
604.40
635.40
660.20
620.52
662.40
683.20
694.00
711.72
677.52
716.72
718.00
274.92
409.52
792.80
764.32
777.92
212.00
246.80
482.52
370.00
209.20
268.12
204.72
321.40
333.92
268.80
191.92
215.32
197.92
189.60
306.12
179.00
227.52
212.72
376.40
313.00
160.20
187.52
169.00
175.32
297.32
188.72
167.00
172.00
406.00
423.12
172.40
161.72
169.52
194.12
173.60
171.32
312.32
229.32
235.00
204.80
194.32
358.80
192.20
187.52
222.92
189.80
188.52
177.00
169.00
216.80
226.80
181.80
188.92
201.00
181.60
173.52
177.40
190.20
242.80
187.60
185.32
184.20
214.52
189.20
182.12
186.40
205.52
196.40
180.32
207.92
187.92
194.20
198.12
177.92
189.32
180.72
170.00
187.52
255.00
198.72
155.40
159.12
167.80
193.72
187.20
194.80
203.72
190.92
189.60
179.40
179.12
183.40
167.92
181.80
186.52
185.52
180.60
223.12
172.52
181.40
181.12
179.60
167.12
171.20
177.12
169.12
164.60
211.40
222.00
187.60
186.32
189.60
184.60
188.20
174.00
191.80
195.92
182.80
196.52
154.80
190.00
116.32
138.20
118.72
124.80
120.40
118.32
118.92
119.72
156.80
157.20
128.72
138.20
153.32
133.12
131.32
134.80
122.12
132.72
129.92
116.20
98.20
107.92
122.32
144.00
120.80
123.92
161.72
133.92
135.60
134.00
134.20
146.40
229.00
132.72
222.80
195.60
152.00
212.80
166.92
201.00
215.32
200.00
176.92
153.40
115.72
131.52
119.92
124.92
156.12
127.60
140.52
175.60
131.00
144.92
132.72
119.72
126.20
132.32
124.32
112.40
110.20
116.12
140.12
132.40
137.72
154.72
123.80
134.20
134.20
135.32
126.32
132.00
128.80
161.20
124.12
140.40
157.60
160.40
125.72
148.20
131.60
133.92
123.92
173.40
119.12
116.12
118.12
142.20
122.00
131.40
137.92
130.92
145.12
131.20
123.92
134.80
134.80
141.12
149.00
117.32
118.52
135.92
117.72
115.72
114.00
115.00
118.12
135.60
129.60
121.72
130.00
193.20
156.60
129.32
166.80
127.80
128.20
135.92
128.32
118.40
126.00
155.40
112.12
126.60
132.20
143.00
143.72
168.32
137.92
136.32
139.20
126.20
140.20
134.32
140.20
140.12
136.52
167.00
145.92
120.12
120.80
119.32
140.32
120.00
126.92
178.52
126.40
133.12
123.32
150.20
170.20
156.72
137.00
144.32
204.60
136.60
138.12
131.00
126.72
125.52
115.40
120.32
169.80
150.52
144.12
223.12
166.92
142.40
136.20
136.80
125.92
127.52
128.20
135.72
132.12
146.72
153.32
142.40
154.12
196.52
136.52
142.20
186.52
122.32
142.20
118.40
120.52
177.80
120.52
135.00
147.92
143.00
135.12
135.32
135.72
127.92
137.92
144.80
197.92
118.80
123.12
152.12
122.12
142.60
121.52
126.60
123.72
130.20
136.20
138.72
125.72
136.32
171.20
191.52
146.12
165.20
131.12
137.12
133.12
120.20
114.40
137.32
145.32
169.20
142.80
152.00
141.20
144.80
136.40
163.32
157.20
151.12
122.72
154.72
184.20
126.72
152.20
157.00
145.80
126.72
118.92
125.00
124.32
151.40
117.12
129.52
117.60
134.92
155.52
133.92
182.12
175.20
147.92
131.40
142.40
127.52
139.72
142.80
129.80
100.92
108.40
128.00
144.60
129.32
130.80
126.00
122.20
128.12
124.40
127.12
126.52
120.00
129.00
153.12
220.72
135.60
147.32
130.72
126.40
132.00
129.00
146.12
185.12
124.72
117.60
114.40
115.52
156.12
131.40
120.40
128.52
126.12
134.60
116.40
125.52
130.72
131.12
141.72
122.72
108.60
118.00
138.92
120.00
116.00
116.80
116.40
117.60
126.92
120.72
127.20
127.72
137.92
152.40
131.72
143.72
164.72
183.52
134.80
134.60
130.40
101.40
104.72
124.00
119.60
121.32
119.32
142.00
132.52
135.92
130.52
131.00
136.60
128.00
151.12
157.60
131.92
133.72
150.92
119.32
119.80
130.52
120.40
178.80
114.92
117.60
119.40
115.20
120.00
154.32
141.72
188.72
156.20
134.60
144.72
134.20
147.20
134.80
134.92
132.80
125.80
107.40
115.00
133.72
128.92
133.20
155.40
125.80
135.20
124.92
124.40
113.20
124.52
126.52
160.20
130.40
136.80
147.80
138.00
130.52
137.60
131.32
133.00
120.52
125.92
172.32
118.40
117.12
141.80
140.80
125.72
150.20
125.00
131.12
125.72
176.12
126.60
124.12
134.20
147.00
118.00
116.32
130.80
115.92
129.32
129.40
113.72
117.80
138.40
134.00
115.00
125.40
132.92
151.52
127.80
136.52
128.60
124.80
165.80
180.00
118.00
121.12
110.92
112.72
136.40
118.12
130.12
129.72
115.20
132.12
133.60
127.20
130.00
134.92
130.32
130.92
132.00
133.52
164.20
132.12
117.12
115.72
118.60
118.52
109.60
116.12
119.92
117.12
138.52
125.00
120.80
126.32
155.00
175.80
133.72
133.20
126.52
124.32
126.60
125.12
112.32
111.60
161.20
169.52
164.00
211.92
230.60
229.32
233.52
261.72
279.12
243.72
185.80
124.92
142.20
132.20
132.20
152.80
136.72
133.00
120.92
129.32
126.52
125.72
127.00
122.00
121.60
165.52
148.20
122.40
131.32
143.92
132.80
122.72
127.80
130.80
130.92
136.92
127.40
131.12
146.00
118.92
174.00
116.60
141.20
148.92
115.52
118.00
121.52
130.32
143.12
116.00
126.40
134.32
123.72
126.32
152.52
122.00
143.40
129.20
119.00
115.60
148.20
118.52
144.92
116.20
119.32
141.00
126.72
159.32
132.32
130.00
132.32
128.60
126.60
147.40
125.00
125.60
148.12
117.00
117.60
139.60
116.52
121.32
118.00
118.00
117.52
115.52
128.92
155.12
122.12
132.32
133.92
133.52
140.92
158.20
180.60
209.52
210.20
175.52
99.72
109.00
118.92
146.20
158.72
135.40
126.72
130.72
133.40
131.72
137.52
148.80
158.52
127.80
148.52
131.20
129.32
135.52
120.32
124.00
140.40
122.60
123.20
125.00
121.60
149.00
118.20
117.40
151.40
138.72
192.00
132.00
140.92
132.60
124.20
123.40
133.72
122.00
141.20
126.32
109.72
118.32
134.80
117.12
116.00
117.80
115.32
125.12
121.92
124.72
123.92
130.20
133.80
152.80
131.40
142.52
136.00
120.72
138.40
147.20
118.12
118.80
118.20
118.92
165.40
123.40
119.00
138.32
125.40
140.20
130.32
131.00
128.00
127.12
127.72
127.92
127.40
124.92
160.72
123.20
117.20
124.92
117.80
115.80
119.40
114.32
118.20
125.00
116.40
109.20
130.80
152.20
152.72
125.20
143.32
132.12
129.72
146.40
192.12
127.52
138.60
121.80
134.40
141.32
132.20
132.12
146.00
125.12
131.32
176.52
131.80
118.80
132.40
133.20
166.20
155.12
149.32
156.60
164.72
158.00
148.20
129.52
132.72
152.60
125.60
133.00
162.00
144.00
158.92
133.72
144.12
148.40
172.52
167.40
155.72
135.72
138.80
139.40
139.52
162.40
135.20
140.72
163.40
127.72
147.40
140.32
118.72
125.32
122.00
122.80
121.12
111.52
118.72
144.12
122.60
138.52
150.92
133.92
129.92
131.40
124.60
123.32
121.32
120.00
148.80
131.20
172.40
134.72
115.20
117.72
130.92
116.60
116.80
123.12
118.40
130.60
130.60
134.92
165.92
139.40
134.00
132.12
131.12
140.60
133.12
131.32
120.80
116.52
116.40
119.20
115.00
115.80
138.00
169.52
120.80
133.52
122.52
125.20
127.00
125.40
237.12
183.20
171.20
209.80
181.20
143.92
121.00
137.20
120.20
119.80
120.52
117.92
117.60
115.80
121.40
130.52
132.40
146.40
132.00
124.12
125.12
124.60
118.72
125.92
123.32
128.80
118.32
123.92
137.40
107.20
116.80
123.40
116.32
125.92
130.00
143.80
171.40
131.92
124.40
112.40
124.20
124.92
149.80
125.80
136.40
129.12
114.00
118.12
117.00
125.00
131.52
112.32
111.80
136.52
124.12
134.52
146.40
127.40
150.92
133.12
130.32
116.00
131.92
132.60
141.60
134.00
116.72
141.92
121.80
164.92
119.32
122.12
121.72
113.92
130.92
158.80
193.60
134.00
115.32
119.60
131.92
154.40
120.92
129.80
130.52
128.20
127.92
121.92
203.52
141.52
112.32
113.00
141.60
116.60
136.60
139.60
128.40
124.80
136.80
125.00
116.20
121.80
145.72
205.40
134.12
137.60
159.20
133.80
139.32
134.72
132.80
135.92
127.52
123.20
157.20
128.72
137.40
142.92
124.72
127.20
192.00
125.32
125.80
137.32
131.72
119.12
117.52
118.20
141.72
119.32
117.80
156.32
188.20
196.40
205.40
197.40
190.00
275.00
172.80
285.20
125.72
130.72
144.32
127.72
130.52
142.60
162.00
144.52
155.32
151.00
129.00
135.40
138.40
233.80
196.52
193.12
167.00
155.80
144.60
157.20
195.40
135.80
130.52
121.72
131.72
116.40
117.40
141.72
116.72
118.52
120.52
165.52
126.20
121.00
118.92
134.80
132.20
132.20
163.00
152.32
132.12
155.00
135.72
132.00
120.60
118.80
117.00
116.20
126.52
114.32
114.72
117.72
142.72
128.72
136.40
134.40
133.00
133.32
138.60
132.92
142.40
129.80
130.72
175.32
138.92
156.60
195.60
114.52
117.72
113.32
118.00
103.60
118.80
114.12
120.92
128.12
124.12
149.20
133.92
123.60
126.72
125.00
130.40
120.92
123.52
132.72
117.20
116.72
111.32
111.80
117.52
139.12
117.72
141.40
129.80
134.52
131.92
131.32
135.32
192.92
171.12
127.12
159.32
131.20
156.92
124.32
109.92
115.00
120.52
122.72
110.20
117.40
119.72
144.80
123.20
129.80
154.12
129.72
137.32
128.32
126.80
131.00
118.92
128.52
157.72
118.80
131.92
132.60
109.40
116.40
133.92
138.92
131.32
134.12
160.00
146.40
133.60
125.12
155.92
123.60
123.92
153.12
123.92
132.40
127.12
115.92
118.00
116.12
118.72
126.12
107.40
118.52
156.92
120.40
124.12
152.40
130.40
132.92
135.20
133.20
119.80
129.40
129.60
157.20
132.32
138.00
129.00
151.80
192.52
144.32
132.40
132.80
131.60
129.12
138.32
126.00
130.80
161.72
134.00
218.20
155.20
132.32
134.20
131.20
130.52
134.92
131.52
197.12
156.92
129.12
129.72
139.52
119.52
119.92
130.92
123.12
130.92
122.60
125.92
148.20
189.80
167.40
249.60
129.12
129.32
168.32
208.80
120.32
123.40
114.40
151.20
123.80
116.52
150.72
130.32
142.12
147.52
127.12
149.72
141.52
145.12
164.52
128.00
124.52
138.72
121.92
121.12
153.00
124.20
128.40
125.72
128.92
126.20
138.80
128.52
164.72
185.72
131.52
125.92
121.72
126.80
144.40
132.20
131.20
134.60
111.60
114.92
116.52
116.72
111.72
111.72
113.40
147.12
122.12
137.00
135.92
125.72
135.52
143.92
133.72
127.72
123.60
126.52
124.60
128.32
122.12
138.20
115.92
116.40
134.80
183.92
152.40
114.72
124.80
160.40
130.80
131.52
148.80
113.52
131.20
141.00
130.00
121.20
132.52
131.52
124.32
115.20
120.12
138.80
170.32
190.32
222.60
238.12
144.32
223.40
143.92
149.60
129.20
133.92
181.80
117.00
158.72
150.40
159.00
164.32
147.80
172.20
130.52
139.32
145.80
125.40
115.40
126.92
183.52
129.12
143.00
153.12
136.12
132.52
180.52
145