Measuring voltage and current with INA219 ...
239.00
177.72
154.40
160.92
150.60
166.92
286.80
149.72
150.52
168.80
147.52
267.32
152.12
134.20
211.40
123.12
149.00
252.12
182.60
171.32
215.80
131.40
211.80
236.60
139.32
190.40
132.52
147.92
243.92
147.40
142.92
220.80
142.60
218.72
335.52
142.20
175.40
142.80
143.52
231.60
149.12
175.52
151.60
133.72
155.40
313.60
180.00
141.80
154.92
138.60
244.32
163.60
154.00
226.60
161.60
198.12
238.40
157.00
199.32
201.32
148.12
248.20
305.80
205.92
261.80
203.92
240.32
310.80
232.60
292.12
308.00
243.40
427.80
508.32
205.60
248.40
228.72
218.92
281.60
371.20
254.32
228.72
231.80
354.92
286.92
329.32
248.52
211.92
195.72
314.12
213.40
205.72
212.92
215.80
257.92
299.32
312.72
257.12
216.52
224.12
335.20
168.80
158.00
121.80
117.92
154.20
172.00
120.92
123.72
118.40
123.32
175.80
122.52
127.32
197.52
177.92
233.80
285.40
348.20
227.72
229.12
272.80
348.60
225.92
259.52
322.80
325.20
373.52
491.00
404.60
317.20
339.00
314.32
564.40
327.00
570.80
516.00
500.92
603.00
639.80
634.60
670.00
525.92
594.52
676.00
683.32
711.32
708.32
717.00
741.20
773.12
751.20
756.80
216.40
224.72
206.40
497.60
195.92
206.92
200.52
373.32
258.80
173.20
188.12
220.80
179.80
183.80
249.12
215.12
174.80
192.60
232.92
235.80
207.80
281.60
212.52
322.20
182.00
272.40
190.32
193.20
197.72
211.92
251.12
212.80
205.52
292.72
189.00
185.32
191.12
186.12
206.12
188.40
172.40
187.12
216.60
214.52
221.72
171.80
173.00
190.32
171.12
178.72
168.32
159.52
299.00
211.00
186.12
217.32
172.72
163.60
187.12
177.80
168.92
318.92
165.32
174.80
176.52
169.32
170.52
300.80
189.00
150.52
167.00
169.12
290.40
263.80
171.92
170.92
174.00
339.52
173.20
171.52
185.32
168.92
168.60
251.60
177.40
181.32
269.60
227.20
177.32
175.00
174.20
280.52
255.80
253.60
264.80
246.92
203.52
199.60
248.52
184.40
208.20
179.20
197.92
215.12
196.40
200.00
191.52
187.92
163.72
273.52
179.92
200.52
171.80
176.60
169.00
168.52
171.60
166.72
164.32
193.60
185.72
165.60
186.40
166.12
167.72
196.80
191.12
184.92
183.92
184.40
153.80
173.60
176.60
210.00
185.92
164.60
206.72
177.12
177.60
182.52
161.00
179.12
178.60
222.32
248.20
162.52
171.20
176.00
209.32
166.92
182.92
155.92
173.80
196.00
197.32
198.52
187.52
158.32
188.52
220.72
165.32
193.80
161.80
171.12
164.12
161.80
196.40
123.92
110.80
120.72
118.12
118.72
141.00
109.80
115.00
139.12
116.40
117.52
128.20
110.92
114.52
137.00
158.92
147.52
114.52
131.12
121.20
147.00
206.52
344.20
208.80
208.92
217.92
123.60
122.00
121.00
120.72
154.00
204.72
158.40
180.40
119.20
133.32
129.80
129.60
131.60
128.80
126.12
140.92
129.80
124.20
137.32
122.40
117.12
119.20
130.60
122.12
123.20
115.60
103.80
117.12
118.92
147.00
121.72
132.52
135.52
135.92
139.80
133.00
125.72
126.52
133.92
130.32
147.32
180.80
120.40
140.32
123.92
122.72
122.40
120.92
107.72
125.92
123.40
125.60
117.12
114.60
191.92
338.80
116.72
124.32
113.20
145.00
164.32
122.92
132.20
122.52
150.92
131.20
127.72
123.80
157.72
110.92
115.40
153.32
217.20
158.80
161.20
161.52
190.72
122.72
123.12
144.32
117.32
134.40
153.92
141.72
134.60
127.92
130.60
114.40
144.40
137.60
136.52
133.00
126.32
149.40
121.80
123.00
122.40
108.00
163.32
137.40
125.00
143.92
120.80
129.20
127.92
144.12
139.32
151.52
134.60
179.52
224.52
130.00
127.80
180.60
125.52
151.80
120.32
118.12
146.92
115.52
129.12
197.92
150.00
123.12
120.32
127.00
121.72
127.80
122.20
139.20
114.40
120.52
237.72
137.60
140.32
138.32
123.72
155.72
137.40
147.72
165.60
129.92
143.32
179.72
152.52
233.40
217.72
144.92
129.52
128.12
126.60
123.52
123.00
119.80
153.40
131.20
185.00
130.32
121.20
128.52
117.80
117.40
127.12
117.80
112.20
134.52
147.12
155.32
125.92
114.00
116.12
118.72
120.12
118.20
170.00
115.80
113.32
128.92
131.80
162.40
111.20
118.00
150.20
151.72
159.40
150.20
114.80
122.00
119.92
118.40
129.60
116.32
114.80
130.32
117.00
125.12
118.00
113.00
99.32
128.40
118.52
119.00
118.12
113.12
149.52
131.72
134.40
130.92
126.92
134.92
142.60
159.20
194.20
132.40
131.20
126.60
116.00
117.72
142.20
122.52
114.20
123.40
121.32
119.52
119.12
115.20
120.80
119.60
118.20
142.80
113.80
130.40
147.72
129.32
132.52
131.20
161.72
120.52
131.72
128.20
182.40
140.20
117.60
144.92
120.52
173.52
183.12
111.80
123.00
124.80
122.00
164.40
114.80
113.92
124.00
117.20
117.12
129.52
107.72
133.32
121.40
119.00
119.72
117.80
116.20
142.80
117.80
117.20
143.60
114.92
124.80
118.12
120.12
120.72
118.52
115.72
125.92
122.72
128.12
152.72
164.60
116.12
140.20
125.52
119.40
116.00
107.12
115.92
115.60
144.40
144.72
114.80
127.52
144.32
151.72
152.12
155.80
117.80
147.00
153.80
123.12
148.32
122.52
134.20
147.20
136.92
138.12
168.20
161.72
122.72
133.60
143.60
165.32
157.20
177.80
160.20
117.12
114.72
123.00
120.32
119.00
132.12
119.20
175.52
117.80
189.32
152.52
198.32
185.40
229.12
122.80
144.92
143.60
131.52
128.20
157.40
127.12
131.52
132.32
134.72
147.72
131.12
123.00
135.12
131.52
130.20
123.72
123.80
149.52
127.32
125.52
125.20
121.52
113.12
144.72
118.32
116.80
116.00
120.40
131.72
118.00
118.80
118.92
116.92
121.60
115.40
120.80
120.72
162.72
113.00
112.80
118.80
118.80
117.72
132.80
109.52
112.40
118.40
119.72
147.00
116.52
130.20
154.32
123.20
117.00
115.80
116.40
108.32
118.72
117.52
115.92
115.52
113.20
142.20
116.60
120.32
116.72
109.72
117.92
136.12
131.12
144.60
116.40
114.60
135.40
161.60
165.00
223.20
122.40
120.92
125.80
131.60
123.80
129.20
120.80
172.72
147.72
174.92
147.92
153.52
122.52
116.72
117.32
124.92
113.72
113.20
128.60
115.40
124.60
123.92
142.40
140.52
148.20
135.12
133.32
129.80
122.60
119.72
132.20
146.00
158.72
138.92
128.60
149.40
123.92
136.12
127.52
128.12
121.80
124.32
150.72
200.52
194.40
116.32
138.00
114.52
115.52
138.32
115.20
117.72
122.32
123.72
124.32
120.80
116.20
143.80
119.52
122.72
123.12
114.52
120.32
128.52
118.60
117.12
116.72
112.80
102.20
117.00
127.12
152.40
114.12
116.72
118.32
117.40
129.72
165.00
120.00
119.32
118.40
149.20
173.92
121.00
123.20
130.60
119.80
115.32
116.12
109.80
114.60
117.72
115.52
117.12
116.32
146.52
188.80
130.60
135.92
133.20
132.00
216.20
176.72
173.12
130.20
125.40
140.32
137.72
163.00
172.60
227.52
182.12
130.32
125.72
123.12
116.80
119.60
110.00
116.20
117.92
123.40
144.80
116.92
129.20
134.72
183.40
133.32
122.12
131.72
130.80
125.32
134.80
131.60
127.52
117.72
146.92
123.72
128.12
123.72
117.52
123.92
122.92
133.32
129.72
129.72
161.60
135.72
118.12
118.40
129.52
111.72
123.52
120.20
119.40
117.20
117.72
115.12
100.92
119.92
119.32
144.20
115.72
130.20
117.72
118.60
121.20
171.60
119.32
133.00
118.12
122.72
127.20
116.20
115.72
134.60
116.60
117.80
124.60
113.32
145.60
118.12
118.52
146.40
117.80
114.32
143.40
118.32
116.80
119.52
112.72
116.32
128.52
118.92
126.40
116.32
122.92
143.92
126.72
137.80
153.52
130.00
130.32
135.00
135.60
133.72
159.20
145.80
214.32
181.52
166.20
145.32
140.40
212.12
255.92
161.80
123.52
123.72
115.32
112.52
157.40
156.72
179.32
122.20
125.52
147.92
162.00
139.32
133.20
136.12
134.20
138.32
162.80
152.20
133.20
128.00
136.00
124.20
121.80
150.52
117.32
117.20
124.20
124.12
124.32
117.52
111.92
146.60
155.60
136.40
148.80
125.00
129.40
119.52
125.32
119.32
116.40
115.60
114.52
117.40
115.92
133.12
110.60
111.92
118.60
117.40
118.72
119.60
111.00
111.80
119.40
118.72
148.80
116.32
121.72
119.60
117.72
121.52
115.92
114.60
110.92
145.52
128.12
159.32
119.00
119.92
140.80
125.32
116.60
117.60
116.60
111.32
127.72
119.20
122.20
116.52
163.52
143.20
132.00
135.60
143.40
123.72
126.20
135.00
129.52
126.72
125.00
114.20
111.40
118.60
146.12
170.20
153.80
146.52
143.12
159.60
164.12
167.52
208.00
173.32
186.52
167.72
152.40
130.72
116.32
145.60
131.00
132.12
145.80
125.52
115.80
163.00
204.60
192.60
199.32
127.32
149.52
122.92
121.40
130.00
120.40
125.52
125.72
123.40
146.12
183.00
180.00
229.72
181.32
195.20
189.92
213.60
154.20
155.60
130.60
128.32
114.00
119.12
143.00
118.52
117.52
142.40
119.92
127.52
123.12
117.60
116.72
118.92
107.80
104.00
117.60
116.60
150.80
117.32
118.52
142.40
118.00
120.12
117.60
119.12
115.80
116.92
117.40
139.80
132.92
172.20
195.20
114.92
123.40
133.40
116.72
112.80
137.92
117.60
117.20
118.52
111.32
144.92
130.32
130.60
133.52
130.20
144.40
180.72
137.00
144.00
127.60
128.20
124.60
116.40
117.12
131.00
122.32
111.40
117.72
116.52
117.12
117.20
163.40
163.00
122.40
136.60
146.12
118.32
128.32
123.80
132.40
131.52
130.72
126.72
127.00
131.52
130.92
133.00
129.52
114.52
144.80
124.32
124.40
124.52
122.80
115.40
136.20
156.40
160.20
150.80
119.72
140.52
118.12
116.60
124.32
109.40
120.32
175.40
130.72
117.52
115.60
172.40
185.00
128.20
142.12
189.12
120.32
177.32
138.72
139.40
127.40
121.72
141.80
135.80
159.32
150.72
171.32
147.60
142.00
222.52
189.60
150.32
126.92
154.52
130.12
203.92
232.12
313.92
233.80
201.32
282.52
455.32
271.80
285.20
242.00
255.20
136.92
169.32
152.52
139.40
126.00
130.00
137.92
153.60
159.60
134.52
184.20
138.80
203.60
170.52
149.72
128.20
169.80
175.80
150.60
159.20
130.80
160.52
128.20
152.80
156.92
133.60
116.72
118.20
137.80
166.32
174.40
197.52
177.72
216.32
183.92
170.72
130.00
146.20
158.12
146.92
136.32
157.00
155.20
141.32
157.72
132.32
142.32
155.92
171.60
116.32
151.40
134.20
134.92
152.32
118.72
179.00
152.52
141.12
120.92
157.72
137.80
148.60
167.60
196.00
249.72
117.20
138.32
171.92
171.40
203.60
124.32
117.72
140.52
126.92
140.60
118.40
155.40
146.52
133.80
122.32
155.92
143.92
141.20
151.40
154.32
160.00
129.40
178.20
131.12
145.12
156.00
125.12
141.20
194.32
178.92
124.72
139.32
163.60
210.00
128.72
179.72
144.40
145.52
135.52
122.12
197.32
133.52
160.72
144.52
130.72
133.12
125.72
176.60
131.52
148.80
156.12
122.32
121.00
123.92
164.60
120.00
167.92
142.12
133.92
142.72
130.00
121.20
140.60
136.80
141.00
143.32
146.12
180.12
140.60
127.80
127.72
198.80
124.80
141.00
175.80
125.72
128.72
121.72
115.72
145.40
118.72
126.52
124.00
113.60
120.52
118.72
116.52
131.72
116.32
109.80
112.60
117.00
117.12
139.72
121.12
115.72
118.20
118.12
158.32
118.92
124.12
193.80
129.60
120.32
146.32
117.12
133.60
123.72
149.80
157.20
150.20
107.52
161.32
117.80
116.32
149.60
120.72
109.12
137.92
116.32
114.72
115.32
115.32
111.72
117.92
127.52
153.32
118.72
128.12
138.92
118.12
118.12
130.00
116.32
116.20
163.60
119.92
117.72
118.72
115.40
145.20
130.12
160.52
159.00
131.80
138.52
136.92
132.20
133.92
134.12
122.72
134.52
121.00
122.32
131.72
125.92
114.40
137.40
119.40
131.12
129.32
131.40
125.80
132.80
132.12
151.80
132.60
126.60
136.12
177.32
188.60
137.32
117.92
117.80
122.72
123.80
149.80
153.72
111.12
141.12
117.72
116.12
116.72
113.92
115.92
116.80
115.72
118.52
115.92
117.12
142.72
117.12
117.60
120.80
112.72
166.20
120.32
120.80
118.80
133.12
111.20
101.80
125.92
130.80
154.12
117.72
118.60
135.20
142.80
117.72
116.20
110.40
113.12
126.52
132.72
207.92
175.32
185.52
197.32
187.92
211.12
148.12
114.12
98.20
120.52
118.72
116.52
117.00
114.52
141.12
115.32
115.92
140.12
110.52
114.32
129.60
122.12
149.72
167.92
110.92
120.92
131.52
138.00
146.52
124.52
130.80
129.40
132.92
130.92
134.00
132.20
123.32
119.72
116.12
145.20
117.32
121.60
122.72
124.52
134.72
132.32
121.92
135.40
133.72
132.12
130.52
155.92
128.12
154.92
131.52
123.12
149.72
209.52
147.72
161.60
196.60
195.32
128.20
117.72
189.40
115.92
114.60
164.40
116.12
114.20
127.60
122.80
122.52
120.12
118.00
154.12
134.80
129.40
155.20
130.32
130.20
116.92
117.92
120.40
116.00
134