Measuring voltage and current with INA219 ...
212.20
164.20
202.32
153.00
222.12
235.00
156.20
191.52
165.80
152.20
251.40
217.20
229.40
186.32
161.40
171.60
184.40
169.20
180.80
173.12
149.80
225.00
172.80
142.80
210.12
171.00
169.40
223.52
223.60
207.52
231.32
164.80
213.72
247.60
154.80
180.92
203.20
159.80
186.80
164.52
186.00
217.92
145.92
182.00
157.60
191.40
171.12
180.92
171.00
221.60
151.92
168.20
227.32
195.12
174.00
238.00
142.32
165.72
162.60
148.72
226.00
284.40
220.12
175.60
152.12
197.00
251.12
235.52
158.72
202.80
145.92
239.72
291.60
151.52
193.32
154.12
171.12
228.52
181.40
167.52
156.72
137.52
181.20
214.92
143.32
215.40
170.20
209.52
223.72
247.32
168.92
147.92
133.60
205.72
159.92
142.20
165.12
159.52
146.32
164.52
146.00
191.40
213.72
158.40
225.60
248.32
193.72
191.72
244.32
232.52
288.52
285.00
274.00
321.60
288.92
391.00
572.12
512.40
390.40
271.00
271.20
421.52
298.80
282.92
441.72
346.12
422.72
305.52
254.52
237.72
232.12
221.20
345.60
262.32
230.12
271.52
179.80
206.40
258.12
192.32
280.00
245.72
203.20
277.60
221.40
139.32
145.32
135.00
121.60
221.40
129.72
120.52
125.40
120.00
171.12
270.12
344.20
235.32
251.00
384.92
272.60
296.72
286.80
274.80
236.80
308.00
354.12
353.40
377.92
382.92
401.60
446.80
341.92
335.12
497.72
335.60
469.00
522.12
608.20
630.32
590.92
594.92
649.40
665.32
604.80
674.00
657.40
672.92
705.32
691.00
716.72
756.80
755.32
755.00
313.52
180.00
332.60
176.72
237.92
320.40
207.60
200.20
257.80
194.20
210.20
198.20
212.20
236.80
259.00
167.60
237.00
171.00
172.40
170.80
201.00
214.72
205.40
170.92
179.92
163.72
165.60
219.32
171.12
173.40
178.60
170.40
187.32
169.80
170.12
167.72
189.00
183.00
151.92
175.52
168.80
193.80
166.00
176.52
170.32
218.92
171.80
165.00
171.92
189.72
173.20
168.00
182.60
166.72
175.92
183.40
169.32
168.80
169.80
161.52
153.92
168.00
173.32
191.32
185.80
182.20
215.32
188.40
190.72
193.72
171.00
204.12
254.60
170.52
194.40
181.20
229.80
172.52
185.12
190.72
219.92
184.32
186.52
167.80
171.40
172.72
157.60
162.20
244.80
201.00
186.40
191.72
157.12
179.00
176.60
170.92
168.00
165.00
187.52
153.52
165.52
162.20
216.80
193.20
148.92
156.80
129.32
134.72
132.00
156.72
213.40
222.12
243.92
223.12
154.00
127.00
137.00
126.52
131.32
147.00
126.52
125.40
119.60
120.12
115.80
107.52
111.80
146.00
178.52
118.92
147.32
124.60
182.72
120.92
118.20
121.00
117.00
113.52
123.32
208.32
119.12
133.12
124.72
118.20
139.52
118.52
116.80
116.92
135.92
117.12
117.72
117.32
146.72
107.80
131.12
120.12
120.00
144.92
127.52
115.52
118.92
116.32
124.12
133.20
137.12
152.20
215.32
132.60
128.20
131.92
125.52
135.40
124.40
121.52
137.60
118.32
120.32
140.80
123.72
122.52
131.32
116.52
131.80
119.00
118.32
119.80
122.20
112.80
102.60
122.32
117.80
141.92
111.20
153.00
153.00
120.80
120.40
113.80
112.60
124.20
163.12
123.12
145.80
127.92
126.40
140.80
131.32
132.40
141.52
131.00
116.72
124.40
197.00
119.92
108.00
112.20
142.40
116.00
116.72
119.20
110.40
127.80
128.92
117.20
128.52
117.52
115.52
108.60
120.92
122.92
143.12
120.72
116.80
122.60
166.00
122.60
111.12
111.80
145.12
119.40
116.20
141.60
107.40
126.92
121.72
137.52
117.20
117.32
115.60
159.40
346.52
118.80
118.32
109.12
153.40
146.12
169.32
122.00
124.12
115.92
162.20
123.00
137.80
154.60
120.60
143.52
144.20
140.40
168.20
216.72
132.40
127.20
187.92
128.32
126.72
127.92
122.92
161.60
126.32
136.80
151.92
174.20
146.12
125.40
123.52
125.72
121.20
121.32
127.80
122.32
123.40
140.32
119.40
135.52
188.20
134.80
179.40
133.92
131.72
156.20
138.12
136.92
210.52
123.72
156.72
193.52
181.72
135.52
157.80
121.72
138.40
129.20
136.20
124.00
115.00
122.00
195.32
122.32
124.52
121.20
118.00
138.52
122.92
123.60
127.52
118.00
117.92
195.32
122.92
124.00
126.52
118.00
157.12
124.20
122.12
148.80
129.92
157.52
101.80
119.60
120.52
151.72
121.72
128.32
175.20
121.92
122.20
119.00
115.12
147.60
122.12
121.60
144.20
115.20
124.52
142.80
132.92
135.20
135.40
126.00
104.52
120.52
130.72
133.60
120.40
125.20
156.72
122.92
136.40
134.40
147.40
167.92
132.60
122.80
124.12
119.60
121.32
112.32
123.32
182.12
169.80
178.20
151.52
121.92
121.60
152.40
110.40
142.40
117.32
166.72
119.80
146.20
107.12
124.00
150.80
117.12
124.32
114.60
116.32
103.80
114.52
116.20
146.32
133.32
138.72
186.72
119.92
119.32
119.00
115.60
119.20
121.20
116.80
140.20
108.92
113.72
128.40
143.92
118.52
131.40
115.32
122.00
121.52
119.00
119.52
109.20
115.92
141.80
118.12
132.52
143.40
109.52
129.32
124.92
120.60
131.52
114.40
114.92
136.20
165.32
119.12
131.92
114.00
118.20
136.12
116.72
127.52
129.12
114.12
105.72
118.00
118.32
144.12
105.40
133.00
117.80
117.40
117.52
121.12
113.72
118.20
118.60
132.20
190.00
123.52
132.00
155.00
132.20
131.60
165.52
123.00
129.12
137.80
230.00
129.20
115.80
117.72
146.60
122.12
121.20
156.80
119.20
134.20
211.32
119.40
117.20
115.12
114.12
99.72
119.80
117.80
142.20
115.80
123.12
119.00
122.72
117.52
120.72
121.12
123.80
118.32
128.52
150.92
122.72
138.40
199.12
170.12
240.80
162.80
127.40
138.92
132.52
117.80
121.92
113.12
115.40
147.60
124.60
120.32
120.92
116.40
123.52
136.32
120.20
123.20
119.52
118.92
118.32
120.80
125.00
152.72
132.00
136.32
128.32
130.00
146.72
163.20
184.72
194.40
203.72
226.20
248.72
206.32
227.12
170.52
125.52
151.52
122.92
120.32
135.00
125.60
123.00
122.52
117.72
142.80
148.12
133.72
126.52
128.00
120.60
124.00
127.40
139.72
167.80
138.80
135.12
157.52
132.72
140.92
155.60
135.40
132.92
133.20
128.52
135.40
152.52
134.80
157.12
133.12
131.00
175.12
127.52
142.00
125.32
126.72
183.12
120.00
121.00
145.20
126.72
136.32
145.00
141.32
148.72
146.00
124.00
125.40
143.72
121.20
124.40
136.40
130.20
174.12
131.72
150.80
165.60
141.92
141.40
143.80
159.12
200.20
141.12
122.52
129.80
119.52
126.32
148.00
127.00
126.32
194.12
125.40
125.52
125.40
127.92
126.92
116.00
117.80
149.52
123.60
124.72
172.72
121.00
135.32
135.60
132.12
127.80
131.60
125.60
113.00
126.60
127.40
149.40
203.72
189.92
190.00
137.92
145.12
149.52
139.80
220.20
125.12
123.40
162.80
110.72
131.80
134.32
128.80
126.12
123.92
119.60
123.72
123.52
132.72
135.80
122.92
129.12
164.52
142.60
131.32
140.40
126.60
132.72
131.52
133.72
126.52
119.12
119.40
133.72
180.60
125.92
144.00
119.40
128.32
118.20
117.12
115.52
124.80
112.60
111.92
126.32
117.52
144.20
105.60
128.60
121.20
120.60
120.32
116.40
114.80
114.60
117.80
123.60
124.72
123.60
132.60
157.72
142.80
132.60
132.80
130.52
129.52
137.52
208.32
135.00
156.92
112.92
133.72
118.32
116.72
139.52
119.32
131.92
136.60
132.00
122.32
125.72
131.80
115.12
121.12
126.00
142.32
111.40
121.60
115.72
116.52
126.20
110.12
112.92
132.92
125.52
117.72
130.40
112.80
123.12
145.92
121.60
163.80
121.40
116.52
107.80
119.40
119.32
147.92
114.00
115.80
143.40
116.92
118.92
121.60
113.80
121.72
127.00
125.92
139.92
126.60
131.80
151.72
132.60
133.00
165.60
135.72
141.92
135.52
122.52
125.00
121.60
117.32
148.00
121.32
127.92
181.12
123.72
137.32
129.60
117.60
116.20
112.80
115.20
99.60
117.72
119.52
138.80
115.92
120.12
124.60
115.80
116.60
152.92
134.20
128.20
120.80
123.80
155.20
122.00
139.20
149.92
134.92
174.12
195.80
168.40
157.60
156.40
150.60
123.00
161.60
174.20
178.20
152.40
151.12
123.52
121.72
124.32
150.32
123.72
124.60
119.40
133.60
132.52
123.80
128.60
140.72
120.12
143.32
121.00
117.40
119.32
125.52
113.72
119.92
119.20
118.32
145.32
105.12
126.92
118.72
118.12
119.92
118.32
130.12
187.60
120.92
119.12
121.00
114.92
117.92
137.72
116.60
116.52
116.80
112.52
110.72
116.00
149.32
132.60
118.00
119.80
144.60
132.12
134.12
141.60
127.32
132.12
126.52
126.32
123.00
118.60
120.32
105.92
123.40
122.20
147.92
169.40
163.72
169.72
119.40
119.60
110.12
111.72
130.92
127.52
117.20
128.12
110.72
120.52
131.52
118.52
119.60
118.32
113.60
101.60
139.32
126.00
167.60
124.40
127.52
160.52
126.52
125.00
126.00
120.80
128.00
131.32
116.32
127.40
113.00
139.40
143.32
168.60
118.52
137.52
115.80
124.20
117.20
117.80
118.12
106.40
112.92
149.72
116.12
120.32
143.32
106.60
129.60
123.12
117.72
118.12
115.80
114.52
110.72
120.00
120.20
157.80
125.40
119.40
142.92
117.40
116.52
116.72
111.80
120.72
125.60
166.80
145.32
115.72
154.72
124.60
119.60
118.52
129.80
112.12
118.32
117.60
139.32
187.60
225.40
227.92
248.20
211.72
152.40
139.20
124.00
140.12
135.80
136.80
128.40
127.32
118.80
128.40
123.00
123.40
135.72
118.52
127.00
119.20
121.00
159.32
122.72
114.60
112.00
128.12
117.92
144.72
104.80
127.80
118.52
116.92
121.00
115.92
112.52
117.80
116.80
121.72
131.60
131.52
125.92
177.72
127.12
129.72
131.40
122.40
121.12
126.52
127.00
119.72
108.40
109.52
138.32
117.52
118.92
164.52
113.00
117.60
121.40
118.12
118.40
116.60
116.32
101.32
117.52
132.92
148.12
118.80
126.40
118.40
125.52
129.32
111.52
111.72
138.80
116.60
118.00
131.80
107.60
122.92
129.32
130.72
136.92
138.32
163.72
106.20
120.12
120.80
127.00
119.80
134.32
143.72
158.00
117.00
117.12
113.20
136.20
118.92
119.72
144.00
121.52
132.80
125.40
130.72
125.32
164.52
129.20
122.00
130.40
131.00
125.32
113.72
121.32
173.60
161.80
167.60
191.52
144.60
160.00
157.20
229.40
197.72
212.60
185.20
145.32
151.92
142.92
137.52
112.20
137.20
144.40
148.72
120.60
118.92
113.20
121.92
117.00
120.12
157.00
118.52
139.40
154.80
126.92
125.60
138.92
130.80
126.72
126.52
117.00
117.92
110.80
123.32
142.80
117.20
117.72
117.32
114.52
143.60
166.72
120.40
120.00
112.52
114.72
128.32
117.20
121.72
129.32
112.20
174.92
153.60
118.12
118.20
121.12
137.52
104.32
118.00
145.52
144.00
110.20
125.60
123.12
117.92
119.40
122.52
134.32
141.20
182.52
129.20
136.32
127.40
129.12
160.32
168.40
119.00
116.60
113.00
106.60
116.32
131.72
129.92
115.40
134.72
148.72
130.52
131.00
132.32
135.32
132.12
134.20
126.60
125.92
122.52
123.32
106.72
123.12
123.80
145.20
122.32
131.60
126.80
118.60
121.20
108.40
111.72
119.52
130.80
163.40
137.20
106.32
120.80
128.52
118.32
117.72
115.60
115.00
102.20
131.92
121.52
130.72
124.52
126.12
158.20
132.40
138.72
134.80
131.32
133.60
133.72
119.72
132.60
105.32
124.60
121.12
116.52
123.12
138.20
111.72
118.92
118.40
121.80
164.40
109.60
117.12
150.92
144.52
132.20
147.52
108.72
124.60
119.32
118.32
117.32
113.12
113.52
110.40
117.80
123.20
137.52
114.40
117.00
142.72
117.00
117.12
117.32
113.52
113.32
131.72
121.40
147.52
106.40
129.00
140.20
119.12
122.72
156.92
118.00
117.32
119.80
126.60
130.00
126.72
131.40
153.52
122.72
131.72
163.92
130.00
137.20
134.80
132.00
125.80
115.52
117.60
141.52
122.00
122.60
138.32
115.60
128.20
134.92
116.52
197.40
116.32
115.72
106.92
126.40
119.00
146.40
148.92
193.00
122.12
123.20
120.32
119.20
112.40
173.92
118.72
122.72
138.52
123.00
133.00
151.52
132.60
132.20
131.00
123.20
133.52
125.12
120.32
118.92
115.12
112.40
139.80
116.00
132.12
145.72
110.80
117.40
120.80
118.00
117.52
136.72
124.32
143.12
118.32
127.20
152.12
114.80
148.72
119.32
117.20
120.32
107.52
112.20
116.80
125.12
116.80
139.72
108.00
124.52
127.20
120.52
117.20
124.92
114.92
105.60
118.60
124.92
117.00
110.92
116.92
146.92
117.00
116.52
119.40
140.32
129.72
146.32
173.40
148.92
126.72
126.80
133.00
137.40
133.52
159.52
124.40
130.32
125.00
121.92
121.92
117.20
121.40
148.32
125.60
123.40
148.72
135.00
136.92
169.00
135.12
121.60
113.60
112.60
113.12
150.12
203.52
195.60
208.52
182.40
226.32
212.00
200.12
180.20
182.60
173.52
182.20
166.00
213.20
200.80
224.60
221.40
285.60
212.40
153.92
142.60
132.72
183.12
145.12
157.12
142.12
134.12
149.40
129.00
121.40
157.80
164.00
142.00
139.60
153.40
139.00
115.12
124.32
157.32
158.52
183.00
132.92
116.00
132.32
150.72
141.20
120.80
137.40
139.12
132.52
124.40
137.52
167.40
127.12
154.52
137.40
147.72
120.40
145.92
150.32
143.60
128.32
129.20
151.72
119.52
158.92
160.12
172.32
172.40
139.12
142.40
132.12
163.80
162.60
177.60
113.32
122.72
220.72
121.20
144.32
162.72
124.12
121.40
148.60
138.00
136.12
138.92
148.92
121.92
151.92
139.52
141.80
126.60
143.72
130.80
208.60
152.72
147.92
142.60
168.40
174.80
148.20
145.60
119