Measuring voltage and current with INA219 ...
168.92
155.00
240.60
233.40
139.12
215.60
139.60
183.92
217.52
214.00
175.92
204.52
152.32
203.12
160.00
142.32
166.60
143.52
167.32
157.32
139.52
146.40
159.12
138.60
202.52
156.20
130.52
161.52
210.20
206.52
216.20
249.00
254.12
254.80
259.52
234.40
314.12
297.52
312.52
422.32
341.52
490.32
234.20
186.52
192.20
193.52
278.00
372.40
205.32
376.12
203.72
199.52
332.00
289.20
209.20
230.32
215.00
227.52
329.40
223.32
228.60
220.60
211.52
254.40
360.60
216.20
255.92
261.40
146.92
204.52
115.52
124.12
133.52
132.52
222.00
140.60
132.20
151.80
136.00
139.12
217.12
130.20
159.52
137.00
134.52
185.92
167.00
130.72
161.80
128.20
153.52
220.12
162.32
168.12
350.00
222.72
268.60
390.60
240.52
237.60
300.52
224.32
319.72
286.60
288.40
414.52
399.52
411.72
489.32
364.80
362.12
349.00
465.00
590.60
425.92
441.52
619.52
557.00
489.60
614.20
619.12
612.92
645.12
645.72
671.12
653.80
662.60
712.92
736.72
737.00
731.52
197.40
219.72
251.80
213.20
444.80
469.20
173.12
226.00
211.52
192.60
186.72
177.52
190.52
219.80
274.20
208.32
203.72
185.12
196.40
300.40
188.52
315.60
227.00
163.40
274.32
185.20
219.00
171.80
173.32
498.32
191.32
182.40
176.00
194.60
218.92
212.40
206.52
184.40
191.60
280.60
191.80
191.40
173.12
193.20
194.80
184.32
228.12
241.60
209.60
193.00
188.72
195.00
191.80
191.52
195.92
189.32
225.20
198.92
190.32
192.12
195.92
177.60
252.00
193.12
195.60
203.00
169.12
161.20
189.00
187.92
191.80
244.92
208.40
275.40
265.32
252.32
247.72
256.52
242.92
178.20
190.80
241.80
157.92
168.20
164.60
215.80
170.20
185.12
232.72
157.72
172.52
173.40
179.52
216.52
192.52
168.60
187.60
176.92
188.60
209.00
184.20
174.12
189.20
168.12
157.72
167.40
165.12
194.40
167.92
170.72
203.72
181.92
176.40
199.32
199.52
187.80
185.80
196.92
197.00
187.72
186.80
136.40
154.52
112.20
141.60
119.92
118.60
118.80
108.20
118.20
213.80
124.40
199.60
130.60
127.72
131.20
130.80
135.60
126.12
132.12
132.92
138.80
127.52
125.12
132.20
130.20
157.12
134.12
131.52
158.32
127.60
137.60
132.72
139.52
131.72
134.20
126.20
156.12
175.80
148.40
131.20
125.00
128.12
136.20
133.12
119.80
139.80
163.40
254.72
196.80
128.92
151.40
141.12
119.52
159.20
171.40
156.72
136.32
132.00
146.72
132.32
131.32
135.20
114.72
113.72
128.92
130.32
115.60
118.12
115.80
112.80
129.72
123.72
122.92
132.80
128.72
161.40
132.52
142.32
145.80
180.32
151.32
134.00
116.60
117.60
127.40
118.60
121.20
117.72
117.12
140.40
113.72
118.80
133.40
180.60
121.52
124.20
117.72
129.80
132.92
126.32
147.12
123.32
115.80
120.60
130.72
176.12
175.00
193.32
180.72
200.72
159.52
103.32
180.20
149.92
189.20
130.40
134.32
157.72
125.52
135.40
130.20
191.60
175.20
154.80
139.92
138.80
119.00
125.80
140.92
119.80
128.20
129.40
131.92
114.32
134.60
147.20
160.40
140.20
137.12
214.60
127.92
127.60
125.40
121.52
151.52
124.72
125.60
149.60
191.00
146.52
116.40
124.00
133.72
148.12
131.40
128.20
129.12
130.92
134.92
130.92
130.80
202.92
132.80
119.60
150.20
122.40
139.72
125.40
116.32
123.60
128.92
127.60
122.12
132.80
132.92
151.80
173.12
191.32
159.60
131.40
131.52
149.00
170.72
147.80
122.40
117.00
198.32
121.20
155.72
130.32
134.20
122.60
144.52
131.60
139.52
139.80
144.40
134.00
135.52
139.20
158.40
132.72
117.00
119.32
119.72
128.60
120.60
111.52
124.00
119.92
131.60
139.80
135.32
144.12
148.80
150.00
179.72
145.40
140.92
137.92
143.00
143.92
120.60
126.72
120.92
153.00
124.60
131.72
126.92
116.72
132.72
131.12
131.60
138.72
132.20
128.60
139.40
132.32
223.72
153.40
128.72
132.20
125.12
119.20
105.00
117.72
112.20
119.60
115.40
122.60
201.40
121.80
128.52
131.60
125.80
134.92
134.12
124.80
146.40
125.80
202.52
119.72
120.00
116.12
144.12
119.52
122.80
122.20
118.20
126.80
171.12
157.40
187.72
127.92
121.80
149.72
124.52
130.80
141.40
126.92
130.40
132.92
129.12
104.32
160.52
116.20
122.40
116.80
116.60
142.92
124.80
119.20
130.72
126.20
132.32
135.00
127.00
152.60
133.92
132.52
127.20
126.32
132.40
150.20
132.40
131.72
131.72
131.52
125.32
118.92
122.60
149.12
124.20
127.12
159.52
133.52
133.72
139.92
146.80
148.40
133.20
132.12
114.20
117.32
115.92
136.32
116.32
115.20
137.80
111.92
125.60
122.52
132.92
125.00
135.72
128.12
159.40
133.72
141.40
130.92
123.80
122.20
126.00
115.40
164.12
119.60
112.20
117.00
117.00
116.60
140.52
118.12
163.60
229.72
128.12
138.12
126.92
117.00
136.32
125.40
130.32
149.00
115.00
115.60
128.32
117.00
114.92
132.00
115.72
118.92
125.92
122.00
116.00
132.80
137.12
161.20
133.00
140.12
135.52
127.92
127.32
158.72
117.20
119.40
116.72
114.52
132.00
155.72
118.00
132.32
118.92
121.80
130.20
132.32
122.40
133.92
133.20
136.80
134.32
133.00
159.32
125.00
113.12
149.00
115.92
117.20
117.00
117.92
117.60
115.00
125.32
115.40
132.32
131.72
178.12
151.00
137.60
129.00
137.92
139.60
159.40
170.12
131.00
133.32
127.00
155.72
131.60
163.20
141.00
123.80
144.72
132.52
131.20
119.92
139.12
129.12
127.72
132.52
132.40
154.52
185.92
174.40
121.60
118.00
124.40
118.00
119.52
144.52
123.40
123.20
129.92
120.12
122.32
146.00
140.80
190.00
124.00
180.12
132.72
131.60
129.60
155.72
130.80
114.80
147.32
121.00
130.40
140.52
108.80
118.72
129.80
121.72
127.40
125.72
122.80
139.20
125.72
128.12
148.92
161.20
126.32
126.52
117.80
113.32
117.32
112.52
143.80
114.00
162.92
200.32
209.60
117.12
138.52
132.52
129.40
131.72
124.32
124.32
131.80
168.72
181.80
147.32
155.80
168.00
175.72
162.72
168.92
188.92
192.12
189.92
203.12
161.00
125.00
125.40
138.32
132.52
136.60
148.00
118.12
133.60
130.80
132.52
120.60
183.80
130.00
150.80
125.12
135.32
124.00
123.20
121.72
172.60
163.52
211.52
212.12
184.72
218.92
129.40
130.60
146.20
123.32
133.32
118.00
117.92
116.60
117.80
115.40
115.00
117.40
116.20
153.92
115.80
126.52
131.60
127.40
135.20
140.12
148.92
145.20
132.52
132.40
122.00
119.12
116.20
137.20
114.52
115.12
119.52
117.80
122.20
118.72
123.00
128.80
125.12
137.72
159.12
141.32
139.32
137.72
117.20
132.12
163.32
133.52
121.92
133.12
189.60
125.20
128.20
125.12
148.00
134.00
139.12
138.00
137.60
159.52
183.20
136.12
138.32
140.92
143.20
144.32
132.92
124.20
130.60
118.92
116.40
116.72
118.80
116.12
126.20
120.80
116.00
133.80
132.00
154.92
126.40
135.72
128.00
127.12
127.40
125.40
126.52
127.60
114.52
113.92
130.60
165.72
117.60
136.40
111.52
124.92
121.20
131.32
120.00
132.72
126.40
159.40
132.20
134.40
158.20
126.12
128.60
126.20
116.20
118.40
116.80
111.52
119.40
114.92
115.60
141.00
120.40
128.92
154.32
126.12
137.72
133.20
126.72
127.12
160.80
178.72
157.80
116.32
111.52
121.32
117.32
122.72
129.92
110.00
117.72
132.52
121.60
123.20
173.40
145.12
162.00
168.32
163.40
183.72
130.52
129.92
165.20
131.60
118.32
117.92
114.00
135.40
120.20
164.20
175.20
137.32
150.52
174.20
164.00
176.92
150.72
177.00
163.32
130.92
136.52
173.92
135.20
125.80
136.20
123.00
128.60
124.80
117.92
125.52
190.20
139.00
125.00
136.00
134.92
160.80
140.12
127.40
125.80
128.12
133.32
126.00
124.92
130.60
133.32
129.00
155.12
130.92
150.20
196.32
128.60
137.60
134.60
131.40
132.92
125.92
116.60
130.32
131.80
132.72
153.60
128.32
131.80
130.40
132.12
132.60
135.72
132.92
135.52
126.20
134.32
154.00
118.72
112.92
127.12
117.20
115.40
116.52
111.12
119.80
131.00
131.72
121.92
228.00
126.60
157.92
120.92
135.40
127.32
125.52
122.92
123.12
119.92
131.40
117.72
115.32
125.32
116.20
121.12
140.72
116.72
130.60
133.72
132.20
130.52
133.32
124.52
125.20
133.12
142.32
156.40
117.20
115.92
118.20
115.92
118.32
119.60
177.20
125.52
122.60
133.52
119.52
132.32
122.40
155.20
132.20
123.92
130.40
120.52
128.60
119.80
132.60
181.52
112.52
115.52
139.72
117.80
124.52
130.60
114.20
131.60
131.92
140.12
110.12
131.52
129.32
155.72
131.40
141.20
156.52
120.52
146.80
186.72
131.72
118.32
118.72
113.12
139.80
119.20
127.92
141.20
122.12
127.40
147.32
130.60
135.60
148.92
151.20
142.92
130.20
122.72
152.80
114.52
116.00
118.52
138.52
147.12
115.60
121.32
127.72
130.20
141.40
132.72
127.52
127.80
176.00
141.32
134.00
136.40
120.40
131.60
119.52
114.72
106.00
115.60
113.32
144.32
113.80
123.92
121.20
131.20
148.40
138.12
131.60
132.20
136.00
120.52
133.20
133.72
132.40
154.80
118.60
116.20
115.12
119.80
113.52
117.92
112.32
122.12
126.12
189.20
152.92
127.00
129.72
141.00
133.20
133.12
132.12
121.60
127.60
130.80
118.40
99.00
116.12
113.00
140.72
116.40
120.12
127.92
116.80
135.52
128.40
124.00
134.72
134.32
130.60
147.52
137.52
134.32
149.52
171.72
145.72
130.72
151.20
172.60
122.80
119.60
126.80
127.00
124.00
150.40
132.12
131.32
121.60
117.52
119.00
124.72
117.92
127.40
118.00
118.92
110.52
116.32
125.00
145.60
147.12
133.40
123.60
119.60
145.00
196.60
208.32
235.40
209.52
174.80
279.12
188.20
175.92
185.40
121.40
115.60
130.92
124.20
121.20
130.32
125.12
153.60
130.92
134.00
157.00
119.80
123.12
131.80
119.60
118.52
116.80
114.20
138.32
123.00
126.12
126.12
114.20
131.20
144.72
133.92
132.52
130.20
128.00
136.12
151.40
127.92
166.20
178.60
116.60
146.40
117.72
121.92
117.92
115.52
123.20
117.92
128.12
130.52
125.00
183.72
147.60
131.92
137.80
147.80
123.40
131.40
132.20
129.60
118.32
133.92
129.52
161.12
133.80
138.72
131.60
129.72
133.20
139.52
132.52
126.20
131.52
173.72
137.92
129.52
132.32
153.72
129.52
131.00
130.52
127.72
118.80
116.72
112.92
117.12
119.00
139.72
150.92
120.40
132.40
145.80
132.60
128.72
135.12
139.72
132.12
133.32
133.92
114.92
112.72
114.12
141.32
116.00
127.00
116.40
112.40
159.52
134.92
121.40
133.20
133.80
128.92
150.92
125.92
141.00
14