Measuring voltage and current with INA219 ...
559.72
539.80
566.20
656.52
617.92
548.52
545.80
543.20
586.12
665.72
616.80
588.00
601.72
569.12
682.12
650.32
559.40
539.80
536.40
606.32
591.92
547.52
556.52
562.80
568.80
639.60
578.32
568.80
563.52
561.00
584.40
612.52
610.20
670.52
600.12
617.80
668.72
638.92
655.72
675.52
696.72
717.40
667.60
723.60
594.80
555.80
572.40
584.92
555.32
568.80
580.32
553.80
566.40
625.20
549.60
545.40
600.60
620.40
609.12
567.12
543.60
551.60
571.40
551.32
640.12
555.12
597.60
542.92
588.92
619.92
548.92
581.12
611.40
591.80
543.60
613.00
639.20
552.72
580.20
568.40
663.52
667.80
667.92
640.72
635.72
591.00
694.60
586.72
616.60
620.40
550.60
555.12
615.32
563.12
567.52
566.92
547.92
630.00
682.40
576.40
563.40
542.52
560.52
628.80
553.12
609.32
544.00
610.20
622.12
552.60
561.32
585.00
568.20
516.52
658.52
540.72
618.52
641.92
596.60
606.32
604.92
586.40
729.00
564.72
549.40
608.92
553.20
548.72
553.00
540.80
543.52
595.20
567.00
543.00
543.40
540.80
634.92
567.80
551.80
568.60
505.20
631.12
663.52
737.12
737.52
737.92
738.72
739.52
739.00
624.32
584.00
582.72
580.12
612.40
560.12
543.60
543.00
544.52
574.80
552.80
544.00
574.52
551.00
559.20
702.00
602.00
578.12
559.92
612.20
617.72
573.60
548.92
567.32
552.12
587.20
636.52
638.20
561.20
545.92
560.60
615.40
636.40
604.52
606.12
560.20
595.32
610.00
644.72
633.60
567.20
559.20
551.52
605.80
531.20
605.80
524.80
556.32
610.12
560.32
648.12
580.52
557.60
552.12
602.12
551.60
617.40
566.40
551.20
589.92
566.00
610.60
692.40
629.12
547.00
615.72
554.72
568.20
545.40
544.52
569.60
553.60
564.12
564.12
556.32
554.60
611.72
547.12
563.72
553.12
541.52
578.52
558.40
649.12
621.72
579.00
538.32
601.72
567.92
543.80
555.40
540.52
539.92
577.52
543.72
577.60
547.32
556.32
622.52
646.92
723.80
738.00
739.00
738.60
741.60
739.60
739.32
738.32
740.92
740.72
741.20
739.52
737.32
739.00
740.20
740.80
742.12
678.80
673.40
670.40
671.12
671.40
624.12
668.00
698.80
680.92
661.00
738.40
739.72
740.80
740.60
740.72
740.32
740.40
731.60
740.52
741.00
741.00
741.32
739.00
740.40
739.52
740.32
739.12
671.20
671.72
671.12
669.60
669.72
689.60
641.40
670.60
673.52
731.12
738.52
742.12
738.32
739.60
714.12
739.52
740.32
708.40
739.32
739.60
740.12
740.72
740.40
740.00
740.72
723.32
739.72
671.72
670.60
672.20
664.80
690.12
670.20
719.80
706.40
689.92
650.40
723.72
739.52
740.00
738.40
739.72
686.52
738.52
649.60
722.12
738.60
740.20
740.12
739.40
738.92
740.40
740.32
672.80
672.12
671.20
671.40
696.00
668.92
717.00
640.40
671.72
665.80
738.40
739.40
739.60
740.32
739.72
739.80
720.60
738.40
740.80
740.00
739.20
702.92
704.12
732.32
739.92
740.92
739.92
671.12
669.40
672.12
670.80
683.00
674.00
666.72
630.20
629.12
735.00
738.32
741.52
740.52
740.20
741.00
741.80
739.20
739.40
738.72
740.32
740.40
741.40
740.32
712.20
739.80
740.32
714.80
670.52
670.40
670.60
667.20
712.00
670.52
686.12
665.72
646.80
738.12
738.92
740.80
740.20
740.52
738.72
739.80
551.20
624.20
549.00
564.12
643.80
644.60
643.60
571.00
537.00
648.12
582.92
572.20
613.72
559.60
562.60
666.40
622.20
610.40
573.20
548.92
700.80
556.80
548.12
566.72
540.12
554.72
627.80
608.52
544.60
552.60
568.60
609.32
668.60
616.32
629.60
618.80
618.12
668.92
649.72
614.72
632.00
518.00
612.00
630.72
572.20
592.52
650.80
737.52
738.00
738.12
740.80
739.52
715.32
624.32
704.60
559.80
569.20
551.52
533.00
622.20
622.92
550.32
553.92
665.92
649.40
668.32
586.52
576.00
590.40
581.72
695.12
716.20
570.00
611.60
616.40
551.00
627.12
564.40
566.60
549.32
564.60
673.00
586.80
591.20
570.80
545.32
559.00
696.20
616.20
548.32
599.80
548.52
639.20
658.40
543.12
558.60
546.00
564.40
614.72
616.52
610.40
557.60
565.12
595.72
676.92
676.60
568.00
552.92
586.60
617.32
653.52
572.00
563.00
542.12
552.60
640.20
670.72
623.00
700.00
548.92
675.20
560.00
574.40
581.00
610.00
558.40
653.52
637.60
616.80
618.20
534.52
607.92
645.12
557.92
551.52
538.00
559.12
644.52
635.72
641.40
530.52
510.00
658.00
639.80
581.72
528.52
547.72
555.12
624.72
705.20
618.20
553.32
619.20
725.72
738.40
738.72
739.40
739.80
740.20
740.80
594.72
566.92
602.20
544.92
638.40
668.20
654.72
551.00
550.20
615.12
655.92
657.40
633.52
628.72
568.20
604.52
732.60
669.92
564.00
554.00
537.72
608.00
661.52
589.72
573.92
550.12
562.92
647.00
632.92
545.52
545.12
537.72
587.40
651.40
646.20
621.52
514.52
564.72
624.52
637.00
541.12
540.80
543.72
557.60
635.32
594.72
657.00
597.20
621.12
665.60
707.52
601.12
546.92
546.20
589.20
621.00
606.00
647.20
569.52
544.60
645.20
664.12
583.80
569.00
540.72
546.12
646.12
615.40
545.12
577.80
538.52
605.00
651.92
564.80
593.52
548.60
593.60
735.80
667.72
605.52
539.52
612.40
647.80
638.72
587.52
564.92
546.32
590.72
657.72
625.00
558.60
591.40
547.52
600.52
675.92
637.52
563.80
583.00
605.52
733.60
739.20
736.92
739.00
739.32
740.32
739.72
740.80
605.72
561.72
585.00
639.52
666.60
574.52
582.40
572.00
556.00
618.20
633.00
574.60
560.60
542.40
641.12
662.20
638.72
613.80
535.12
558.00
617.60
545.80
572.80
561.60
592.52
656.80
543.12
543.52
546.32
540.00
580.20
638.00
544.52
545.72
498.32
540.80
613.72
579.92
619.92
612.60
694.72
712.20
639.40
547.52
595.20
565.80
567.80
559.00
606.40
554.52
580.32
546.40
533.32
609.12
545.80
542.40
595.60
542.40
547.12
594.12
522.12
579.72
614.12
598.20
605.60
561.60
542.52
547.12
568.40
581.80
639.40
552.92
561.80
577.40
613.12
579.92
622.12
592.32
623.80
557.32
641.12
735.20
660.20
560.20
590.80
555.32
594.12
633.80
545.12
569.12
589.60
492.52
610.92
551.80
587.40
603.60
568.60
564.52
637.80
732.60
737.60
737.92
739.52
739.12
742.00
740.32
739.52
647.60
717.20
673.40
648.92
639.12
669.00
668.32
664.60
664.60
638.12
709.52
634.00
612.60
654.12
620.92
618.12
616.00
595.92
649.72
620.12
720.80
736.92
654.20
637.92
686.52
604.00
648.00
617.92
700.20
669.32
668.92
669.60
669.12
667.12
689.72
688.00
622.00
603.32
558.40
667.80
631.20
630.40
627.80
581.72
550.40
578.60
611.80
548.00
548.60
564.92
539.60
556.40
608.80
564.92
600.12
568.20
544.80
611.32
608.00
564.40
600.32
551.92
521.32
666.32
587.52
567.52
568.52
547.80
581.52
592.92
550.20
562.00
547.12
628.60
646.40
682.40
595.00
615.12
548.80
604.60
611.92
612.40
644.32
668.20
547.32
660.52
582.12
569.52
610.40
558.32
600.72
610.00
561.72
558.00
555.92
604.12
618.12
572.40
625.72
726.52
738.00
737.52
740.12
738.20
738.52
735.52
578.00
589.80
618.40
622.80
596.20
555.00
649.72
667.60
614.80
594.20
546.52
539.00
607.20
541.80
544.92
548.92
572.12
569.52
615.52
545.80
539.00
541.32
533.60
606.92
665.92
548.20
568.52
570.40
553.00
640.40
665.20
555.00
545.00
536.12
562.52
602.72
615.72
609.80
546.20
533.12
595.20
579.72
577.20
577.92
540.12
542.20
612.40
606.80
643.20
528.80
540.12
641.00
580.12
554.80
561.80
513.20
504.00
636.60
516.80
561.00
606.32
536.40
600.12
594.40
580.72
617.40
630.60
562.92
609.52
547.00
552.00
677.32
617.20
603.92
599.60
556.00
547.00
655.20
581.92
622.20
590.00
545.52
569.80
593.92
626.60
705.32
623.72
606.32
615.12
616.72
736.12
642.92
635.52
662.20
570.40
615.72
642.32
597.40
581.40
623.72
737.20
738.52
693.80
668.92
669.52
669.32
665.60
701.80
578.20
615.72
520.12
590.52
590.92
601.92
643.00
586.12
620.12
593.60
660.72
713.00
678.20
578.20
576.00
629.20
600.80
554.20
560.00
565.80
552.32
664.52
558.72
555.20
550.60
588.92
565.40
657.52
612.00
667.32
549.32
551.40
722.72
625.00
570.32
554.12
537.32
558.60
667.12
590.52
551.12
538.92
536.92
609.72
670.72
546.92
572.40
540.72
550.32
669.20
561.72
507.12
492.40
541.72
596.72
639.52
577.20
565.80
563.20
650.60
731.92
736.40
647.52
540.32
587.60
556.20
707.40
611.72
554.80
548.00
543.52
690.60
612.40
573.00
544.52
558.32
640.12
648.00
527.12
533.60
566.40
552.20
689.52
632.40
578.32
615.52
548.00
588.40
642.52
600.20
574.80
582.80
615.12
603.32
621.00
588.20
605.72
569.52
644.40
738.60
737.72
671.20
669.80
669.32
670.92
667.80
583.12
558.52
547.92
537.12
664.12
642.12
662.12
638.80
545.00
609.60
632.32
543.20
580.72
557.80
550.12
614.32
659.80
578.32
656.60
661.72
659.12
733.52
669.60
590.20
546.20
540.60
629.12
666.52
572.12
672.20
587.92
551.52
682.40
559.60
564.52
541.20
535.00
607.12
624.52
559.92
588.32
633.12
577.32
675.00
590.52
538.20
558.12
535.52
599.20
658.12
547.20
565.40
611.60
677.12
602.52
688.92
517.20
557.32
549.52
599.20
653.12
559.92
609.60
605.12
613.60
605.72
618.12
546.12
556.40
565.32
554.72
654.12
636.52
558.12
554.80
560.72
663.12
668.00
620.12
600.60
554.60
563.92
658.80
650.60
607.72
563.00
540.20
602.12
654.92
558.52
552.72
553.32
547.32
660.52
736.40
653.52
573.72
586.92
697.00
737.52
738.72
734.72
672.00
670.40
670.32
670.12
630.00
602.32
570.80
572.40
607.32
548.52
566.72
549.12
547.12
625.00
650.52
558.92
626.20
619.20
543.80
622.32
562.00
554.60
536.52
533.80
606.92
654.40
543.32
558.20
665.60
667.52
665.00
609.92
516.32
586.72
539.20
620.80
643.72
544.12
561.32
536.20
657.60
638.60
638.80
545.40
543.80
536.52
593.32
639.52
546.52
567.20
545.40
590.40
614.40
634.60
612.60
543.72
533.80
536.20
626.40
513.20
520.20
637.00
614.20
692.12
680.40
655.60
541.80
552.72
597.32
656.60
610.92
563.40
551.72
554.00
609.80
662.60
560.32
569.12
542.52
513.12
630.80
665.60
667.32
569.40
569.40
572.52
591.32
578.60
511.40
537.60
550.12
643.60
645.32
601.52
554.32
554.40
595.80
736.00
565.92
608.80
614.80
555.12
689.32
736.80
736.72
737.72
670.12
669.32
669.92
670.12
667.60
673.20
654.00
672.92
628.20
670.12
739.72
738.92
739.32
739.32
740.00
740.32
740.40
739.40
740.60
739.80
675.60
670.60
669.92
671.52
654.00
671.80
691.60
671.32
673.80
639.12
737.40
739.32
738.40
709.92
739.32
740.12
740.12
741.60
712.32
694.00
739.20
740.72
739.60
735.60
737.12
698.00
741.20
671.12
672.12
671.60
669.52
715.00
701.72
660.80
683.32
702.80
734.40
739.72
739.00
741.12
739.80
740.32
740.60
740.92
740.40
738.52
740.92
739.72
740.80
740.00
741.72
741.12
735.32
679.40
670.92
670.80
670.80
669.12
640.60
671.20
672.20
693.00
664.40
686.92
714.12
739.40
739.12
740.12
740.12
740.20
740.60
741.52
740.20
739.92
740.32
714.32
740.60
740.32
739.52
740.92
671.72
670.60
672.00
670.00
638.20
669.20
670.52
656.00
673.52
690.20
739.60
741.72
739.60
740.80
739.32
717.20
700.20
740.80
741.20
740.00
722.72
740.32
686.00
692.72
740.00
739.60
738.12
672.72
669.60
670.12
632.00
630.72
645.12
682.80
673.92
651.12
735.92
737.52
624.32
591.40
687.20
581.60
604.60
618.00
576.20
585.40
627.32
564.32
565.00
589.20
555.32
558.12
611.32
540.92
580.12
558.60
564.40
665.80
578.32
557.72
559.52
605.12
629.52
626.60
600.40
612.20
724.20
615.32
618.80
589.52
559.80
615.60
561.60
556.32
661.72
586.92
613.00
662.20
553.32
583.60
569.32
591.52
612.40
564.12
609.40
654.20
572.60
564.80
581.00
608.92
574.32
618.32
609.80
580.40
547.92
614.12
735.12
670.00
609.60
619.80
616.72
643.20
623.72
577.52
574.20
567.00
529.12
662.32
666.60
600.92
660.80
716.00
670.40
657.60
674.20
689.92
738.00
686.32
671.20
622.52
666.20
604.60
555.20
559.52
623.60
572.92
668.40
606.00
563.60
628.60
641.72
588.52
609.40
553.32
561.60
664.20
634.60
624.40
553.60
546.20
641.72
689.92
590.12
594.32
556.40
550.40
618.80
563.40
560.12
558.20
569.12
596.80
556.60
561.40
558.80
627.52
559.40
568.72
605.92
583.20
564.80
560.32
540.40
584.12
581.12
622.32
707.12
637.52
683.00
735.60
737.52
741.00
703.00
740.80
740.20
739.52
741.40
738.92
741.92
740.12
739.72
740.00
740.92
740.32
739.72
739.80
678.20
672.80
672.32
669.72
671.40
626.00
673.12
671.12
670.12
667.80
739.92
739.92
739.60
739.12
738.92
739.92
741.20
741.32
740.00
741.80
741.72
740.00
739.52
740.32
741.12
739.92
741.52
673.72
670.12
668.92
669.52
626.80
667.92
668.00
672.92
673.20
704.12
738.92
740.40
738.60
740.52
741.00
740.12
741.20
739.00
699.60
739.80
739.80
740.92
741.00
741.12
739.00
739.40
739.80
668.72
672.52
671.12
664.20
686.40
669.92
718.72
708.20
693.12
737.72
738.40
740.20
740.40
739.20
739.40
740.80
739.52
740.20
741.72
740.52
742.00
738.80
739.80
739.12
739.80
740.52
675.60
671.20
671.80
671.20
692.20
667.52
625.52
707.40
670.40
669.12
738.80
739.00
741.12
741.40
738.80
740.00
741.60
740.20
739.92
741.72
739.40
739.40
740.92
740.00
740.12
742.52
740.40
672.72
672.00
670.20
670.32
713.80
714.92
700.72
672.60
669.80
732.80
738.52
738.80
739.20
741.60
740.80
740.00
741.12
740.12
740.92
740.40
741.60
739.60
739.72
741.40
740.40
739.60
680.32
670.52
668.60
670.40
670.40
666.92
646.40
632.12
670.52
641.72
737.72
739.52
740.72
739.92
739.92
738.52
740.32
739.40
705.12
725.40
673.60
669.92
671.32
672.12
653.60
672.80
671.60
715.32
669.52
644.80
739.12
740.00
740.32
739.52
738.40
739.92
740.40
741.60
739.32
741.20
739.00
739.80
740.00
739.72
741.80
740.92
741.60
674.12
670.92
670.92
670.92
680.20
669.32
668.92
670.72
672.00
731.12
738.32
740.20
740.72
739.60
740.72
740.80
742.20
729.00
739.60
739.72
740.80
739.80
741.60
697.72
739.32
740.40
692.92
671.00
669.92
670.12
669.40
698.32
679.92
683.12
703.92
719.12
739.60
739.32
739.80
739.60
741.20
741.20
740.12
740.32
740.12
739.92
741.00
740.52
739.60
742.20
741.20
739.92
740.92
681.92
669.00
671.20
671.60
668.52
675.80
668.60
672.32
719.52
670.00
737.72
741.72
738.80
740.40
739.80
739.32
740.20
740.80
740.00
707.72
648.12
733.40
739.92
739.80
741.52
720.60
727.12
670.72
670.32
671.40
660.12
618.40
657.72
669.12
627.00
628.60
695.20
625.72
737.92
670.60
644.40
656.92
694.92
627.00
684.00
687.12
634.00
735.80
711.92
740.72
739.60
740.12
739.40
741.32
670.32
670.12
668.20
626.92
643.20
646.72
663.72
669.72
626.60
653.80
611.52
620.80
734.92
705.52
630.32
738.72
606.20
616.80
678.20
621.40
618.52
618.20
620.60
719.52
623.40
614.92
601.32
605.92
614.40
670.20
668.20
629.32
595.32
630.72
671.12
726.40
614.80
607.92
620.92
616.60
673.80
703.80
679.00
622.72
593.00
684.92
735.20
622.32
635.40
603.32
615.72
738.00
738.00
644.72
659.72
620.92
662.52
668.12
689.12
637.20
667.52
602.80
737.60
621.80
599.80
617.32
593.52
635.80
719.80
697.32
637.00
622.80
688.32
738.12
661.92
595.00
557.20
545.80
605.60
626.00
637.40
552.92
561.52
636.80
684.40
663.00
537.00
565.12
557.72
562.80
613.52
577.12
637.12
660.32
542.40
603.60
684.92
561.92
560.72
545.60
552.60
652.00
607.72
616.92
736.80
736.60
671.00
670.12
668.60
669.32
703.60
666.00
681.00
574.60
672.80
655.32
540.52
585.72
614.20
604.12
564.00
552.72
553.92
637.40
619.00
546.40
543.40
532.80
580.92
611.20
549.80
618.92
613.20
566.80
666.00
668.20
581.12
581.92
543.20
598.12
716.80
708.80
575.40
619.60
614.92
614.12
725.52
675.20
583.80
568.80
578.00
654.00
622.80
593.20
557.52
608.40
659.52
645.00
705.00
539.92
565.20
551.20
665.60
647.00
547.12
619.40
537.40
629.32
666.92
675.20
584.80
560.20
617.20
639.12
642.52
612.52
565.92
592.32
624.00
622.40
570.00
632.12
655.80
577.40
610.20
576.20
554.20
579.32
564.40
563.32
620.80
575.72
612.40
663.32
603.60
677.12
564.80
589.92
580.72
566.60
562.12
628.20
608.72
677.72
715.72
707.92
732.92
738.60
689.00
685.40
738.40
739.80
741.12
671.52
669.92
668.52
637.00
655.40
675.60
649.60
719.72
613.72
638.80
737.80
740.72
709.92
738.92
675.12
641.00
687.72
626.92
620.00
627.32
614.92
737.72
733.52
621.20
620.52
623.12
652.92
668.52
668.32
664.00
635.72
656.52
697.40
670.52
701.72
675.80
614.20
619.40
715.60
625.72
734.72
738.00
621.80
636.32
620.72
612.52
624.32
656.32
618.92
679.72
615.40
603.32
617.12
626.92
668.80
669.20
668.80
683.72
703.92
718.60
666.72
687.92
670.32
631.92
621.32
669.72
737.52
740.60
621.92
623.92
615.00
734.60
644.12
611.12
606.52
610.92
596.00
713.60
621.32
638.52
658.60
595.12
705.12
622.72
605.80
619.40
604.52
604.20
649.12
617.12
614.52
618.60
613.20
667.20
619.32
610.80
618.92
736.92
623.72
671.72
602.20
665.20
670.40
668.12
650.72
668.52
687.72
632.72
668.32
738.92
739.80
738.20
642.32
638.80
692.40
738.80
694.52
628.12
672.40
677.80
676.80
738.60
658.00
739.52
738.80
740.20
671.60
672.00
670.00
669.00
707.52
668.32
640.32
671.60
663.20
732.32
738.72
741.00
738.92
738.72
739.20
740.40
741.72
739.92
739.72
740.32
741.32
739.52
739.92
741.12
739.20
740.32
713.72
670.72
669.32
671.72
669.00
715.60
700.60
682.72
663.20
643.32
739.92
739.60
741.32
738.20
741.00
740.12
693.92
685.80
729.32
738.20
687.12
632.52
735.92
658.20
625.72
630.12
628.80
639.92
669.60
647.80
669.40
665.92
695.92
664.00
685.12
637.52
669.32
731.20
637.12
653.60
721.40
738.12
739.60
738.40
639.72
632.00
623.80
719.72
616.60
693.92
728.12
730.80
740.32
726.20
671.12
671.80
670.52
650.00
640.12
668.80
668.40
652.80
671.80
737.80
739.20
739.72
740.52
741.00
665.80
738.32
739.32
740.32
740.20
740.52
739.92
739.52
647.72
683.00
662.20
661.00
675.80
668.60
669.72
651.92
590.20
589.20
671.32
686.32
669.32
647.12
737.52
738.72
740.52
740.12
740.12
693.92
732.72
735.12
663.40
625.72
641.12
617.40
693.92
621.12
729.80
673.40
623.72
659.12
669.40
649.92
668.72
669.80
603.00
600.60
627.72
612.40
718.60
646.20
691.80
727.80
616.80
736.32
740.12
632.32
625.52
738.40
620.92
618.60
662.80
675.80
740.32
626.12
606.12
620.32
668.72
611.00
669.00
657.00
634.20
630.20
583.80
694.60
625.12
627.12
641.12
601.80
619.40
732.00
623.40
710.92
704.00
719.00
738.32
740.12
739.60
736.12
740.12
741.12
742.40
651.60
633.52
623.20
620.40
665.40
666.92
717.92
636.20
653.72
666.72
669.12
738.52
739.52
739.20
739.40
704.60
740.32
736.32
732.12
740.60
624.40
709.60
701.52
629.32
652.00
619.60
617.32
697.32
670.32
669.52
669.32
610.20
694.72
666.12
654.40
665.52
648.92
735.12
740.12
676.52
740.00
739.60
739.40
730.40
738.80
625.40
712.52
620.52
613.20
735.80
734.52
619.52
622.20
600.92
606.20
669.32
666.52
641.12
663.72
650.12
672.72
712.12
672.00
641.12
619.72
616.12
737.92
633.60
659.20
622.00
699.92
722.20
739.32
630.32
633.20
726.92
739.40
740.52
739.80
740.40
740.80
611.00
670.00
663.40
611.80
619.32
562.60
613.32
693.92
662.80
648.60
641.80
629.00
708.72
738.60
647.12
673.92
635.52
634.32
734.92
738.60
738.20
652.60
623.00
635.20
738.40
654.92
622.52
615.80
667.60
669.12
668.80
627.32
668.52
670.12
679.72
670.12
750.72
753.20
753.32
633.80
754.20
650.72
638.52
623.00
612.20
611.00
703.32
709.32
702.00
619.80
619.72
673.20
732.12
628.52
629.60
621.12
607.72
635.12
647.72
611.32
641.32
635.72
657.20
752.80
635.52
557.20
539.40
561.00
623.72
676.12
554.00
604.32
540.40
607.20
636.92
633.12
625.32
665.12
560.32
622.40
591.00
563.32
546.52
546.40
549.00
631.20
670.72
626.32
688.32
727.80
750.12
745.00
673.40
650.40
634.52
751.12
752.72
752.80
753.72
627.52
592.20
663.12
668.52
667.80
667.32
612.80
622.40
643.92
716.60
643.52
674.32
634.40
645.12
739.20
727.20
637.52
626.92
640.92
737.20
738.32
618.00
656.32
620.52
617.20
722.52
738.80
621.92
611.12
617.80
668.40
668.60
680.00
660.80
656.72
627.52
713.20
734.72
738.52
740.40
739.20
739.60
740.92
740.60
739.40
740.40
739.32
739.40
663.72
623.92
609.20
621.80
623.72
705.60
579.72
626.20
602.92
628.00
666.72
655.52
633.72
717.12
617.60
635.60
737.92
739.60
680.40
704.52
658.40
735.72
719.32
619.00
654.40
595.92
621.32
716.80
693.72
609.12
601.40
612.52
705.00
670.00
669.20
617.72
607.52
639.72
669.12
673.80
693.80
666.20
627.52
709.92
681.52
537.12
570.92
550.40
550.20
629.20
637.60
590.00
611.92
616.40
712.00
627.32
539.52
557.52
537.80
544.72
659.00
578.60
563.92
549.40
589.00
666.60
697.40
570.20
600.80
558.92
545.20
630.12
658.92
612.80
576.12
540.20
571.60
638.20
645.32
726.72
612.72
546.72
609.92
672.20
666.20
587.32
535.20
550.80
616.00
642.52
641.12
545.52
541.52
657.00
631.20
550.60
563.40
595.32
635.80
736.00
739.60
738.40
739.32
739.80
739.72
716.72
542.20
566.80
546.00
552.00
627.32
589.00
576.00
593.20
623.20
576.40
584.92
586.12
571.12
614.32
562.92
700.40
665.32
632.40
655.12
610.00
720.60
580.80
540.92
590.20
683.80
577.20
735.80
613.00
615.72
621.00
595.72
607.20
674.72
606.32
668.52
668.60
668.80
667.60
684.00
594.92
610.72
605.92
569.20
648.60
613.72
615.12
615.52
593.72
642.32
629.40
698.80
661.72
606.32
658.20
686.12
658.92
618.72
628.32
547.20
575.00
624.52
670.40
668.32
668.20
555.20
659.00
618.60
519.80
544.12
547.52
554.52
613.92
561.60
577.72
558.80
544.80
611.00
553.52
576.60
549.80
536.60
552.12
608.72
542.12
610.40
613.60
534.20
633.92
561.32
554.32
530.12
591.92
589.40
593.12
579.60
513.32
650.72
546.12
616.52
713.40
737.32
738.60
738.72
738.72
739.32
736.72
733.60
739.92
740.72
7