Measuring voltage and current with INA219 ...
407.20
427.52
424.00
457.80
443.60
403.72
446.00
435.60
429.52
429.00
423.12
413.52
432.72
417.52
417.72
418.60
404.92
433.52
424.00
390.20
419.92
383.12
406.72
449.12
418.20
425.40
416.12
409.92
431.60
420.92
411.92
424.80
412.92
399.80
415.32
411.20
405.92
462.52
513.00
430.32
399.12
371.20
431.92
479.20
433.92
421.20
376.20
424.32
430.12
426.52
423.60
423.92
422.12
430.32
391.12
397.60
448.80
415.00
424.12
446.92
392.40
391.00
415.12
425.52
410.40
418.72
408.72
421.12
427.60
404.20
443.20
430.80
486.20
461.80
409.12
407.92
416.40
388.40
398.72
407.80
407.12
417.72
376.20
419.60
427.40
412.80
425.60
507.60
405.80
415.32
436.20
421.72
426.60
412.12
403.52
473.92
426.52
393.52
461.32
407.60
402.40
425.00
423.12
416.12
424.32
416.20
485.00
441.00
434.20
510.00
472.40
485.80
553.52
532.00
517.40
576.72
509.20
587.00
611.80
632.12
663.72
664.52
513.60
491.40
503.32
638.12
569.20
579.20
678.60
507.32
649.72
618.80
451.32
467.80
468.00
482.60
486.72
596.80
456.40
481.72
500.12
492.80
560.72
585.40
549.12
621.60
538.32
563.80
651.92
434.20
401.40
393.20
406.80
495.92
479.12
379.92
459.00
400.12
408.32
444.60
433.32
411.52
407.40
414.32
464.32
478.80
390.32
456.52
414.80
420.00
474.00
385.20
385.00
395.72
434.40
620.12
629.20
525.60
618.72
528.72
540.60
619.52
609.60
591.20
626.40
681.00
737.12
737.92
720.00
710.12
730.20
648.52
738.52
683.72
711.92
740.40
741.12
687.92
672.60
657.20
674.20
671.20
688.60
681.20
656.92
666.52
676.00
742.32
742.72
740.72
728.12
745.20
746.52
744.92
746.40
720.00
623.60
437.00
447.72
518.72
678.20
520.12
452.20
457.20
443.00
514.20
544.52
568.00
528.80
434.40
447.60
536.92
499.52
513.12
459.52
446.52
483.20
578.32
444.80
475.32
471.52
711.12
736.80
718.32
737.92
545.40
477.72
476.80
589.32
570.80
461.80
460.00
471.52
667.52
635.20
633.20
464.60
507.00
470.80
515.32
450.40
449.40
439.12
494.52
732.12
547.52
495.72
462.12
435.00
460.72
581.00
528.80
436.20
439.40
435.72
442.32
602.52
503.20
649.72
546.20
477.12
525.92
486.72
428.32
447.52
430.12
546.60
721.60
601.60
509.80
464.80
444.20
612.40
429.52
447.92
481.32
452.80
448.00
559.32
485.12
629.60
630.92
631.92
690.80
553.40
645.80
647.12
559.32
462.80
542.32
439.00
538.32
570.72
658.52
627.52
625.00
634.80
664.52
740.52
529.80
731.00
683.40
487.20
473.92
472.60
534.72
614.72
493.12
489.60
423.32
462.12
537.80
502.52
492.72
497.00
467.60
473.00
488.12
462.00
507.12
477.80
471.00
494.32
458.12
421.12
474.80
425.20
458.20
510.92
452.32
490.20
469.60
484.60
527.20
474.72
470.92
506.20
479.32
485.32
514.60
458.80
459.20
446.80
442.32
478.40
435.12
416.32
448.40
454.92
441.40
496.60
419.20
472.92
478.72
462.52
487.80
492.80
451.52
479.52
488.12
442.32
575.72
471.20
410.40
462.92
461.32
462.32
499.72
443.40
466.60
433.92
431.00
475.12
373.32
404.40
422.32
407.40
411.72
467.60
384.32
433.32
412.32
408.12
436.92
365.00
381.72
409.52
460.80
484.20
426.20
363.12
419.20
415.80
477.92
393.20
379.40
397.32
429.20
401.60
410.40
472.80
405.40
410.92
412.92
398.60
404.20
397.32
377.20
390.32
396.00
372.80
409.72
380.40
493.52
467.72
417.32
403.32
435.00
382.72
399.40
439.52
432.32
400.32
382.12
398.80
401.80
400.32
441.40
503.32
658.52
397.20
408.32
404.32
435.32
377.40
388.60
413.00
403.72
412.20
426.80
383.40
411.20
405.60
386.92
404.60
358.60
387.52
408.32
404.32
391.20
450.80
384.80
404.92
416.00
408.52
413.80
391.80
403.60
405.92
457.52
422.92
471.20
385.52
405.80
404.80
401.00
400.00
390.40
375.60
403.52
395.00
369.00
501.20
599.60
399.32
429.80
395.12
416.80
410.72
394.72
417.60
454.12
419.52
419.00
395.32
392.00
420.00
392.80
390.12
403.52
385.32
375.12
402.00
408.92
437.12
478.12
427.12
455.52
449.92
389.12
423.00
378.40
392.20
392.80
386.72
424.80
395.52
377.80
432.20
393.52
388.40
416.12
389.00
390.00
411.60
400.52
407.32
418.40
399.12
414.92
408.32
394.92
417.52
418.40
387.80
425.20
435.12
420.60
407.72
423.32
468.72
394.80
403.92
422.52
393.32
382.12
424.72
415.12
397.60
414.52
370.92
403.92
404.20
402.72
369.60
396.92
349.12
394.00
399.40
386.32
413.12
417.60
397.72
411.60
407.00
395.40
399.32
391.60
393.00
410.12
428.52
414.92
399.20
391.92
454.12
384.40
390.12
383.20
343.80
380.20
386.20
399.80
411.20
388.40
421.40
449.60
407.52
405.92
405.32
409.00
435.72
434.92
383.60
391.80
375.60
374.20
413.52
382.40
386.40
430.32
365.40
385.72
403.72
400.60
388.32
422.60
403.60
427.80
485.92
405.60
398.60
414.72
402.40
406.32
373.60
385.80
397.32
365.72
391.80
381.52
382.52
415.72
375.92
401.40
401.60
397.00
416.12
405.32
391.00
399.92
397.52
399.60
423.60
374.12
373.60
399.52
386.12
392.20
411.12
394.12
417.80
527.72
477.60
398.12
433.12
386.32
449.00
410.32
433.60
430.60
399.92
409.00
402.52
433.32
424.60
387.92
379.12
394.20
381.80
394.52
401.40
359.72
407.80
401.52
411.80
400.20
447.60
427.32
439.60
435.20
432.20
444.92
399.32
469.40
514.40
473.00
499.00
400.60
408.32
420.92
393.20
393.80
393.72
377.52
377.52
470.32
433.40
401.12
397.72
378.12
377.52
387.80
401.60
360.32
363.52
368.12
415.12
388.20
385.52
386.72
377.80
397.92
396.80
408.52
397.52
385.72
391.52
391.52
396.00
408.32
450.12
396.52
410.72
384.60
408.20
403.12
384.72
381.52
413.20
395.00
464.72
489.60
485.20
467.52
466.12
383.20
394.52
400.20
379.32
400.32
396.00
397.00
382.20
393.80
372.92
407.12
390.80
409.32
369.20
410.12
419.40
399.00
387.60
413.52
429.12
392.20
414.80
395.72
391.60
405.92
373.80
391.20
386.80
387.92
371.20
388.12
377.40
409.52
431.20
393.72
398.20
375.72
386.20
430.12
396.20
390.32
412.40
376.00
409.32
409.12
396.32
421.60
364.52
373.00
403.92
384.72
384.00
400.12
376.40
416.12
407.00
386.52
430.52
387.92
390.00
396.72
397.12
407.20
411.60
387.60
395.20
387.32
375.40
372.52
397.20
375.72
410.52
385.32
389.32
405.40
375.92
383.60
399.80
395.40
397.20
405.92
390.40
418.20
396.80
413.80
407.52
375.60
420.80
435.60
379.40
383.40
429.32
372.80
377.40
413.40
411.72
441.20
397.12
395.12
397.60
437.72
422.00
390.60
399.00
406.52
403.52
394.40
427.52
374.40
372.72
400.12
379.60
386.40
379.52
349.52
439.92
390.92
450.00
395.20
360.60
398.60
431.80
477.80
404.72
403.72
395.00
396.80
368.20
369.92
436.12
385.60
368.00
369.20
381.32
390.60
399.40
360.52
399.00
406.60
394.12
374.00
397.20
379.40
399.32
405.12
367.00
397.00
387.32
379.32
406.20
381.32
388.52
385.12
363.52
383.72
393.92
427.20
460.52
465.92
449.52
491.32
426.40
420.12
391.32
396.80
402.80
399.20
393.40
383.12
387.92
372.80
413.80
390.80
386.72
390.32
346.40
383.00
423.92
385.40
382.60
441.72
397.12
403.40
399.92
403.20
414.80
390.72
393.60
414.40
391.00
434.60
392.52
370.20
396.80
391.80
381.72
385.32
386.60
375.40
413.00
457.52
402.52
409.00
376.52
405.52
402.20
396.12
430.32
397.92
399.20
419.20
380.40
410.92
390.20
382.12
388.12
387.40
402.20
401.60
388.20
364.72
412.80
406.20
393.60
465.20
450.20
474.20
457.40
410.52
385.80
398.00
397.92
431.40
401.20
407.60
421.00
403.52
386.92
406.92
408.12
400.40
403.20
402.40
403.80
429.92
429.12
429.00
390.52
414.52
415.80
386.12
410.80
403.80
379.92
384.12
373.92
389.72
436.72
450.72
392.92
406.80
409.40
403.80
415.12
373.80
400.20
382.80
402.60
383.72
394.20
382.72
420.40
414.32
400.00
397.12
415.72
414.72
410.52
408.40
407.52
425.92
394.32
405.80
408.52
453.20
462.40
453.20
423.52
430.52
418.72
398.32
421.32
434.52
445.40
384.40
396.00
423.12
414.72
425.92
413.32
401.52
400.00
406.32
389.32
401.60
413.00
372.40
440.72
395.32
389.20
431.52
402.52
384.32
402.52
372.72
386.80
402.52
416.40
393.80
433.00
423.92
451.52
428.52
435.20
397.52
395.40
444.40
422.60
391.92
378.12
383.32
368.40
353.80
386.92
388.00
420.40
385.12
404.40
398.12
408.40
386.20
392.52
399.40
401.20
395.60
404.32
409.80
374.00
377.40
389.80
409.52
388.52
383.12
370.32
388.80
388.20
385.52
395.92
378.72
379.72
436.12
470.52
436.20
382.32
401.12
401.52
431.92
407.20
411.92
387.00
400.32
398.00
397.52
391.80
379.72
359.60
390.40
402.40
381.92
385.20
404.80
406.60
400.00
404.20
397.20
432.00
406.32
416.12
402.12
388.92
398.32
393.52
374.60
409.00
394.80
443.12
412.80
432.40
407.72
446.52
455.52
437.60
399.20
381.00
390.40
404.20
393.40
413.40
383.72
384.72
417.40
383.32
425.60
420.20
373.20
391.40
386.00
408.52
406.12
408.60
408.20
504.32
479.52
517.72
516.00
492.12
485.60
498.12
464.80
529.72
432.20
370.32
439.00
387.60
400.52
402.72
374.60
391.20
419.12
395.40
406.00
413.80
372.32
406.00
396.80
394.72
428.20
391.12
381.40
424.40
385.20
421.52
410.00
386.20
385.20
406.00
385.20
410.40
375.00
356.52
422.40
398.00
409.80
441.32
378.00
373.32
398.72
414.52
387.12
380.00
375.00
405.40
390.20
384.40
391.72
3