Measuring voltage and current with INA219 ...
596.40
438.92
421.92
446.00
430.92
412.32
503.72
415.52
419.80
412.20
413.80
527.52
561.20
418.40
472.52
410.40
421.92
561.40
472.32
394.00
431.40
459.72
499.60
526.80
404.72
419.72
411.32
436.12
467.72
478.12
481.72
423.60
392.52
468.40
513.00
416.52
422.72
391.52
417.92
523.80
474.92
384.92
427.40
387.60
436.92
411.00
394.92
421.72
402.92
386.92
461.80
418.12
394.20
377.72
397.20
456.52
480.92
401.60
384.72
397.72
406.92
463.00
519.80
444.72
382.52
396.52
435.20
443.60
403.40
436.92
365.52
398.40
460.72
494.12
395.92
388.72
396.20
423.60
506.00
546.52
384.40
424.32
393.60
444.52
450.32
399.12
411.20
379.40
392.60
479.40
394.32
398.60
407.40
399.20
474.80
554.12
525.52
481.40
553.72
502.20
624.72
517.12
523.40
651.60
681.80
625.60
712.92
729.00
498.60
455.52
487.60
673.72
501.20
634.60
508.32
484.00
575.52
532.60
459.00
569.40
444.60
441.52
548.40
484.80
459.52
480.92
446.20
474.00
514.52
481.92
571.12
507.32
552.40
578.72
488.32
382.20
397.60
351.60
371.60
459.92
415.12
377.20
344.20
377.52
435.72
448.40
378.12
399.92
393.40
431.00
456.12
384.52
358.92
359.72
352.72
424.40
488.12
391.12
430.72
353.40
404.20
414.72
380.92
386.20
357.20
374.60
437.72
660.00
556.80
595.00
513.20
487.72
571.92
533.60
494.32
498.32
516.60
571.60
668.80
669.72
667.80
617.80
706.32
669.32
646.80
608.72
647.72
707.00
720.12
740.12
740.80
740.60
730.12
739.92
741.80
740.72
741.12
738.32
722.00
742.12
742.40
741.00
741.52
679.00
366.60
613.80
655.92
477.12
570.32
435.80
439.52
558.80
457.92
428.72
443.40
431.12
438.20
519.00
434.40
693.72
458.92
407.52
576.20
414.52
457.52
400.80
428.00
448.80
436.40
425.52
433.52
387.52
420.52
440.20
447.60
444.60
437.00
456.60
468.40
688.20
542.20
422.72
415.32
488.72
729.60
737.12
738.52
459.52
428.52
492.12
489.92
443.40
432.00
388.12
433.20
734.12
738.12
738.92
670.92
617.80
438.40
648.60
644.60
667.92
447.00
414.80
503.52
621.40
615.80
454.40
411.20
441.00
542.40
564.40
427.32
439.80
418.20
445.92
651.12
465.92
441.92
417.92
420.32
516.32
682.60
440.00
433.52
423.40
417.40
546.92
412.52
433.00
376.60
418.32
588.32
707.32
457.80
450.52
411.32
453.92
568.00
481.60
458.72
432.52
443.40
510.40
719.92
463.80
515.92
444.92
457.32
530.20
647.12
432.00
426.52
420.72
458.12
631.20
435.52
440.32
459.00
432.52
471.32
438.92
431.12
440.72
426.00
440.92
513.00
451.52
467.40
428.92
447.52
521.40
391.52
387.00
431.60
401.40
372.60
462.72
418.12
395.72
406.20
484.72
494.40
444.92
423.12
431.32
429.32
417.60
437.20
439.12
433.20
427.92
426.40
463.72
479.00
413.72
444.20
439.00
430.92
438.52
440.40
434.00
387.32
415.40
431.00
436.12
430.40
470.32
483.52
469.72
432.60
386.72
383.20
411.20
375.00
387.52
377.00
466.12
444.32
455.80
479.60
464.12
385.52
432.60
437.80
346.60
358.20
417.80
370.00
371.12
359.12
385.52
373.80
372.32
389.92
410.40
370.72
394.32
391.80
395.40
374.40
366.92
396.60
426.40
558.80
539.80
476.12
427.72
455.80
442.60
525.80
446.60
428.32
428.00
421.20
453.92
426.60
443.00
448.60
431.00
466.00
436.00
435.72
408.00
402.80
426.52
423.32
430.60
436.80
376.80
432.80
462.20
458.00
422.80
444.20
418.12
416.32
535.80
450.60
429.72
441.40
427.92
441.32
453.32
420.80
461.80
421.00
444.72
452.60
431.92
429.72
390.32
436.20
412.72
504.00
432.20
432.72
410.12
443.40
486.92
431.12
429.52
418.20
438.00
434.80
435.00
436.80
428.40
401.72
424.00
394.92
440.12
432.00
420.32
413.12
476.52
493.72
431.52
452.52
467.72
426.32
428.72
431.20
393.52
405.60
371.60
379.60
396.40
372.80
377.20
357.92
387.00
405.72
377.32
398.00
395.80
346.80
382.72
465.12
391.12
393.80
380.32
387.80
375.72
396.32
476.12
424.72
412.00
384.40
473.52
398.92
394.60
374.40
359.60
395.60
392.40
382.52
400.12
370.32
377.32
387.00
425.40
358.72
375.60
363.20
384.00
369.92
397.12
356.40
355.20
360.92
401.80
380.52
390.40
406.60
380.32
386.80
389.12
387.92
423.32
354.72
354.32
370.60
377.20
376.20
388.80
365.80
355.72
391.60
377.80
379.92
372.80
374.40
366.32
385.00
373.52
408.52
373.52
371.80
364.52
376.00
381.60
367.20
353.32
389.72
401.92
389.60
383.00
334.12
370.40
400.52
376.72
365.00
376.52
409.52
380.32
387.20
363.80
373.12
339.32
357.40
361.00
376.72
364.60
376.72
354.32
374.80
381.92
375.12
384.72
385.32
388.32
382.92
400.00
372.32
399.72
380.00
391.60
391.72
363.32
375.40
378.20
368.92
414.40
418.52
508.40
399.92
435.80
484.32
417.00
372.00
390.20
423.60
403.72
413.72
392.72
406.32
382.52
390.72
388.32
424.60
376.72
372.12
360.72
340.12
374.52
367.80
379.92
345.92
340.32
334.92
395.12
375.80
388.80
385.92
383.32
354.52
395.92
377.80
359.60
356.40
386.92
420.80
473.72
475.20
466.60
393.52
438.92
396.00
376.20
374.92
372.52
357.72
409.12
428.72
403.80
398.52
344.12
382.40
405.32
379.92
388.72
371.52
381.92
368.80
396.20
383.12
377.00
454.12
392.32
413.20
438.00
408.00
408.60
390.60
431.72
462.60
480.20
431.92
430.60
411.40
369.12
372.12
370.92
402.12
367.12
383.92
392.00
431.00
382.40
345.40
378.32
383.12
367.32
384.72
377.52
344.12
367.40
398.92
382.20
397.12
358.52
376.92
386.32
382.80
367.60
391.20
360.12
366.80
391.60
440.60
483.92
363.60
362.00
375.92
373.32
382.00
402.52
339.32
375.12
365.12
386.20
372.40
397.60
362.80
377.20
386.40
380.60
361.60
366.00
376.12
365.52
388.20
373.00
388.80
368.32
353.72
370.00
359.32
379.52
327.32
376.52
369.00
391.20
439.92
392.92
332.00
389.52
424.80
381.20
375.92
369.32
375.20
375.12
379.32
375.32
413.40
379.60
377.32
386.72
355.92
375.80
366.72
350.72
381.40
384.40
379.60
386.92
357.12
376.00
397.60
385.80
435.20
383.20
372.12
386.52
379.52
386.20
418.12
376.32
376.32
397.20
376.80
370.00
365.32
360.52
361.52
401.52
385.00
381.80
385.80
385.12
377.52
399.60
387.20
418.60
378.12
394.72
423.20
393.80
375.60
371.32
339.12
402.00
447.80
452.40
461.32
448.40
477.12
479.52
452.80
383.32
415.60
390.32
356.20
373.32
375.20
373.52
371.80
414.32
376.92
357.92
375.92
348.80
382.40
374.52
363.52
364.12
358.12
339.40
380.00
370.60
377.92
369.00
384.60
355.40
411.80
374.12
374.80
374.72
363.32
370.92
369.12
373.52
373.80
415.32
385.32
401.32
394.80
370.32
373.20
361.72
351.32
380.80
392.00
371.60
426.32
354.00
372.32
376.80
355.12
372.32
352.00
373.00
376.80
382.80
381.60
368.80
368.20
378.20
381.40
371.52
372.92
364.12
348.92
372.12
386.20
362.92
372.12
424.72
364.52
393.60
355.80
376.60
392.32
344.92
363.20
378.80
374.12
369.92
369.52
364.32
382.12
369.52
388.72
409.32
368.20
396.52
379.40
395.60
370.52
362.72
394.20
409.52
403.20
387.52
373.12
370.72
374.40
395.72
381.00
360.60
370.80
351.60
379.92
409.80
374.92
349.92
342.40
371.52
357.60
372.12
381.00
395.00
369.12
402.12
383.12
358.40
369.52
386.32
372.32
371.32
372.40
370.72
408.32
358.52
377.92
394.52
401.72
406.20
354.40
378.52
373.00
360.12
387.52
370.12
359.40
358.52
386.60
432.20
357.72
351.72
372.12
363.92
373.32
354.32
407.52
372.60
354.12
398.92
359.60
373.80
348.20
360.12
370.80
383.40
389.92
420.00
353.72
376.72
354.12
373.72
386.80
394.00
371.20
357.92
376.12
381.00
372.80
368.20
355.72
365.80
367.12
421.92
375.60
367.92
376.60
391.32
371.40
362.00
359.12
394.60
367.80
429.60
427.72
375.20
390.12
372.20
411.00
407.80
378.32
383.32
392.60
412.80
376.20
385.52
402.12
351.60
366.00
378.12
373.20
428.60
429.60
388.00
381.52
399.92
384.52
416.80
415.12
408.12
380.32
367.40
379.00
396.32
382.80
391.32
404.72
398.92
417.60
367.00
375.92
371.32
377.32
419.12
424.60
366.80
428.40
430.00
423.12
397.92
388.00
391.40
374.80
390.40
372.80
417.00
356.52
413.80
419.72
394.80
389.12
402.52
447.32
405.80
363.72
379.00
384.60
367.52
363.92
381.32
373.60
355.72
356.20
353.60
361.92
386.80
374.52
387.60
373.40
360.60
386.40
354.20
364.60
370.32
342.60
392.60
386.72
405.60
359.92
349.20
375.32
343.80
355.92
376.12
397.00
381.52
367.52
384.52
360.80
385.20
368.12
380.32
364.20
372.32
378.00
383.80
387.00
390.60
390.00
387.12
387.32
359.72
391.72
380.40
391.20
383.72
377.20
413.52
377.12
391.72
389.00
383.00
381.60
368.60
366.52
376.12
371.40
389.00
354.12
383.72
423.92
368.40
371.80
385.72
370.92
360.80
383.20
356.12
369.60
341.52
363.32
359.72
385.60
375.00
397.60
365.72
391.60
370.32
382.12
375.60
353.72
386.20
376.52
358.32
377.80
371.40
340.72
381.80
397.52
378.32
376.00
357.80
398.72
370.12
400.20
381.00
374.72
372.20
379.72
402.72
369.52
376.80
377.80
370.52
365.52
381.80
378.72
385.40
360.92
378.80
367.60
360.00
359.92
380.32
362.72
391.60
383.72
383.52
367.40
378.32
364.72
387.20
333.92
348.92
373.80
373.40
381.52
402.40
443.12
380.40
371.92
387.52
406.40
393.72
390.12
417.52
382.20
374.60
414.32
397.20
402.72
451.40
425.72
462.80
384.52
427.40
483.92
390.12
405.52
412.12
514.80
435.40
439.20
414.72
431.60
441.52
458.20
413.80
416.20
421.52
460.32
434.12
429.12
494.40
434.32
429.20
427.52
459.20
414.72
390.72
480.00
525.00
516.80
566.32
517.20
426.40
431.80
474.12
396.00
375.80
372.52
376.52
361.92
355.00
377.32
414.60
371.12
396.20
392.80
385.40
381.72
371.00
374.52
386.12
405.00
393.00
444.00
576.12
488.80
611.32
436.40
407.92
450.52
421.72
492.80
451.20
429.40
427.60
439.40
434.80
445.72
433.12
440.60
421.20
464.80
428.80
438.12
426.60
443.80
398.52
417.52
412.40
428.60
423.00
449.20
443.12
413.12
413.00
412.00
383.12
410.72
380.40
383.72
388.52
390.60
407.72
361.20
368.72
402.52
389.00
397.60
351.80
372.12
393.52
398.80
387.32
383.32
365.00
358.40
386.92
405.72
384.52
376.80
376.52
367.80
377.92
372.80
380.80
355.80
382.72
356.12
374.60
372.12
381.12
396.80
410.12
442.72
417.92
438.80
366.20
371.60
363.12
359.00
367.32
395.92
353.60
383.00
394.72
425.60
381.00
350.20
382.80
371.00
372.80
358.92
394.32
346.80
356.40
392.52
366.20
368.72
371.80
371.52
354.60
372.40
373.52
368.92
375.32
437.72
400.20
376.12
360.40
366.40
375.40
365.40
356.80
372.40
403.80
347.72
371.52
365.60
380.00
355.72
410.40
384.60
372.92
375.00
381.40
383.20
376.92
369.32
384.52
372.32
366.60
409.00
375.52
379.20
406.60
364.40
370.72
340.52
377.52
371.60
458.20
460.60
397.20
364.80
361.60
392.80
389.00
389.32
392.52
383.40
357.60
373.60
385.80
400.40
373.32
378.80
381.00
366.12
385.00
377.40
395.00
416.32
379.60
374.40
385.00
357.60
375.00
391.92
379.20
351.12
392.12
364.72
381.32
382.60
424.60
347.40
353.92
369.32
372.32
370.20
370.72
385.32
364.20
372.52
395.52
378.60
379.12
364.60
381.00
374.52
361.72
3