Measuring voltage and current with INA219 ...
505.20
413.60
419.32
443.12
437.40
427.92
391.52
420.60
420.72
407.20
457.60
391.00
449.60
413.00
416.60
454.52
434.92
392.00
426.00
473.20
471.40
452.40
424.72
466.00
428.80
472.20
495.12
600.12
575.20
493.80
480.52
460.00
582.72
487.40
447.00
550.92
458.92
423.32
442.72
390.72
425.92
411.20
426.40
413.80
461.12
434.00
445.80
409.92
377.20
408.52
402.20
424.52
450.80
422.72
435.40
407.92
395.92
435.80
496.00
404.92
460.12
391.40
441.20
456.92
421.60
433.60
437.72
472.52
485.92
443.12
414.52
445.60
427.40
435.60
484.20
418.80
413.60
471.12
406.60
433.40
425.72
408.40
423.20
474.52
415.72
445.00
441.20
416.12
429.92
403.80
394.60
424.12
403.20
431.32
485.60
483.12
544.80
486.72
485.72
512.72
365.52
409.52
447.72
412.12
429.92
410.92
406.20
451.60
405.72
430.72
424.20
404.72
412.72
424.32
421.20
406.32
439.52
403.52
425.72
442.52
398.92
442.80
374.40
399.00
426.40
395.52
377.60
380.80
386.40
403.52
423.72
412.72
455.00
462.80
484.12
573.92
615.40
510.32
543.32
507.00
600.60
657.20
681.60
598.40
676.20
495.92
601.32
550.32
576.20
477.00
491.60
682.52
667.60
574.60
512.80
455.40
454.92
639.52
484.80
474.00
474.12
435.20
496.12
511.20
493.00
473.72
470.40
460.80
611.92
685.80
580.92
634.52
443.40
420.40
493.20
432.80
448.72
404.32
389.32
450.60
523.92
404.80
428.32
371.60
384.80
452.20
399.92
406.20
388.80
362.60
406.60
505.20
473.80
451.72
555.12
469.20
568.00
461.52
483.12
430.12
371.40
436.12
433.20
399.20
423.60
477.92
535.52
637.52
623.32
573.60
528.32
547.32
537.20
583.00
577.40
634.20
554.52
705.60
757.72
744.72
693.12
688.40
658.92
670.12
688.60
642.40
741.40
721.72
683.72
702.80
761.80
760.80
763.20
748.80
745.20
762.32
763.40
763.32
759.40
746.32
761.72
763.80
423.40
425.72
754.72
414.20
705.72
583.60
459.40
500.00
503.52
550.12
586.72
507.12
512.00
478.00
521.80
609.80
498.52
594.40
571.40
528.20
563.52
578.00
497.80
503.60
484.20
496.00
641.00
487.00
564.00
499.12
469.72
497.72
505.32
670.12
537.52
636.40
472.72
686.20
702.72
632.52
462.20
467.40
487.60
553.80
440.12
485.52
453.60
473.52
758.72
760.80
760.20
762.40
612.80
466.60
757.80
751.20
464.92
462.80
440.72
519.00
635.60
436.72
459.72
494.32
449.20
677.52
483.12
532.40
488.00
463.60
512.72
756.92
484.52
445.52
485.92
448.20
634.32
509.12
448.32
528.32
436.80
457.00
621.32
489.72
450.72
464.60
466.52
601.92
605.00
489.12
549.32
481.20
478.72
680.52
445.80
486.32
453.72
406.32
492.00
744.00
503.80
478.12
469.32
465.00
549.80
548.12
508.40
517.12
500.72
569.92
759.52
529.60
546.20
575.40
614.72
644.40
583.00
664.00
594.80
570.20
598.92
627.32
537.40
569.32
493.32
455.92
555.32
470.00
453.00
478.72
471.00
470.00
547.52
480.20
466.00
525.80
430.00
560.12
466.12
497.52
515.00
480.12
480.60
486.60
456.60
454.52
486.12
468.92
467.92
489.32
470.92
507.72
481.52
458.20
551.60
469.40
386.20
378.20
360.72
415.52
395.20
406.12
377.80
374.72
378.20
437.80
422.32
483.20
424.92
394.80
404.52
411.72
431.40
423.92
412.40
398.32
391.20
393.20
411.80
405.20
366.00
376.52
389.32
394.92
396.60
400.92
383.60
432.20
405.32
400.72
427.32
389.92
410.32
447.52
429.60
430.52
360.00
362.52
386.92
394.40
400.12
466.60
397.60
370.72
419.60
403.72
398.20
404.72
398.00
402.52
400.40
401.92
520.20
409.80
409.72
463.72
394.52
391.52
408.92
364.00
383.00
422.60
388.60
384.92
409.00
397.52
490.60
408.72
407.92
432.40
436.00
389.92
462.20
619.12
434.12
509.00
406.92
470.72
462.80
475.00
431.12
411.00
376.92
430.00
400.80
417.52
421.40
370.00
391.12
421.00
417.60
441.40
410.60
384.00
466.92
420.92
420.60
413.00
379.80
393.60
420.20
397.00
402.60
407.52
380.20
433.00
410.12
412.40
437.52
429.12
438.00
423.92
414.40
418.52
396.52
378.12
453.72
567.80
409.80
499.80
464.40
464.52
460.32
464.60
435.00
582.12
448.40
473.00
440.12
433.52
527.52
399.92
389.80
387.20
399.92
407.20
397.52
387.32
424.20
438.72
400.40
412.40
426.00
413.20
469.32
434.12
437.60
408.80
406.60
443.20
469.32
408.20
436.00
415.40
380.52
456.60
384.60
396.32
449.52
411.80
414.12
385.72
386.72
398.80
402.32
374.80
432.20
418.32
401.40
428.60
393.72
388.80
406.52
403.60
426.32
417.00
377.40
386.92
446.32
419.72
415.32
396.92
417.60
388.60
382.80
420.72
392.32
385.92
389.40
415.20
406.92
427.60
416.60
403.80
426.52
423.92
418.12
388.72
378.00
383.32
383.12
382.92
395.12
385.60
387.40
438.40
439.92
393.12
410.72
383.32
390.92
437.20
442.72
398.20
402.72
385.80
378.12
418.12
377.72
431.60
417.72
372.92
386.52
410.80
387.20
431.00
473.12
455.12
405.12
410.40
402.32
403.20
419.92
418.60
387.72
393.40
386.80
355.12
394.80
380.52
382.12
401.80
433.00
407.00
454.92
422.72
466.72
400.40
377.32
411.32
408.72
394.52
410.00
405.20
393.52
429.40
403.32
379.00
394.80
397.00
376.52
409.60
400.92
372.20
389.52
396.12
428.00
420.52
394.20
421.00
422.52
429.40
421.12
409.80
394.72
393.20
368.12
386.80
386.92
384.80
445.12
463.72
434.72
401.72
388.20
421.12
387.32
387.72
442.60
428.32
474.72
484.12
555.72
514.72
459.52
461.20
433.52
466.32
362.32
317.32
385.92
382.40
379.20
401.92
365.32
412.00
414.80
383.12
395.00
392.40
394.00
395.20
405.20
405.32
432.80
413.32
394.00
368.20
377.12
395.72
386.60
413.60
400.52
379.60
368.12
404.32
397.32
407.52
394.52
412.92
423.40
398.00
404.80
418.80
405.92
396.92
385.12
360.12
371.52
400.92
388.20
395.20
380.20
361.92
400.52
409.92
406.00
409.12
421.80
429.40
390.12
406.40
377.20
395.20
375.60
429.00
398.60
409.60
384.92
378.52
369.12
403.80
399.80
401.12
407.00
361.80
416.52
398.40
396.80
415.40
394.40
408.40
403.40
419.80
395.00
367.80
369.12
384.40
391.72
398.80
423.60
392.12
386.52
419.32
389.12
406.12
397.00
363.80
382.52
399.00
396.92
409.20
399.72
377.32
437.80
398.00
378.72
403.00
383.52
369.80
380.60
382.20
392.20
379.20
366.32
414.52
397.12
398.52
394.40
431.60
416.80
419.40
411.20
415.32
408.00
395.60
405.80
433.80
397.12
405.52
382.52
394.40
387.40
383.60
386.00
401.52
364.12
407.80
379.92
399.52
409.80
412.92
406.80
439.00
409.52
409.72
385.00
375.72
365.52
401.32
370.32
405.32
401.00
364.52
397.80
414.32
397.32
426.60
379.12
373.00
416.60
478.12
407.80
392.12
374.72
402.12
389.60
418.72
411.40
398.00
391.00
373.12
368.92
379.72
396.32
391.52
416.52
394.72
388.52
416.92
395.20
383.52
399.32
389.32
391.00
421.72
369.00
389.60
397.60
380.80
416.92
395.60
382.00
413.00
383.40
441.60
405.00
376.92
364.60
395.72
411.32
416.32
396.72
427.00
402.32
399.52
392.00
394.72
378.40
371.80
381.40
460.72
453.60
386.12
435.92
477.00
399.20
403.52
476.12
391.12
380.80
405.12
390.32
427.60
391.32
356.00
426.40
382.20
423.40
484.80
393.52
376.12
426.32
381.72
422.40
418.00
409.12
388.20
429.80
394.52
398.20
399.72
382.00
402.92
416.80
452.32
391.12
375.20
365.80
383.60
427.12
410.40
430.80
374.52
420.80
464.32
528.12
518.32
470.52
475.12
513.52
405.80
455.40
440.72
390.72
429.52
397.80
418.12
426.12
391.60
399.12
376.32
432.00
380.60
420.72
397.00
395.00
407.80
426.92
426.80
411.72
378.72
455.72
485.60
661.80
472.60
429.92
473.00
453.12
456.12
473.52
456.32
429.40
535.40
442.80
454.12
493.80
462.52
432.32
464.80
447.20
453.32
536.60
448.00
476.32
457.00
448.40
448.92
414.00
410.92
437.32
460.32
448.60
410.80
405.92
434.72
448.80
461.20
471.00
451.32
394.52
378.00
396.60
412.00
389.72
383.40
401.12
394.52
371.20
403.52
388.72
371.32
449.92
462.60
466.20
502.20
429.52
436.12
419.72
394.52
390.92
405.92
409.20
409.32
423.60
371.20
443.52
426.32
430.60
410.60
447.40
431.72
447.20
439.52
477.20
419.00
435.52
424.12
403.92
406.60
418.92
423.40
428.92
408.52
401.00
459.32
484.80
397.12
449.12
378.92
408.00
410.60
388.12
382.00
377.52
411.12
407.60
395.52
382.40
406.00
398.00
386.92
428.40
502.60
523.60
441.40
402.80
435.92
500.92
413.40
400.92
382.20
383.52
365.40
381.80
393.20
399.80
393.60
354.00
381.52
460.00
414.20
394.40
382.80
419.92
392.52
385.12
395.72
379.60
389.32
384.00
378.52
376.72
377.40
347.40
419.20
410.80
394.32
395.32
381.32
380.52
412.40
400.40
381.60
415.60
394.40
383.40
400.32
381.00
417.00
395.00
368.40
381.92
390.40
418.12
456.12
382.40
362.60
393.92
395.20
421.60
412.20
378.20
414.80
395.32
397.52
380.32
407.32
388.92
382.12
380.20
388.72
379.00
370.80
519.20
426.40
412.92
410.12
371.80
366.52
393.72
396.20
416.32
400.00
374.00
409.52
399.92
383.00
458.92
379.32
386.32
378.92
394.60
378.20
385.40
389.32
361.32
398.80
423.00
405.60
398.72
396.60
392.20
390.12
389.72
391.60
360.12
364.52
378.80
402.00
413.40
387.40
379.92
389.32
370.32
398.60
398.20
361.00
354.12
411.32
401.12
399.92
439.20
360.60
423.00
394.40
395.72
380.40
388.92
365.52
392.80
374.00
391.00
377.92
365.60
372.52
396.00
413.92
410.72
383.60
382.80
395.40
395.52
393.20
391.60
365.40
379.20
391.60
391.32
400.32
377.12
365.60
364.60
395.20
378.72
401.00
426.72
393.20
391.72
396.60
409.32
393.52
353.80
415.80
390.92
377.12
380.72
363.52
344.20
423.60
429.12
458.92
441.80
389.00
435.52
626.72
458.60
480.80
442.72
438.80
468.60
457.00
451.60
443.40
412.60
473.12
445.00
429.52
445.60
431.12
420.20
456.52
426.92
474.80
424.32
439.00
470.60
455.80
475.40
468.00
450.32
454.72
518.40
445.32
414.12
390.92
353.32
348.52
362.20
378.00
401.52
376.40
351.92
394.20
368.60
386.60
389.80
387.00
387.20
392.72
388.20
405.12
391.72
391.00
444.20
433.40
441.60
553.52
566.72
423.40
446.80
407.52
420.12
438.60
418.00
456.40
446.00
454.40
457.40
453.12
455.60
467.80
492.80
451.72
450.80
432.80
416.80
421.72
427.80
475.40
429.72
406.92
450.60
437.60
446.40
475.20
451.20
459.60
422.12
466.92
466.40
447.72
476.12
472.92
452.32
451.12
471.60
417.12
420.32
430.52
445.80
428.12
427.60
390.32
452.00
450.00
451.40
461.92
440.00
439.40
464.52
479.72
467.12
452.00
424.92
477.00
405.92
506.00
506.52
563.20
423.00
419.00
429.12
447.00
466.72
434.12
410.12
466.92
4