Measuring voltage and current with INA219 ...
828.60
756.60
755.60
753.92
716.52
704.92
751.72
714.00
731.00
755.40
822.60
826.12
828.60
827.52
827.12
782.12
841.80
841.20
841.60
843.32
842.40
842.92
843.00
842.60
844.40
842.32
843.80
755.92
745.72
744.20
741.12
738.12
698.60
706.32
719.52
754.92
726.52
839.40
841.40
843.20
840.40
842.40
842.20
840.80
842.72
842.40
842.92
842.12
828.20
828.32
828.72
827.32
828.32
828.00
756.52
757.52
753.60
754.32
709.20
717.12
733.52
755.32
779.60
806.60
825.80
826.20
827.60
826.72
826.32
828.72
827.60
827.92
828.92
828.20
827.52
827.72
827.32
827.20
828.92
827.92
827.32
686.80
741.60
741.20
695.72
706.12
740.40
740.40
723.52
784.12
839.72
839.40
840.32
841.80
840.80
843.40
843.12
842.40
842.80
842.60
842.52
842.72
843.40
843.00
841.80
843.40
841.80
752.40
746.12
742.92
741.12
702.92
721.60
740.12
767.12
796.12
731.32
839.80
839.72
843.72
841.60
842.32
843.52
842.32
843.52
842.32
843.12
841.92
841.40
841.92
845.40
844.12
842.92
842.40
747.60
744.20
742.00
739.72
796.40
731.12
746.00
735.80
739.80
832.20
840.00
840.60
842.12
841.52
843.52
843.80
842.40
842.52
843.60
842.32
843.40
842.52
841.72
842.12
841.72
842.52
805.92
746.92
744.12
742.00
740.72
790.32
783.92
763.20
735.32
714.00
838.52
839.92
840.40
843.32
842.52
841.00
840.60
842.52
843.32
842.12
843.52
842.20
856.72
855.12
856.20
857.00
857.92
728.80
724.60
722.32
720.32
701.52
746.20
733.92
732.32
699.92
707.12
842.52
845.60
852.60
852.20
857.40
858.40
856.32
857.00
857.12
855.72
857.00
858.60
857.32
857.20
856.92
857.52
855.40
728.52
698.20
694.80
692.40
676.72
687.92
667.00
672.80
685.32
730.20
798.12
802.00
805.20
807.52
807.32
809.60
811.80
813.00
813.52
814.60
816.52
813.72
815.60
812.20
816.40
817.12
714.40
694.12
691.32
690.32
672.12
665.00
668.32
673.40
688.92
682.12
819.52
825.60
826.40
825.12
827.12
827.00
828.12
828.20
827.12
828.80
828.40
829.60
828.80
828.00
828.12
827.72
829.00
758.20
755.72
756.12
753.60
754.00
707.20
722.80
754.20
764.52
796.32
825.40
826.12
827.40
827.12
820.72
839.80
841.72
842.00
843.12
842.60
843.00
842.80
842.80
843.32
843.32
842.52
844.12
746.52
744.52
742.40
739.92
701.40
737.72
727.12
721.80
774.72
838.52
840.40
840.40
842.12
841.52
841.80
843.32
841.72
842.52
842.72
842.00
748.12
757.72
753.80
750.60
760.72
756.32
755.72
703.92
781.52
822.40
825.80
827.12
828.40
826.60
826.52
828.72
829.32
826.92
830.40
828.60
827.80
828.60
828.40
828.00
827.72
830.12
762.32
758.72
755.00
754.32
754.40
715.52
798.72
755.52
781.20
733.20
838.32
839.72
840.52
842.40
841.72
842.52
841.52
842.52
841.92
842.80
841.80
841.92
843.52
843.20
844.00
843.40
843.20
749.20
746.60
741.80
740.32
709.92
744.72
749.92
738.80
786.40
813.72
839.92
842.40
840.52
841.80
841.72
855.80
856.80
856.60
857.20
858.40
856.80
858.20
857.40
856.40
856.32
856.20
855.92
726.80
723.00
719.80
685.80
700.60
716.52
733.00
700.80
743.60
841.12
845.00
849.20
853.40
854.60
856.32
858.00
856.60
857.60
857.40
858.12
856.52
843.60
845.12
843.12
842.60
841.40
749.92
745.92
744.40
741.72
747.12
727.12
778.52
785.72
791.92
733.80
840.32
839.52
841.92
842.00
843.20
841.92
842.20
841.40
842.60
841.72
842.40
842.60
841.80
842.40
843.52
843.32
844.20
748.00
724.92
721.00
721.32
719.80
767.72
747.00
718.40
736.32
812.00
844.00
848.20
852.60
853.72
857.32
857.52
856.80
855.80
856.72
857.60
857.40
856.72
858.12
856.40
858.12
857.20
850.80
728.32
724.32
721.72
696.92
742.00
769.20
750.12
702.92
726.60
806.52
803.80
807.40
807.80
808.12
812.60
812.92
815.72
813.32
813.80
813.92
812.52
813.12
817.00
815.60
815.72
816.12
697.80
693.52
692.40
693.12
701.32
693.12
680.92
693.12
663.60
688.40
767.40
798.32
803.20
805.72
809.32
809.12
826.72
825.00
827.00
827.72
826.32
828.12
828.20
829.00
828.60
828.20
826.80
756.72
755.60
756.80
754.72
751.92
751.52
709.72
701.40
710.12
821.60
824.92
827.00
826.80
827.52
827.12
829.32
827.12
828.12
826.80
828.20
827.80
799.80
841.12
843.20
842.40
842.32
762.60
746.80
744.92
742.40
736.52
739.12
712.92
697.60
736.60
713.12
839.00
840.12
841.00
842.80
842.12
844.00
841.72
842.40
843.32
842.12
842.40
842.72
843.40
843.40
840.52
843.12
843.12
749.40
746.00
755.32
755.32
753.60
724.32
743.52
752.92
790.00
809.40
825.52
827.00
826.72
827.52
826.20
830.00
827.60
828.60
828.00
830.20
828.00
828.60
826.60
827.40
828.80
827.92
827.72
757.00
754.92
755.20
754.32
726.00
760.52
765.52
745.12
795.32
801.00
839.32
841.12
842.52
841.92
843.92
841.52
841.32
842.60
842.32
843.12
841.92
842.60
842.60
841.72
842.52
842.80
752.92
744.80
744.12
742.92
707.72
730.32
751.92
778.72
796.40
732.40
839.00
839.72
840.60
841.80
842.60
856.60
856.20
857.20
857.40
855.92
857.92
858.00
857.12
855.00
856.60
858.00
856.40
728.20
723.80
722.20
717.92
773.80
706.32
740.40
703.60
704.52
831.12
845.40
847.52
856.00
854.60
856.40
855.80
857.72
857.52
858.12
856.80
858.40
858.20
843.52
843.00
844.72
844.40
792.92
746.32
746.00
742.52
742.00
785.20
776.00
752.52
736.80
701.80
839.72
839.32
842.32
841.80
841.92
841.60
842.12
843.80
842.60
842.80
842.00
842.40
843.52
841.72
843.80
842.92
842.12
749.92
745.40
723.20
719.72
706.60
741.12
723.60
729.92
687.92
710.20
842.92
846.52
853.32
855.32
856.80
857.12
856.80
856.92
856.20
856.92
732.32
724.60
720.00
719.60
699.52
689.80
717.40
723.72
717.12
702.92
842.52
847.60
852.32
855.00
856.20
831.92
818.60
817.80
818.00
815.40
818.12
817.72
816.72
817.80
817.72
816.72
816.80
696.92
694.20
690.52
685.60
717.12
707.32
703.40
684.80
685.12
730.92
796.80
800.60
802.72
806.72
809.40
810.40
810.12
813.20
814.00
813.72
815.92
814.00
812.32
827.80
826.92
828.00
801.20
756.40
753.40
755.60
747.92
791.92
751.12
764.00
766.00
722.72
825.52
826.40
826.60
826.60
828.12
828.72
829.60
829.32
827.80
828.52
828.52
828.60
828.20
828.00
828.60
828.20
828.52
758.52
756.92
743.00
742.20
795.80
731.72
760.20
757.72
721.60
736.40
839.12
843.12
841.60
841.72
842.60
843.60
843.32
843.32
842.20
843.92
842.80
844.40
841.72
843.12
843.00
843.72
842.20
745.72
745.32
743.12
741.72
778.20
760.72
735.92
705.40
700.32
829.12
826.20
827.60
829.00
826.92
827.80
828.80
829.52
828.72
829.00
828.72
828.32
828.40
829.32
828.80
828.80
829.12
767.20
758.20
755.20
755.12
751.20
756.12
731.52
716.20
751.12
709.72
825.52
828.20
828.00
826.92
826.60
826.12
841.92
841.00
842.80
842.80
842.80
843.80
843.80
843.32
843.60
843.92
842.60
748.92
746.92
742.72
742.52
701.52
736.92
711.72
743.32
751.20
788.92
839.72
844.00
841.80
842.12
844.00
841.00
842.32
843.12
842.72
843.40
842.52
842.40
857.60
857.40
859.20
858.32
857.20
727.52
721.60
719.12
677.32
684.32
693.92
699.80
693.92
738.92
840.00
845.32
849.12
851.60
855.32
856.40
856.20
857.20
858.00
858.00
856.80
858.20
858.40
856.80
858.00
857.12
854.52
737.60
725.32
741.40
742.92
740.20
716.92
729.80
755.60
792.40
730.60
839.20
839.40
842.60
842.52
843.52
841.40
843.60
841.52
843.00
842.80
843.80
843.52
843.12
841.92
843.60
841.80
842.12
747.80
745.32
742.72
742.20
785.00
730.60
783.12
740.00
750.12
834.80
847.20
852.60
853.80
856.52
857.72
855.92
857.20
856.92
856.32
856.00
857.00
857.52
856.00
857.80
855.72
856.72
824.40
727.00
722.20
718.32
700.92
749.80
768.00
738.52
706.72
702.32
841.12
845.52
851.12
853.40
857.00
857.60
819.40
819.40
818.80
819.40
818.80
819.12
817.40
816.60
817.12
818.72
818.00
698.60
696.32
691.32
690.80
685.92
710.20
700.52
692.60
672.92
687.92
787.40
800.40
804.00
804.20
810.12
810.00
812.00
813.12
813.52
815.72
815.60
814.00
815.52
830.32
828.80
828.72
828.20
757.20
754.52
755.32
754.92
785.12
752.72
739.00
714.40
703.52
823.00
826.12
828.00
827.12
827.40
828.20
828.80
827.52
828.40
828.52
827.32
829.92
828.72
828.32
828.60
827.60
828.60
768.20
755.12
754.00
743.52
742.32
764.80
743.92
716.40
736.12
701.32
839.12
841.40
842.12
840.80
841.52
844.32
842.20
843.52
841.92
843.20
842.20
842.32
842.72
845.00
842.60
844.92
842.52
748.92
745.32
745.00
742.60
737.92
742.20
714.52
748.60
701.52
736.60
825.40
826.00
827.60
827.32
828.60
827.40
827.92
828.20
828.60
829.32
827.20
828.12
827.92
828.20
829.32
828.32
828.92
759.12
757.60
754.80
754.72
737.52
752.32
704.72
709.52
728.40
825.32
825.52
827.72
826.92
827.52
827.92
828.80
812.80
843.40
842.00
843.72
746.52
745.40
743.12
740.80
741.00
786.32
692.80
784.20
734.52
829.12
839.20
842.12
843.60
841.72
843.20
840.60
842.40
842.60
842.52
842.52
842.52
843.60
842.80
843.92
843.20
844.20
839.92
747.40
746.12
720.20
696.60
737.80
747.00
751.60
756.12
727.72
841.00
847.00
849.32
854.20
856.72
856.80
857.20
857.52
856.40
858.72
859.12
857.00
855.20
857.20
858.52
856.12
857.72
732.00
725.60
722.32
716.60
764.00
700.60
748.00
708.80
736.92
706.40
839.20
840.60
843.32
842.40
840.92
842.20
841.60
841.20
843.12
843.12
844.20
840.92
843.32
843.12
844.20
844.32
844.92
746.60
745.40
743.12
740.72
754.40
727.80
705.20
737.40
702.80
836.32
840.92
840.92
843.72
841.80
842.80
855.80
857.00
856.72
858.80
857.80
858.00
857.40
856.52
858.92
857.20
857.32
757.80
725.32
723.40
720.52
708.72
707.32
687.40
724.52
713.60
690.20
841.40
848.20
850.72
853.40
856.92
856.00
855.20
857.20
857.12
855.72
857.00
856.32
858.20
822.00
822.72
820.60
821.60
698.80
694.32
692.32
689.60
675.32
687.80
698.20
688.60
714.80
722.40
799.40
802.20
803.52
807.12
809.40
810.00
813.72
813.80
812.72
814.00
813.60
816.12
814.32
814.52
812.40
817.32
817.72
694.80
695.60
689.72
673.20
734.92
759.32
775.00
744.80
792.20
825.12
825.80
827.60
827.72
828.80
829.00
828.20
829.40
828.92
827.80
828.52
829.40
828.60
828.60
827.40
829.80
829.40
759.60
756.52
755.92
755.32
760.52
741.80
756.32
795.72
707.32
749.20
838.20
839.72
842.00
841.12
842.00
843.32
843.32
843.72
842.92
843.20
843.20
843.12
845.80
842.52
843.12
842.40
843.92
749.52
745.72
743.52
741.20
752.00
789.40
786.12
740.32
774.72
830.00
839.80
841.60
841.92
842.20
843.80
842.92
829.00
828.40
828.52
829.72
827.80
828.60
827.52
829.20
830.32
828.72
823.52
759.72
756.00
754.60
743.32
793.52
801.72
788.00
750.20
750.32
824.92
827.12
827.32
826.32
827.12
827.32
828.40
828.20
829.12
826.72
828.52
829.00
828.72
837.12
842.52
842.72
842.52
750.00
745.80
742.00
742.12
795.00
788.12
784.60
770.32
753.12
738.92
838.92
842.60
841.40
842.40
841.40
841.80
842.72
844.52
843.20
843.80
843.12
843.00
843.92
844.20
843.32
844.40
842.00
747.12
745.12
741.40
739.92
747.72
737.72
703.52
693.20
705.00
835.92
839.72
840.80
841.20
840.80
842.12
842.92
843.40
844.32
843.20
842.72
843.80
844.12
844.52
842.72
845.80
843.92
763.20
745.52
744.80
743.12
737.72
727.00
704.80
699.52
782.80
718.12
839.60
840.20
840.80
840.92
841.40
841.72
844.40
842.72
843.52
844.00
843.72
843.20
841.60
843.40
843.32
843.20
843.20
748.12
745.60
742.32
741.92
739.80
718.80
742.72
740.60
787.80
816.00
839.32
841.00
841.32
842.12
844.20
844.00
856.80
856.80
857.80
855.60
857.20
858.32
855.00
856.80
856.40
857.40
857.12
727.72
723.52
720.60
720.00
698.20
739.72
736.12
699.20
744.92
839.92
846.72
847.40
853.60
855.40
856.60
858.32
856.00
857.40
858.12
856.60
858.52
858.12
847.32
821.40
821.72
819.60
709.12
698.00
693.00
690.32
665.40
671.00
676.00
690.12
703.80
688.32
736.20
798.12
803.52
804.32
809.12
808.52
810.92
812.72
814.32
813.80
777.60
693.52
691.40
688.12
713.12
669.72
689.20
695.92
688.40
683.72
731.80
805.92
825.72
826.72
826.72
826.60
827.40
827.80
827.80
830.52
828.80
828.52
828.20
828.72
828.32
828.60
829.12
758.20
756.12
755.20
754.20
730.40
753.92
704.32
715.40
737.92
767.40
825.52
825.12
826.40
827.40
827.20
828.52
837.92
843.72
840.52
843.92
843.12
842.80
843.60
843.60
844.52
842.72
842.72
747.40
745.20
742.72
712.80
704.32
701.52
705.92
743.40
737.72
836.40
840.60
840.92
841.12
841.40
844.12
841.80
844.20
842.72
842.52
842.00
843.20
843.40
843.60
828.80
829.52
828.12
762.40
756.60
756.52
754.40
754.60
706.92
722.92
755.12
763.32
743.52
825.32
825.40
827.12
827.60
827.40
830.40
828.80
829.00
827.60
828.72
828.92
828.92
829.00
827.60
828.60
828.80
829.00
758.40
757.52
756.80
743.00
704.00
736.72
727.52
722.20
768.00
802.20
839.00
842.80
841.20
842.52
844.40
842.72
841.20
843.20
842.00
843.00
843.40
845.20
842.72
843.52
843.00
844.52
841.72
747.12
745.52
743.92
723.80
778.40
787.40
784.92
732.00
758.52
845.92
850.00
853.52
856.60
856.00
857.00
858.00
857.00
857.20
856.32
857.92
856.40
856.80
856.80
856.20
859.32
858.92
730.92
724.80
723.32
719.32
771.92
701.72
745.92
742.52
740.52
703.72
841.52
848.60
853.32
855.12
855.92
855.52
850.52
843.32
842.72
843.52
844.20
842.60
842.80
844.92
844.12
845.20
844.32
748.52
746.52
742.12
740.72
788.12
787.32
768.32
731.00
729.00
835.72
841.20
841.92
842.32
841.80
843.40
844.20
842.72
843.80
844.12
842.80
843.80
845.12
843.92
829.80
830.40
829.12
761.72
757.12
757.80
754.80
754.00
722.32
705.60
705.80
752.12
730.80
826.80
826.20
828.40
827.92
827.52
828.52
828.60
829.12
828.52
829.52
829.12
827.72
828.72
828.12
829.20
827.60
827.92
758.00
757.80
754.40
754.72
721.40
738.40
699.12
746.20
721.00
757.40
839.40
841.20
841.92
842.12
844.60
844.40
843.00
843.52
843.52
841.20
842.40
843.92
842.80
841.92
845.52
841.80
844.12
746.12
744.80
742.92
707.72
702.20
738.72
708.32
714.80
744.52
841.80
848.60
853.92
855.60
857.32
857.40
856.20
857.00
856.32
857.72
856.52
858.40
856.20
858.60
855.80
856.92
856.40
743.52
726.72
722.60
719.32
713.92
683.20
688.40
699.20
737.60
695.52
843.12
848.12
853.60
853.80
856.40
855.72
856.12
842.92
844.32
842.92
842.52
843.20
843.72
843.40
843.20
845.32
843.80
749.80
747.32
740.80
742.32
705.12
707.72
724.80
742.72
773.00
803.80
839.00
841.12
841.92
841.00
842.72
843.32
843.12
842.20
842.12
842.32
843.20
844.00
844.80
830.80
830.40
830.00
829.12
758.60
754.72
753.60
709.60
722.20
760.80
764.40
743.92
794.60
824.00
826.52
828.60
826.80
826.92
828.00
826.92
828.60
829.20
829.40
827.52
828.32
828.80
827.72
827.52
829.12
828.92
758.60
755.40
753.72
754.92
722.60
725.72
748.00
774.52
798.12
732.32
840.32
841.20
841.20
840.92
843.32
843.12
843.60
842.80
841.40
843.20
842.80
843.32
845.60
842.80
842.92
844.80
843.92
748.12
744.52
742.12
742.00
745.92
724.52
776.00
740.52
784.32
827.20
847.80
853.52
854.92
856.00
856.80
857.00
857.72
857.52
857.72
858.20
729.92
724.80
721.12
720.72
717.40
697.60
709.00
676.72
765.72
839.40
842.40
848.12
852.60
855.32
857.60
857.80
856.52
856.92
856.20
855.80
857.12
858.60
858.32
845.80
845.00
845.00
843.92
747.40
745.20
743.52
694.92
704.52
713.20
734.20
771.00
728.20
837.92
840.40
842.00
842.60
841.52
842.60
842.32
843.40
843.60
841.20
842.40
842.92
845.12
842.72
843.52
844.12
844.32
753.92
746.52
744.32
743.32
738.40
691.20
707.32
720.40
744.12
699.60
841.00
848.80
853.20
853.80
859.72
856.60
857.52
857.00
857.72
858.20
856.72
857.32
857.60
857.32
858.52
857.00
856.40
727.52
724.52
722.40
714.00
695.60
733.20
728.00
700.00
744.40
792.80
804.12
806.72
808.52
809.20
812.92
812.60
814.12
814.52
814.32
814.80
816.20
816.32
816.40
816.72
816.32
817.80
816.72
696.20
694.60
690.80
678.80
693.40
703.80
714.32
711.80
705.92
729.72
798.72
802.32
804.12
808.92
807.32
808.92
813.80
829.12
827.92
826.80
826.00
829.80
828.72
829.12
828.80
828.00
760.52
756.92
755.32
756.12
770.80
744.12
757.00
754.92
717.72
750.80
825.40
826.00
826.80
827.00
827.32
827.80
827.80
829.00
828.40
828.20
829.92
828.92
829.32
829.32
829.40
827.20
842.72
746.92
746.40
743.72
741.12
768.80
795.80
786.00
732.00
764.40
831.40
839.12
841.40
840.72
842.60
842.32
842.20
843.20
842.80
841.92
843.60
841.52
842.32
844.12
843.32
842.32
845.12
775.00
745.20
745.92
744.20
735.00
757.20
736.12
754.40
751.72
707.40
825.80
828.80
826.80
828.80
827.80
827.80
828.40
828.20
829.60
830.12
829.40
827.32
828.32
828.80
828.60
827.72
829.72
756.60
756.72
755.32
754.80
760.60
752.12
711.32
754.92
707.40
750.20
799.40
839.20
842.00
841.80
842.12
843.12
843.72
842.72
844.12
842.52
842.40
842.80
843.80
843.32
842.92
845.52
842.52
746.72
744.12
741.32
693.52
703.52
713.92
725.32
721.40
776.00
836.12
839.60
841.32
842.32
842.40
842.60
842.52
853.40
858.80
857.12
856.60
855.72
856.92
857.80
857.72
857.20
857.92
739.92
724.52
722.80
720.40
716.12
691.92
702.40
717.00
752.80
698.00
842.52
848.12
852.72
852.60
857.52
857.72
857.92
856.60
858.00
857.72
855.20
856.60
855.60
856.60
854.92
852.00
843.52
748.72
744.12
744.92
741.12
718.00
753.32
752.00
739.80
787.40
819.40
839.32
842.12
842.00
840.40
840.92
842.32
843.12
843.20
843.60
843.80
843.20
843.32
843.20
844.92
844.72
842.20
817.52
746.92
746.32
742.00
729.72
753.12
771.80
740.40
708.60
707.40
843.80
848.52
850.32
854.40
856.72
856.32
857.72
857.12
857.00
856.00
856.32
858.72
854.92
858.72
858.92
858.00
855.32
730.20
724.92
722.20
715.20
775.40
748.00
737.00
733.72
707.52
716.20
841.40
807.52
809.00
812.60
814.00
812.92
813.80
815.80
818.00
815.40
818.00
817.92
818.00
817.60
818.00
817.12
820.32
696.40
695.40
692.72
690.40
705.92
689.32
686.20
670.32
665.92
731.20
798.00
802.40
805.20
808.72
809.52
810.80
814.20
815.32
823.52
828.40
826.80
829.40
829.60
828.40
828.40
827.92
769.20
758.52
754.52
755.20
751.40
764.12
744.20
720.40
752.60
706.60
824.72
825.20
826.92
825.92
827.40
828.00
828.00
828.40
830.00
828.92
817.72
760.40
755.32
754.60
776.52
702.12
788.32
784.32
767.92
723.32
838.52
840.92
841.20
843.60
841.72
843.92
843.60
842.72
842.40
841.92
842.72
842.20
844.52
841.80
843.32
843.52
844.52
750.20
745.52
744.32
740.32
796.40
732.20
747.72
735.80
739.32
833.92
839.20
825.60
827.52
827.92
826.20
828.80
827.72
828.92
827.80
826.92
828.00
827.32
827.52
828.20
828.60
828.32
828.32
758.20
757.12
755.80
751.80
736.80
717.20
703.32
751.92
727.20
825.40
827.12
826.00
827.32
827.72
827.80
830.80
827.52
837.60
843.60
843.20
842.20
842.40
843.00
842.12
842.80
842.52
762.00
746.60
745.12
743.52
738.92
713.32
700.32
746.00
715.32
749.32
838.12
841.00
841.92
843.12
842.40
843.40
842.00
842.20
843.12
841.80
843.72
842.52
843.52
842.52
842.32
855.32
856.20
728.12
726.00
720.80
717.20
700.60
712.72
683.92
686.92
705.00
740.80
844.32
848.72
852.60
854.80
856.40
858.12
857.60
857.60
857.12
857.80
858.32
857.72
854.20
856.72
857.00
857.92
857.32
729.80
723.80
721.00
687.20
697.12
703.80
716.00
752.20
751.72
835.92
840.92
841.60
840.92
841.52
843.92
841.80
842.92
842.80
842.52
844.00
842.00
841.40
843.20
843.60
844.32
843.52
752.80
746.40
744.80
743.00
754.72
727.12
781.32
741.00
780.32
732.80
840.12
848.12
854.12
855.60
857.52
857.00
857.40
856.80
856.92
856.72
856.72
858.60
857.32
858.12
858.00
858.80
857.80
728.00
725.52
722.92
720.00
722.32
772.32
748.72
703.32
735.20
815.32
843.72
849.72
852.52
853.40
856.92
857.12
856.00
825.92
820.80
820.00
820.12
819.52
818.52
817.80
817.52
817.12
809.40
697.52
692.20
690.00
687.00
714.92
710.40
708.60
687.00
688.12
733.72
798.20
803.72
803.00
808.00
809.92
810.80
812.92
814.00
814.20
815.80
815.92
814.40
815.52
818.00
817.00
817.60
758.52
755.12
753.60
754.40
801.52
749.52
754.52
769.12
738.92
752.72
825.20
825.92
825.60
826.32
827.80
827.40
828.40
829.12
827.72
829.12
829.12
828.52
828.32
827.00
828.12
828.60
828.80
758.12
756.52
755.20
753.32
746.32
723.40
706.40
693.20
705.12
835.40
839.52
840.60
841.32
842.52
842.32
842.60
842.92
842.20
843.00
843.00
842.00
842.72
844.20
843.40
841.92
843.52
763.60
748.20
745.32
742.00
739.52
721.40
700.52
698.92
736.60
715.52
838.72
827.80
826.72
826.92
827.80
829.20
828.32
829.00
829.20
829.20
828.00
829.32
828.20
828.60
828.60
829.40
828.00
759.00
757.40
758.12
755.12
717.32
751.32
705.12
756.12
737.12
769.40
825.60
827.20
828.00
827.72
826.92
828.20
828.12
730.32
841.72
843.32
842.20
840.80
844.00
842.20
842.72
844.52
843.92
745.92
745.12
743.40
706.20
726.12
755.52
763.60
726.72
785.52
839.20
840.80
840.52
841.60
842.92
844.00
842.52
840.92
843.12
842.32
842.80
843.20
844.40
844.00
843.12
843.80
842.20
751.80
745.80
745.40
741.92
744.52
741.32
766.32
785.40
794.40
733.40
840.32
840.12
842.40
842.32
843.40
841.92
842.52
842.72
844.12
842.20
841.80
843.32
844.00
843.52
843.00
841.52
844.92
748.40
746.12
742.40
742.32
752.92
727.00
787.12
738.92
775.40
830.32
840.20
841.72
841.32
841.72
843.52
842.60
843.92
843.20
842.40
844.52
748.60
746.72
742.52
741.60
796.20
732.60
746.00
721.40
751.72
838.60
840.92
842.52
841.92
842.20
844.52
842.32
843.40
842.52
855.80
857.20
856.32
857.40
857.52
857.92
856.92
858.40
856.40
727.92
725.12
723.40
680.92
688.40
697.12
715.92
698.12
697.32
842.60
846.72
849.60
853.92
855.92
855.60
857.20
857.80
856.52
856.92
857.80
858.92
856.20
858.40
858.00
857.72
822.52
708.32
698.12
696.20
694.00
689.80
683.40
700.20
684.40
712.32
722.40
789.52
800.92
803.60
806.92
810.00
810.40
812.32
815.00
812.92
813.20
814.52
813.52
817.20
816.20
813.92
818.12
817.20
695.72
697.20
692.52
688.60
687.40
703.60
789.12
745.80
783.60
822.72
827.20
825.40
826.80
827.40
827.00
827.72
827.80
827.80
829.80
827.20
829.12
828.40
828.92
828.20
828.92
827.12
827.92
756.32
755.60
755.20
737.20
770.52
747.00
795.92
716.32
752.52
825.40
826.80
839.00
842.72
841.92
842.40
843.40
843.40
843.00
844.00
843.72
841.92
842.92
843.20
843.20
842.52
843.80
751.92
745.92
744.32
742.52
774.40
730.20
788.20
742.40
764.92
737.32
840.12
840.92
840.32
840.52
843.12
843.00
843.20
844.20
827.60
827.60
828.40
828.40
828.72
827.40
829.32
827.40
827.52
756.12
756.92
755.12
755.00
766.60
744.40
721.00
751.12
705.00
823.72
825.72
828.60
827.80
827.40
827.00
828.72
828.72
828.80
826.92
827.32
827.92
827.80
827.92
828.32
745.00
843.80
766.32
746.12
743.32
743.12
737.52
745.20
718.60
749.00
701.20
707.20
839.40
840.12
842.00
841.20
843.32
842.60
842.60
841.52
843.12
843.00
842.52
841.92
844.72
844.52
843.32
844.12
843.72
749.40
746.20
744.80
743.32
745.00
712.00
685.52
675.60
687.12
714.60
844.52
848.52
853.52
855.00
856.92
857.40
858.00
857.12
856.20
857.92
858.72
855.12
856.72
859.32
857.00
856.20
858.32
728.40
723.32
720.40
678.52
688.20
701.40
719.20
697.52
744.32
840.20
847.32
843.52
840.80
843.20
841.60
842.32
841.80
843.12
842.92
843.12
843.60
842.60
845.40
843.60
843.72
844.12
752.80
744.92
745.40
742.92
739.72
720.60
754.60
773.72
794.52
730.80
840.00
841.32
844.00
841.40
842.92
842.12
842.80
842.12
854.52
858.40
858.60
856.12
857.12
858.52
857.72
855.32
857.80
727.80
726.80
722.92
719.00
706.60
735.12
746.00
711.72
744.12
802.00
845.52
849.80
853.72
855.80
856.32
857.32
856.60
857.80
858.00
858.32
858.40
858.52
8