Measuring voltage and current with INA219 ...
761.00
770.12
775.60
775.20
709.12
735.52
696.80
766.60
775.40
730.32
717.12
730.60
715.60
698.40
773.52
662.52
673.60
656.52
697.32
721.72
738.92
717.32
715.92
688.00
729.80
771.60
656.40
661.92
666.12
657.60
759.00
776.60
699.20
691.92
635.92
681.92
745.32
657.52
693.12
643.92
649.92
754.00
727.72
720.80
689.12
721.72
679.80
734.20
698.60
695.00
758.12
626.92
771.40
775.20
739.12
680.92
657.52
682.52
759.72
764.80
715.60
642.32
642.72
685.32
772.52
647.12
664.12
626.72
649.80
715.80
720.20
720.20
674.00
661.00
695.72
695.32
721.20
636.52
683.40
646.00
718.32
687.20
659.80
671.80
627.20
670.40
741.32
686.92
637.92
641.00
670.72
741.52
774.60
646.20
657.60
748.52
720.72
720.60
722.40
725.00
715.00
648.32
672.12
676.32
682.12
680.20
686.52
737.80
742.12
741.32
637.20
673.92
673.60
685.40
771.32
691.80
717.12
720.72
721.52
720.60
709.92
731.52
689.20
721.72
719.32
769.72
692.12
657.60
683.52
647.00
771.20
776.00
638.52
642.40
686.00
773.80
763.12
713.20
775.32
716.80
684.32
756.52
741.12
721.40
687.60
682.72
718.40
745.12
698.92
721.20
720.12
662.80
731.20
777.80
681.40
665.00
674.12
732.80
761.72
708.20
704.80
774.52
645.12
681.40
745.20
690.12
665.92
643.72
674.72
721.92
721.60
720.80
670.32
746.20
719.00
731.00
692.00
705.72
718.72
675.20
774.52
776.12
738.32
705.20
644.52
686.00
775.92
711.40
655.40
663.72
635.92
724.80
774.32
685.52
677.60
635.60
676.52
718.92
670.80
720.32
681.20
708.20
687.72
677.00
676.32
705.20
686.72
714.32
747.20
772.92
653.40
640.80
698.20
754.72
773.92
682.32
657.40
729.92
715.20
726.52
755.20
686.72
651.72
704.00
720.92
722.80
686.72
676.92
693.80
666.32
720.32
691.92
686.12
678.12
755.20
715.80
729.60
672.20
676.20
677.52
650.32
774.80
775.12
679.00
760.52
733.20
775.40
777.40
766.80
702.60
652.20
720.00
721.72
678.12
695.72
710.80
729.60
745.12
764.20
766.32
711.12
772.80
697.00
816.72
805.72
674.00
744.00
789.80
815.40
818.00
799.40
640.12
675.60
656.12
669.40
811.32
735.52
715.72
671.72
681.92
759.80
771.20
780.60
731.60
752.52
736.20
815.60
759.40
694.80
814.92
722.32
737.80
835.32
676.60
618.92
693.12
717.60
696.60
659.40
715.40
644.00
675.12
721.20
726.72
659.60
679.12
726.72
685.92
754.52
730.40
762.72
728.60
783.40
759.80
792.32
835.12
834.60
808.52
673.52
704.72
697.52
688.40
687.32
695.40
734.12
715.72
660.92
693.52
633.52
662.52
725.92
726.60
729.40
774.80
784.40
686.60
727.00
647.72
679.60
650.80
692.60
766.00
760.12
822.12
684.00
645.20
666.72
816.72
820.80
835.52
759.20
712.92
825.32
835.32
709.80
798.00
733.72
728.92
723.12
721.80
703.92
699.92
723.12
721.20
688.32
686.40
710.40
722.12
658.32
766.32
774.60
687.80
712.92
692.12
776.00
775.80
679.92
689.80
643.00
675.80
753.60
775.20
716.72
688.32
692.20
699.00
753.72
662.12
717.00
685.12
686.92
715.60
775.40
683.72
695.52
681.92
682.60
773.12
708.20
739.92
774.80
775.12
774.00
774.80
774.32
773.80
710.32
737.52
724.00
675.60
643.20
656.80
677.12
680.92
674.92
675.92
698.92
716.72
675.52
749.92
767.20
629.20
679.52
649.32
686.40
767.60
687.92
698.12
638.52
668.20
773.32
777.20
679.92
658.80
704.52
647.52
721.40
720.32
722.32
720.92
637.92
719.52
723.60
723.40
718.80
775.40
719.92
772.92
776.52
745.20
683.60
772.80
771.72
774.00
709.40
774.12
706.40
689.00
773.92
775.00
690.72
650.20
721.32
723.12
720.20
713.80
675.40
654.72
690.00
713.52
700.00
756.52
688.72
678.80
693.60
774.72
768.52
716.00
748.12
762.80
776.00
761.52
640.80
685.52
683.40
681.12
761.00
649.72
656.00
666.32
681.92
721.40
712.72
679.52
716.00
691.92
679.12
728.60
693.12
650.40
668.52
695.12
757.00
774.32
629.52
723.80
676.92
656.20
712.40
745.00
627.72
638.52
657.20
702.20
769.40
644.80
706.52
662.40
667.52
744.52
700.00
747.00
722.40
729.72
721.32
774.92
775.92
722.32
773.20
761.20
775.12
775.72
640.80
750.20
678.52
723.60
722.80
722.60
671.32
637.40
752.60
721.20
722.52
728.12
731.72
731.32
725.12
776.12
775.60
772.92
692.80
673.72
770.12
775.60
723.20
773.80
663.92
689.40
773.40
700.52
718.52
685.00
720.40
721.20
721.80
722.40
705.80
729.32
737.60
718.92
755.80
677.40
647.72
670.60
773.60
774.00
776.20
775.12
657.72
639.12
770.80
775.92
733.12
773.32
755.40
694.60
774.80
746.20
716.92
716.40
724.00
721.80
705.00
661.72
718.52
761.00
646.72
719.80
713.12
631.40
721.32
645.72
772.20
775.20
731.40
716.20
633.12
748.52
773.52
774.20
731.92
688.92
688.72
703.60
777.20
721.80
709.92
724.92
688.72
733.92
717.20
738.60
721.32
695.00
770.60
775.52
685.20
705.80
678.52
773.40
775.12
775.72
763.80
741.12
745.32
776.12
773.80
773.72
688.80
684.00
703.32
764.80
724.72
703.80
719.72
707.12
730.40
764.92
681.20
718.80
718.12
768.52
774.92
774.52
774.12
688.20
774.52
765.20
774.92
719.32
673.12
773.80
775.52
775.20
774.72
687.92
686.92
759.12
712.92
722.20
723.12
721.80
720.00
763.80
720.20
735.60
713.72
720.72
770.12
731.12
774.00
772.12
693.32
774.00
771.60
689.20
774.60
774.80
744.32
768.00
768.80
774.00
775.60
760.60
774.32
724.00
723.40
721.80
721.92
732.00
721.32
720.12
716.92
739.20
770.92
774.12
671.12
775.20
777.32
771.40
766.12
777.60
739.52
775.20
775.20
775.52
776.40
773.72
759.80
775.80
775.00
679.40
721.80
721.80
712.92
724.20
748.12
734.92
706.40
722.80
676.72
774.92
743.92
774.80
774.80
773.20
776.52
774.60
752.60
725.20
732.92
770.80
774.60
698.92
699.60
670.92
774.72
773.80
728.72
721.92
723.20
721.20
721.40
732.32
729.72
720.12
720.60
721.00
774.72
757.72
691.60
750.00
650.52
699.60
774.80
774.80
682.00
636.40
770.92
774.52
706.92
695.52
744.32
687.60
762.80
724.20
722.60
723.12
724.20
678.52
717.92
693.60
708.12
724.40
749.40
771.52
775.40
676.12
688.52
697.52
680.72
774.92
774.40
718.32
698.60
697.80
769.00
774.20
762.40
770.00
716.12
685.00
721.00
723.52
723.92
675.00
679.12
695.20
711.72
721.32
718.60
701.92
694.80
773.40
775.72
767.52
769.72
761.20
714.40
774.12
775.80
774.80
775.12
774.72
769.12
775.60
775.80
774.72
725.80
724.92
721.72
721.00
719.12
695.40
722.72
724.00
754.20
768.60
776.52
732.60
774.40
773.80
774.92
775.12
774.52
678.72
773.52
773.92
770.80
698.80
771.60
739.60
758.12
775.00
773.80
710.40
721.92
723.40
721.72
696.40
724.40
703.12
721.52
673.52
773.52
776.00
700.20
735.20
727.12
740.52
774.20
773.00
776.32
695.40
775.20
776.72
727.60
713.32
626.72
702.40
731.12
763.80
722.00
712.80
686.80
717.92
762.00
685.00
704.80
714.32
678.00
773.20
771.32
649.60
650.00
635.92
745.80
774.72
773.20
632.92
644.80
646.12
692.20
775.32
686.80
699.00
689.32
691.72
718.72
720.32
723.52
654.92
677.00
716.00
735.52
661.80
652.12
746.92
680.00
702.20
770.00
685.32
701.40
656.20
677.80
760.60
738.12
701.80
731.92
736.52
773.20
776.72
776.60
682.52
690.32
719.00
722.60
701.12
713.32
748.92
662.80
714.00
721.20
676.72
677.80
653.92
697.12
774.32
774.80
714.40
705.52
701.80
769.20
775.60
636.32
686.60
709.12
675.72
672.12
750.00
704.20
721.20
731.72
719.20
772.32
776.32
702.20
680.52
725.92
774.12
765.72
725.00
690.60
683.60
705.92
744.80
689.00
740.92
718.00
681.20
759.52
723.92
720.40
682.20
679.80
736.32
717.92
672.52
750.92
702.20
706.40
772.60
776.20
766.32
717.72
759.12
746.72
749.12
730.00
695.12
664.80
681.60
741.80
774.92
735.40
760.12
632.12
705.60
720.92
723.52
723.20
719.52
758.32
760.32
720.52
707.00
720.60
771.12
680.72
742.72
775.20
720.12
707.52
684.00
757.32
774.92
683.80
687.12
682.40
689.72
759.40
774.32
716.40
700.60
726.80
722.72
723.52
724.32
720.52
702.92
684.60
670.80
721.60
688.12
709.00
698.80
720.32
773.12
699.72
765.60
772.72
725.32
767.60
775.92
679.92
768.40
775.80
746.80
740.60
775.80
776.00
687.20
711.32
723.40
722.40
711.32
714.92
714.60
707.12
721.20
721.00
673.72
690.52
662.32
712.80
773.12
742.00
776.32
715.52
656.52
773.92
774.40
688.32
637.80
629.40
670.72
773.40
648.80
691.80
721.40
711.72
706.92
646.12
668.52
757.12
693.12
663.80
772.52
775.60
775.40
636.92
619.72
765.92
775.52
650.40
637.92
674.00
756.32
773.12
726.92
675.72
681.40
662.52
685.92
720.80
706.60
721.92
664.60
671.00
712.32
722.92
685.60
685.80
667.72
773.80
754.12
677.80
670.20
668.12
643.80
735.20
712.52
676.12
677.40
639.60
659.72
773.92
775.40
708.60
654.52
682.92
721.92
722.12
658.92
652.00
717.52
731.20
720.12
693.32
676.12
713.92
643.60
725.12
754.52
722.20
688.00
655.40
670.32
751.32
718.20
682.72
654.60
738.92
774.00
774.92
650.72
742.92
672.32
672.12
721.80
721.32
685.12
674.60
729.52
724.52
746.92
732.12
644.12
621.72
667.40
760.72
699.60
646.52
722.32
707.12
708.00
774.60
710.40
754.00
658.12
620.72
687.12
774.72
657.92
671.92
668.60
684.00
720.40
670.32
642.52
666.32
647.72
716.12
718.52
666.80
723.20
766.60
652.12
706.00
754.20
642.52
620.00
620.12
658.60
745.20
676.80
717.92
633.12
665.20
761.20
686.92
635.72
659.60
697.12
710.00
722.00
721.52
742.92
674.32
714.40
772.72
774.60
666.00
665.60
639.32
674.12
774.00
774.80
752.40
729.12
740.32
775.12
775.00
694.20
734.60
686.72
668.20
725.00
722.92
722.72
670.72
718.40
702.40
722.60
763.52
683.60
738.72
775.40
774.20
775.00
765.60
772.32
721.60
735.80
744.80
773.40
775.80
738.12
737.60
774.20
773.72
692.40
651.32
696.32
721.12
720.12
676.72
692.00
686.60
720.00
720.40
721.72
648.80
757.72
691.00
643.92
741.60
773.72
775.32
672.52
704.72
775.52
775.60
663.32
711.00
679.32
681.92
740.32
663.00
676.52
774.00
723.00
721.20
722.72
684.92
704.40
706.00
635.52
755.20
673.92
669.00
677.40
697.80
776.20
777.32
677.80
698.20
680.40
716.72
751.92
774.40
726.80
767.72
761.72
684.40
774.12
775.60
672.12
669.92
700.32
720.72
722.40
712.80
739.32
759.12
725.20
717.92
748.40
763.52
652.60
644.72
706.72
729.40
655.00
681.12
652.60
694.60
756.40
689.40
635.52
649.12
675.12
730.80
778.20
701.12
721.00
723.52
677.12
729.40
718.52
725.60
682.60
695.40
766.40
773.00
707.92
682.20
667.72
663.60
734.32
692.80
636.52
673.40
685.20
677.00
720.20
721.12
723.60
660.92
687.52
765.32
678.52
649.92
680.92
635.32
679.20
725.20
775.32
625.72
629.92
628.52
750.40
773.80
626.52
677.20
630.80
677.00
757.32
741.40
634.20
624.20
670.52
700.32
721.00
632.92
684.20
644.12
687.20
684.40
684.60
628.52
620.80
628.32
667.00
736.72
670.52
656.80
622.80
672.40
755.40
706.52
623.00
677.40
655.32
682.12
755.40
660.80
636.60
654.32
686.80
721.52
751.92
659.20
657.32
640.12
692.32
771.80
693.72
641.20
669.00
722.60
731.60
754.80
658.32
671.60
626.12
644.12
703.80
653.20
630.40
659.20
652.92
675.20
744.92
658.12
686.00
685.72
692.52
760.20
749.00
728.80
711.80
694.52
773.20
775.72
710.40
688.92
721.20
679.12
772.80
775.92
729.40
774.20
691.40
700.92
775.52
680.40
709.80
677.20
697.40
721.40
723.12
722.20
721.52
719.92
695.60
728.00
702.80
674.40
711.72
663.20
741.92
771.92
752.92
724.72
684.12
724.40
744.12
775.52
729.32
707.80
691.52
767.92
776.12
713.60
774.20
662.40
647.20
720.72
721.92
682.00
680.92
697.80
707.52
692.40
674.12
773.80
662.00
651.12
729.72
774.40
685.20
728.12
671.80
710.92
775.00
756.92
676.72
651.00
679.12
750.60
759.20
656.80
683.12
672.72
671.60
722.72
720.40
656.12
648.52
716.32
721.00
753.20
702.72
680.72
650.80
727.00
773.72
771.00
648.32
686.60
732.60
711.32
772.60
678.52
691.20
632.52
748.60
775.00
775.72
634.52
682.32
674.72
718.92
722.32
677.20
741.40
699.92
732.92
749.40
714.60
743.32
775.00
645.80
662.40
733.32
771.80
658.20
639.60
673.92
730.20
773.40
652.60
629.72
630.20
653.32
731.52
690.52
674.00
699.20
710.60
673.20
719.20
712.00
713.32
663.60
666.32
773.00
767.12
637.12
669.40
682.52
774.92
777.32
631.72
722.92
693.40
685.00
759.92
774.40
684.92
681.32
774.00
718.92
721.20
723.32
721.92
663.72
628.92
711.20
728.20
719.20
709.80
644.40
774.72
775.20
689.00
659.20
750.92
690.20
705.00
776.32
735.72
703.12
667.92
771.92
774.52
671.92
662.80
632.12
639.40
717.60
720.60
720.12
730.32
662.72
677.72
721.80
709.12
687.00
681.12
693.00
768.12
763.20
715.52
677.80
675.80
679.20
774.20
717.60
635.72
640.20
754.52
767.40
776.60
680.60
755.80
714.60
658.72
720.92
722.52
761.40
714.00
660.12
715.40
735.12
688.60
684.12
721.12
722.20
776.40
776.80
775.60
773.52
775.52
772.20
775.40
673.20
649.92
772.92
688.00
685.40
771.52
726.80
725.20
694.60
722.00
719.92
701.92
682.52
679.00
656.80
720.72
729.60
686.92
712.92
687.00
680.52
772.12
746.00
626.72
649.00
744.32
729.20
778.52
642.12
751.32
697.12
683.60
738.80
722.72
695.72
655.12
650.40
686.32
720.92
694.12
669.80
677.40
682.60
763.00
725.32
692.20
707.80
619.92
769.00
754.40
767.72
686.00
723.60
741.32
766.92
773.32
646.72
719.80
678.00
665.52
720.72
710.40
719.12
657.80
614.00
665.60
687.60
655.12
692.40
713.52
701.20
775.72
774.52
732.00
755.60
645.52
683.52
773.00
690.20
775.00
774.40
684.40
718.32
730.52
695.80
697.52
694.20
718.12
721.40
721.20
721.00
676.40
689.52
723.40
725.20
747.12
691.40
658.20
773.40
775.40
693.12
643.72
680.92
681.60
764.80
774.92
651.80
660.12
640.12
683.72
747.12
672.92
707.92
665.32
656.52
715.20
775.00
704.20
690.32
711.00
725.92
739.32
690.12
675.60
666.60
684.32
713.72
748.32
628.72
687.20
669.60
656.72
731.60
722.00
672.80
672.92
718.32
719.52
719.60
739.20
636.40
723.00
667.32
746.12
773.80
675.60
625.40
654.92
732.92
774.60
686.72
659.40
716.72
635.80
680.52
731.32
692.72
703.12
684.00
700.60
721.72
695.32
719.12
652.20
641.80
696.52
721.20
699.92
678.32
686.32
664.40
761.72
683.40
633.32
622.12
691.20
742.80
775.12
684.72
708.20
694.12
667.72
750.92
775.00
674.00
663.60
642.92
718.52
720.72
684.12
715.40
696.92
667.52
719.72
671.20
710.32
660.00
688.80
729.72
747.80
678.40
688.32
710.20
644.12
685.92
772.20
682.80
656.12
635.32
636.00
706.40
661.80
676.40
676.52
634.32
716.72
719.60
670.40
671.52
711.12
702.92
755.00
773.92
716.32
639.92
636.40
747.72
773.12
645.40
658.60
638.12
625.40
702.92
755.12
642.32
640.92
635.60
669.40
720.12
682.40
716.60
650.12
663.12
702.12
733.52
761.60
699.12
697.80
686.32
739.40
638.00
625.92
632.20
621.60
722.40
754.32
687.52
670.00
624.32
648.80
760.92
709.00
685.40
620.00
666.00
735.52
733.72
729.52
722.60
682.12
741.00
719.32
761.32
642.20
734.20
715.00
691.72
758.72
696.72
690.20
649.60
677.40
774.60
774.12
661.20
695.52
712.92
723.40
741.00
678.20
686.52
690.00
635.12
719.12
722.00
678.40
698.12
704.80
681.32
733.60
708.20
673.20
672.00
651.32
769.60
775.40
643.12
718.60
669.80
683.20
722.00
733.52
643.52
634.60
632.20
685.80
772.92
660.60
676.52
642.12
664.92
720.60
677.12
648.32
656.80
719.32
686.32
718.52
718.80
701.20
704.40
645.32
773.32
762.92
663.40
676.72
645.20
687.92
774.60
735.12
725.72
633.32
663.52
696.80
756.60
659.12
676.80
708.20
690.52
721.40
718.20
720.92
638.40
604.92
682.32
770.72
627.52
651.00
665.80
656.92
713.40
679.52
673.20
658.72
633.32
682.52
763.60
639.60
735.00
677.20
646.72
761.00
721.92
659.52
639.60
689.60
644.20
686.32
670.00
664.12
656.00
620.80
771.92
720.52
657.80
645.60
651.40
684.72
713.40
773.20
677.60
624.12
667.60
770.92
774.72
685.20
762.80
774.60
757.80
721.20
721.92
656.60
654.92
646.72
704.52
711.12
720.52
652.20
676.80
634.80
722.00
748.40
693.32
687.20
693.72
715.60
772.40
637.12
686.72
682.92
769.72
775.20
776.40
773.72
775.60
765.92
723.60
723.72
652.80
667.72
690.92
670.92
740.72
719.80
648.72
699.80
674.40
721.60
776.92
703.72
685.60
657.72
648.12
687.52
774.32
686.40
714.52
670.80
704.80
726.00
702.32
625.00
641.20
716.92
720.32
721.52
718.12
755.60
719.72
661.92
717.52
720.72
661.92
677.72
623.00
676.72
771.12
673.52
686.00
645.52
638.52
720.00
694.92
625.60
643.92
681.12
683.40
770.52
719.00
719.80
660.12
670.40
720.20
756.92
695.80
653.92
651.00
639.60
773.00
705.20
659.20
641.12
672.60
774.32
729.52
636.60
697.60
638.00
645.20
748.80
776.00
677.60
681.92
657.12
731.60
727.72
643.40
646.40
636.80
655.60
736.40
702.00
627.60
658.20
605.60
683.92
757.32
678.12
682.72
634.20
679.32
760.00
773.32
628.60
642.40
671.80
671.00
722.00
656.92
699.20
628.12
638.00
685.40
733.60
662.20
668.52
619.00
632.80
706.32
676.80
645.60
639.32
686.12
752.20
739.80
623.92
665.40
615.32
645.12
713.92
678.40
630.92
627.80
701.92
702.40
718.60
673.72
680.20
656.40
648.12
710.72
720.52
689.92
733.32
748.40
733.52
763.72
690.12
658.40
641.72
674.40
734.20
665.92
633.12
684.20
654.20
650.60
705.20
770.32
671.32
649.40
699.32
719.92
759.92
709.80
705.80
721.32
738.60
771.40
708.92
648.80
631.12
628.92
728.32
774.12
638.00
692.32
624.80
662.32
725.40
658.00
631.12
645.20
661.00
686.12
738.80
713.12
721.72
701.60
714.72
743.00
719.80
669.40
638.00
654.52
772.20
749.92
773.72
768.80
644.80
774.80
775.40
777.12
745.72
713.92
683.40
736.20
774.60
753.60
775.60
774.20
735.72
723.92
722.32
721.20
722.00
689.32
723.40
680.72
700.00
716.80
717.80
741.60
771.92
776.72
702.00
775.40
689.52
689.80
773.52
775.40
633.72
676.20
654.12
672.12
760.60
647.00
660.12
622.40
677.40
723.00
679.92
631.52
606.40
637.52
726.60
721.20
662.92
659.52
655.32
687.52
767.80
712.92
624.32
675.92
630.72
685.40
764.52
646.12
675.12
636.80
687.20
754.32
762.92
646.12
638.20
662.92
685.12
720.00
691.32
644.52
683.20
684.40
743.00
716.20
686.52
689.72
629.12
636.12
699.52
646.20
675.32
673.12
634.00
696.12
744.52
626.12
648.12
625.32
654.00
728.92
678.52
682.12
690.20
723.40
700.00
737.40
706.60
632.12
655.72
649.52
737.72
710.12
623.12
656.00
620.72
661.72
740.12
626.12
651.32
618.20
667.80
698.12
774.20
674.32
689.12
628.00
637.52
730.60
679.80
713.80
650.40
658.52
755.20
675.52
684.40
640.60
632.72
641.32
715.52
697.32
623.80
662.80
620.52
681.52
772.52
679.12
668.20
616.12
676.52
709.40
691.72
637.80
616.72
625.20
678.80
720.72
675.52
666.60
686.12
664.60
738.60
669.00
680.72
685.40
622.80
677.32
747.80
754.80
652.12
651.20
669.60
738.20
703.00
675.00
655.72
646.20
691.40
740.52
674.20
640.60
630.60
638.80
719.60
719.80
693.00
643.92
721.52
672.00
723.40
693.60
666.12
700.60
638.80
681.52
762.72
693.92
646.12
619.92
665.72
698.60
638.52
618.60
613.52
616.20
672.00
767.32
638.80
651.40
691.72
698.60
721.52
717.92
654.60
624.32
656.12
693.92
714.12
638.72
630.80
674.92
646.92
692.92
699.92
623.32
619.52
620.32
680.52
758.92
635.72
684.32
700.40
725.72
727.52
723.32
721.92
722.80
723.60
719.80
684.20
720.32
687.52
689.20
644.60
706.00
746.52
627.32
649.40
618.60
708.92
708.80
683.52
684.60
687.80
690.40
682.60
770.52
645.32
665.52
646.92
631.52
709.52
707.40
676.52
649.80
604.40
645.92
721.80
675.40
681.00
729.80
682.60
741.52
774.20
777.00
748.52
774.52
770.80
775.32
776.40
769.12
695.80
764.60
766.80
774.72
774.32
771.00
678.52
726.60
721.72
721.52
722.12
720.40
691.72
708.52
723.32
742.72
719.20
775.12
775.32
775.00
774.80
774.20
736.60
658.40
774.40
776.00
708.32
728.52
768.00
673.92
777.12
775.00
774.12
686.52
720.72
723.00
722.80
723.00
692.92
721.80
727.92
720.32
760.92
761.12
775.72
722.52
725.52
775.12
774.40
697.32
695.80
769.20
770.12
754.52
721.60
720.20
723.12
722.60
721.20
706.80
723.72
690.80
667.40
772.52
775.40
744.52
691.92
773.32
773.92
775.60
771.92
772.92
691.20
700.80
771.20
774.60
691.20
773.80
775.72
776.32
727.60
722.00
721.20
721.32
719.20
669.40
721.32
744.20
720.92
751.32
684.80
741.52
714.52
674.00
671.92
626.12
723.92
773.72
714.32
711.72
739.52
683.60
728.60
775.40
733.60
663.60
625.60
671.52
719.12
721.80
686.60
666.60
700.60
748.92
719.12
666.72
692.60
679.20
637.40
748.80
703.52
678.60
690.00
626.20
685.20
757.40
632.72
688.40
631.60
660.92
705.80
691.32
636.20
626.20
645.92
663.32
720.00
659.52
646.00
680.40
682.00
683.00
731.40
716.72
633.32
675.80
684.60
727.00
670.80
640.12
615.52
630.60
677.00
759.92
619.40
625.52
618.40
634.00
715.52
630.52
693.40
644.12
629.12
715.80
683.20
680.20
659.60
634.20
671.52
675.32
651.20
638.20
612.80
613.00
691.92
724.60
626.00
636.40
632.80
632.60
712.32
691.40
624.32
616.00
669.60
706.12
721.00
709.20
704.40
678.40
649.72
719.80
714.00
627.72
652.32
660.80
728.40
743.32
635.80
648.40
626.12
625.40
687.40
774.20
629.80
674.20
683.52
758.80
704.12
657.92
654.92
625.52
618.60
695.80
720.12
649.00
713.92
699.20
680.60
744.80
697.32
629.40
609.60
618.52
690.92
757.20
657.32
730.52
682.92
676.40
690.20
716.72
636.52
615.32
620.92
667.32
739.12
618.32
685.80
622.60
632.12
698.32
717.60
636.40
651.80
676.72
672.60
720.60
675.00
692.20
661.52
624.92
726.00
728.52
630.00
657.20
622.80
651.72
721.20
688.92
656.92
619.00
623.12
679.20
753.20
628.52
670.32
664.80
656.72
721.40
719.00
732.32
649.00
651.60
665.00
758.60
663.72
647.92
630.32
640.52
734.52
770.80
640.92
621.12
613.52
657.12
731.80
645.20
686.32
636.00
664.72
774.52
774.80
648.80
667.80
694.80
679.40
723.00
718.72
643.40
672.12
610.72
744.52
773.92
647.40
631.92
624.52
646.72
708.00
704.40
639.12
638.12
7