Measuring voltage and current with INA219 ...
484.20
488.52
657.20
459.12
453.32
481.72
476.20
637.12
466.52
446.20
496.20
572.12
458.12
686.00
484.52
404.52
438.52
464.32
608.20
524.40
435.00
466.52
574.60
559.52
654.52
429.92
408.00
424.00
518.20
489.00
619.00
532.40
506.92
534.12
519.52
686.52
455.92
415.80
441.52
455.72
484.52
700.00
504.20
454.20
489.60
432.00
630.20
456.12
441.52
481.40
504.00
618.00
496.72
501.72
488.80
459.12
456.52
628.60
446.52
435.52
435.32
507.52
681.52
571.92
456.60
431.12
429.60
489.32
653.60
445.92
464.92
441.00
520.00
610.80
532.20
486.12
416.40
468.40
457.20
636.12
444.52
432.52
422.32
503.32
593.20
485.52
438.40
427.72
413.72
489.72
428.92
443.72
419.60
406.60
442.20
620.40
471.80
464.92
448.72
466.40
490.80
538.32
430.60
410.80
420.40
508.60
530.12
399.00
426.40
410.80
408.92
454.32
549.80
437.72
410.80
405.12
510.40
524.32
523.52
448.80
466.12
465.40
455.80
519.80
413.60
422.72
431.92
465.80
521.32
443.60
431.12
418.00
435.12
451.00
474.92
397.20
497.40
467.12
515.20
531.00
504.20
442.12
440.00
441.92
490.80
554.32
458.32
458.92
542.72
502.12
550.80
617.92
442.60
449.00
406.80
459.60
501.20
398.72
464.00
471.52
459.52
544.12
558.32
479.60
445.00
430.92
431.40
486.20
615.72
419.52
441.32
425.72
487.20
496.32
397.12
428.72
424.40
449.80
459.20
438.40
482.00
459.52
480.92
487.80
608.52
390.52
419.60
409.20
449.00
514.32
581.12
487.12
459.60
432.20
505.80
502.60
433.32
485.52
464.52
499.80
508.52
573.12
557.52
498.52
461.12
443.20
500.12
416.72
439.32
422.60
437.20
454.32
477.72
477.40
442.00
436.12
457.72
459.80
445.20
409.92
433.40
428.60
460.00
610.20
462.80
473.80
426.00
452.60
476.40
507.52
444.20
422.40
419.00
445.12
581.72
413.00
438.32
417.32
437.60
435.20
535.12
469.32
422.40
435.72
505.00
541.20
488.00
456.92
433.32
481.12
518.32
527.52
428.40
436.80
431.32
460.60
522.32
451.52
442.00
430.00
442.00
491.52
498.00
444.20
407.40
466.92
576.52
569.32
530.92
507.72
556.32
463.80
482.40
601.12
424.20
432.52
442.92
481.20
471.20
444.00
430.92
458.00
435.92
492.72
524.32
407.12
515.32
470.12
474.80
534.92
463.52
440.00
450.92
368.00
416.72
461.60
447.92
441.20
452.92
436.60
485.80
507.40
410.00
427.20
431.40
490.12
510.72
427.32
451.80
482.80
496.60
469.32
629.80
447.52
418.60
421.72
460.40
473.20
440.92
471.92
446.00
422.12
431.00
556.40
411.12
441.40
440.12
431.00
452.00
454.20
481.40
515.20
418.40
532.40
510.32
445.40
441.60
412.32
419.32
467.20
495.80
443.00
430.72
442.40
459.12
536.60
429.32
444.32
452.60
407.52
560.20
549.60
493.60
524.20
440.52
487.32
512.60
442.52
437.92
429.60
440.20
466.60
644.00
447.72
412.92
435.12
441.32
460.60
413.92
509.12
434.60
426.60
496.60
532.12
422.32
447.12
461.32
448.40
475.40
452.60
416.92
428.80
426.32
559.40
520.32
425.72
438.00
432.92
418.60
455.60
499.40
443.00
450.60
459.60
454.20
512.12
421.12
491.12
470.52
436.00
490.72
627.72
441.20
432.20
422.00
458.12
492.80
425.92
439.00
435.20
418.80
481.92
528.20
438.60
415.60
445.12
481.52
519.60
479.80
446.12
423.00
391.40
453.40
639.40
410.12
432.20
438.72
432.00
467.92
502.40
414.00
413.00
434.00
486.32
562.20
404.92
500.00
475.12
481.92
513.20
445.80
447.80
422.60
443.92
467.80
499.12
429.92
486.60
434.72
452.72
501.52
525.52
432.40
520.40
483.40
470.80
473.40
454.40
492.92
473.32
465.72
530.20
613.20
469.40
417.20
445.60
449.72
442.32
440.20
457.00
440.92
436.52
509.12
600.52
406.40
436.92
447.00
433.80
453.72
460.40
483.32
470.00
426.40
506.60
510.40
425.40
448.12
429.60
416.12
450.60
498.52
429.00
439.40
444.20
457.20
489.40
448.20
469.52
429.20
427.92
475.52
538.32
460.00
439.00
426.52
480.32
513.12
441.00
434.40
421.52
431.72
520.92
457.00
447.32
428.80
427.72
448.20
483.40
496.92
483.32
414.12
419.92
490.72
556.92
452.20
410.80
440.00
449.40
452.20
461.92
427.52
416.40
438.60
487.60
517.72
403.80
440.80
487.72
437.92
489.52
465.92
423.32
432.92
479.80
519.80
529.32
484.20
647.80
430.80
426.60
502.60
494.32
444.00
408.40
459.80
464.52
487.92
583.12
455.40
428.32
503.60
493.40
478.20
434.12
451.52
453.00
481.72
473.20
578.40
456.72
459.20
423.52
498.20
476.20
505.72
448.60
460.60
414.20
465.60
594.80
479.32
479.20
505.52
526.52
577.52
427.72
490.00
459.12
484.00
483.52
496.00
460.60
420.80
420.12
471.00
459.92
471.60
462.92
403.12
418.72
484.12
454.20
412.92
431.20
424.40
461.20
468.32
579.92
472.60
468.20
435.12
510.92
468.92
457.00
428.20
426.52
436.12
449.00
652.60
433.40
491.12
519.72
489.40
464.12
426.92
461.12
433.52
417.52
491.60
589.60
468.20
448.52
455.20
452.00
447.32
626.00
473.00
429.92
437.32
487.00
632.92
444.60
429.52
442.60
464.52
484.60
559.32
526.60
420.92
451.72
534.40
569.20
465.32
462.12
438.32
434.72
478.92
593.80
447.52
445.60
392.32
507.72
486.72
423.40
404.72
420.72
450.60
465.00
593.12
415.00
409.12
443.72
531.80
492.00
456.20
477.52
433.80
426.92
506.92
647.00
467.80
423.92
506.00
491.60
467.80
514.12
478.40
453.72
438.52
510.20
597.52
445.12
518.52
561.12
578.40
593.20
670.52
637.00
494.12
488.40
572.60
559.72
469.52
531.72
518.00
459.52
482.72
641.12
477.20
429.60
447.60
495.52
461.60
461.00
439.40
440.60
495.32
493.32
597.52
446.72
438.32
451.00
480.12
467.40
584.52
479.40
468.12
445.52
451.20
644.80
464.12
456.32
465.52
486.52
512.00
595.60
525.20
535.72
474.40
514.12
573.20
495.32
444.40
446.12
490.12
542.80
575.20
474.32
433.52
452.32
507.80
599.20
417.80
485.20
433.32
482.52
551.12
522.92
537.80
437.72
480.52
493.72
531.00
412.20
426.52
402.20
431.20
501.00
463.20
452.52
451.32
426.00
476.32
580.52
432.32
509.80
421.00
451.20
543.20
503.40
467.60
448.20
488.32
500.40
542.80
437.40
453.40
450.32
459.60
536.40
525.52
420.32
423.20
393.52
451.32
524.80
444.32
454.32
442.20
447.20
496.92
602.92
419.12
466.12
454.92
471.00
471.80
404.12
426.32
397.80
447.60
452.32
517.12
438.20
443.12
399.92
451.40
498.92
452.00
427.12
456.32
453.40
524.60
588.92
410.32
451.20
419.52
444.32
484.40
483.20
431.60
476.00
499.92
434.40
500.92
414.40
431.00
428.72
447.40
506.32
420.12
422.72
435.20
465.80
475.12
485.60
435.92
445.20
404.72
434.40
494.20
558.40
434.00
456.92
403.92
429.60
450.32
454.00
427.20
424.20
457.40
487.52
525.92
445.12
469.12
467.60
442.12
460.40
457.12
416.00
430.60
527.32
480.60
563.20
460.32
449.80
430.72
432.72
485.00
460.32
426.80
524.72
512.00
481.72
527.40
513.80
528.12
430.60
472.00
467.80
461.12
426.32
418.40
455.80
435.00
512.60
482.60
449.20
424.20
433.52
492.32
575.72
500.60
459.80
447.12
450.32
551.92
470.80
490.32
451.00
456.00
461.12
581.32
392.72
425.52
419.12
440.00
492.12
409.00
384.00
452.72
444.40
445.32
559.60
454.32
489.60
441.60
473.12
511.00
478.72
431.72
471.40
425.60
472.00
596.20
492.92
446.40
434.52
453.60
482.20
524.40
431.60
424.20
418.20
425.40
598.32
458.72
426.32
443.12
475.60
543.52
555.60
457.92
467.60
419.92
490.12
491.72
408.72
446.60
432.40
453.12
496.32
611.52
433.80
443.80
428.72
453.00
494.00
424.72
450.72
457.80
476.00
452.32
569.60
424.40
440.72
433.12
438.20
473.80
470.32
443.72
537.20
450.80
492.72
585.00
447.80
457.20
435.80
474.00
504.20
575.92
446.72
473.00
490.52
491.72
495.92
427.12
453.52
390.40
446.72
478.60
583.12
445.52
453.32
420.00
432.40
486.20
413.00
456.72
460.12
416.60
490.52
574.52
461.12
489.92
445.60
480.52
526.40
469.52
435.80
421.52
435.60
457.60
601.80
384.52
426.32
429.72
441.52
472.00
507.20
438.00
457.12
424.80
453.80
575.40
436.60
476.20
444.52
465.20
495.00
434.80
387.92
408.60
408.40
445.12
508.20
415.52
427.20
407.60
419.72
464.60
467.72
430.80
429.12
417.80
432.32
515.20
494.00
423.40
452.72
412.00
478.32
613.52
403.40
436.00
433.20
447.92
476.40
481.12
432.00
432.32
434.60
452.52
588.00
414.32
436.40
461.52
493.80
498.20
464.60
483.80
452.00
470.32
499.32
500.92
423.40
453.60
452.60
527.72
527.32
499.00
437.60
438.60
440.80
480.20
476.32
459.80
435.32
482.00
460.32
509.40
600.80
421.00
419.52
412.52
494.20
452.72
395.20
410.92
447.92
430.00
480.40
600.32
421.92
428.40
425.40
466.00
450.60
457.72
494.60
549.32
580.40
588.92
595.60
529.92
578.92
419.92
407.60
440.92
432.72
452.92
443.52
401.00
561.92
597.80
468.72
450.92
467.20
454.32
483.20
547.92
485.12
485.60
453.92
486.52
531.72
401.40
447.52
430.72
430.32
495.92
629.20
440.00
407.12
397.72
447.60
471.72
430.80
446.52
445.00
443.32
463.20
630.12
451.72
487.72
421.92
452.80
474.20
433.12
425.32
428.40
426.60
488.72
628.12
402.00
432.60
405.00
427.00
495.12
491.32
460.72
418.00
423.20
514.52
577.32
486.00
403.60
452.60
422.72
503.60
461.72
436.40
417.92
438.20
501.20
523.72
425.52
437.80
427.80
435.60
488.80
651.00
446.72
433.12
445.12
491.12
525.12
431.12
429.60
423.92
427.72
463.80
545.20
397.80
399.92
419.32
453.12
471.92
451.40
443.52
432.12
434.12
485.80
615.92
419.60
449.60
462.00
450.72
504.12
511.20
431.00
384.92
401.32
429.12
490.92
404.12
445.40
443.40
438.32
470.32
457.52
429.32
430.80
434.00
484.20
479.40
453.20
472.72
465.72
496.52
491.80
545.32
402.72
401.60
398.20
423.12
463.20
436.40
436.80
415.80
399.00
506.52
576.32
422.32
430.20
490.60
455.60
484.92
486.72
443.12
457.52
447.52
502.12
542.32
395.52
444.40
437.00
437.40
494.32
444.20
455.72
439.40
435.40
484.60
527.00
423.32
446.20
448.40
486.00
507.72
569.80
458.40
467.20
440.92
486.20
475.32
470.52
537.80
464.32
441.52
497.72
614.12
410.32
438.00
429.80
469.00
505.32
410.72
446.20
412.60
409.32
510.32
611.72
492.72
420.20
454.72
451.72
461.00
399.20
410.32
411.60
438.92
484.80
545.80
401.60
445.92
400.40
440.20
457.00
512.80
472.12
425.80
454.00
502.72
628.52
437.32
436.00
412.12
424.12
513.52
524.92
377.12
430.72
470.60
482.52
538.80
426.20
455.20
431.12
428.60
516.60
620.00
422.00
454.20
484.20
483.12
498.20
452.52
458.60
404.52
425.20
489.92
570.00
385.20
412.20
438.00
430.32
474.52
406.00
442.92
439.60
461.92
514.92
653.60
409.92
478.72
496.60
481.52
482.92
499.52
429.72
430.32
413.00
450.92
555.52
424.20
482.12
443.20
431.52
470.72
591.40
396.20
426.40
453.92
477.92
502.60
479.72
533.72
467.00
446.12
504.92
546.92
477.32
467.92
463.92
451.92
479.92
474.80
499.32
461.92
430.40
532.32
579.72
497.12
516.40
441.92
413.12
488.80
531.32
425.60
491.12
423.72
501.72
555.92
416.20
446.72
408.72
416.40
482.20
555.00
426.92
430.80
438.92
450.80
524.00
408.40
482.80
429.92
441.00
481.60
485.80
437.20
464.00
454.00
482.80
468.12
402.20
445.52
414.00
428.32
536.20
554.72
412.52
428.52
405.80
430.40
493.20
518.52
445.92
413.20
450.12
562.72
649.32
410.00
439.80
440.80
433.20
478.12
417.52
411.52
458.20
453.52
466.92
566.12
400.52
460.60
418.12
459.52
510.40
502.12
529.52
519.40
485.60
519.72
567.80
452.72
496.72
454.80
445.72
525.40
512.20
393.40
404.32
439.20
458.20
477.92
410.00
420.80
456.92
537.52
517.20
586.72
403.52
456.72
454.72
521.52
518.40
448.20
429.20
402.52
415.40
447.80
599.92
405.40
498.92
483.52
445.00
480.72
406.52
413.92
408.12
425.00
450.80
493.92
425.92
528.60
472.52
424.80
501.12
463.32
416.40
428.40
435.12
463.40
475.92
590.40
477.80
425.60
425.20
492.72
615.12
472.40
429.40
451.80
462.00
525.12
475.52
559.40
556.20
520.12
576.32
652.40
385.20
432.72
420.80
443.80
491.32
417.20
433.92
431.12
412.80
477.72
553.12
390.92
459.20
426.92
444.40
487.12
473.60
445.20
413.40
515.52
540.52
614.32
399.52
433.00
409.80
403.52
494.80
496.92
444.60
439.00
430.32
498.20
569.20
429.80
454.52
440.60
490.12
551.40
659.40
434.72
488.72
436.20
470.60
503.80
410.40
442.80
422.72
420.32
503.72
491.72
394.32
441.92
419.52
445.72
473.40
504.60
438.20
440.12
484.32
528.72
644.20
433.52
456.40
424.12
438.72
475.12
479.52
388.40
433.12
429.20
471.92
584.32
442.80
438.00
424.80
422.52
482.20
523.40
427.72
481.52
550.60
475.00
510.92
517.00
462.40
461.40
488.52
476.32
461.32
403.40
480.32
461.40
445.60
496.12
411.52
406.80
427.52
429.32
493.92
519.80
413.52
505.32
492.72
459.12
492.12
474.00
421.72
425.12
431.40
492.52
603.52
473.60
459.52
402.40
422.40
470.60
424.12
414.12
414.20
454.92
457.92
524.12
454.52
490.40
474.72
432.20
520.72
474.52
437.52
461.00
441.32
503.40
526.72
432.80
455.00
448.80
443.40
494.12
502.40
430.92
447.40
416.32
452.12
520.12
504.60
484.92
436.32
476.12
512.32
606.80
418.20
421.72
424.12
452.12
556.20
371.40
514.40
444.32
439.12
462.20
589.92
428.12
470.32
419.32
452.40
498.52
492.20
435.60
473.12
429.72
450.72
492.92
427.40
451.12
416.52
423.12
492.92
467.32
452.32
433.12
396.52
448.52
611.60
430.80
429.12
425.12
459.00
524.12
670.32
422.40
432.60
427.80
450.12
496.52
428.72
431.72
422.12
433.32
477.80
600.92
388.12
437.32
412.52
461.32
507.60
432.60
417.52
477.20
478.60
561.40
508.60
475.32
456.40
419.92
436.20
471.40
457.12
403.60
452.80
437.92
489.92
623.20
403.12
458.12
441.00
477.92
526.32
515.32
450.92
484.00
497.80
520.52
559.92
491.32
521.12
488.80
490.92
554.32
572.60
475.12
537.72
513.92
531.00
612.12
468.72
537.80
459.52
444.60
505.52
478.00
489.00
513.60
472.20
435.92
468.72
428.80
452.72
478.00
445.12
505.40
562.20
433.20
463.80
434.80
420.00
474.40
467.60
425.72
465.52
439.52
445.20
550.60
448.20
499.12
427.72
431.52
454.60
595.80
429.32
436.12
416.12
463.12
503.72
399.00
400.52
419.20
382.12
443.40
453.00
437.72
460.52
441.20
441.60
500.72
500.80
440.72
452.80
471.52
495.92
604.80
422.60
429.20
422.80
477.72
494.20
449.60
395.12
409.60
409.20
464.20
604.92
383.00
429.92
435.60
472.72
494.80
474.12
408.20
452.92
439.00
473.92
525.00
418.52
475.92
464.32
475.32
495.52
572.60
431.72
446.72
453.52
456.20
536.72
452.32
460.92
470.20
467.60
529.52
605.92
418.40
432.20
410.00
505.20
516.80
470.40
473.92
451.20
451.00
503.72
615.72
401.12
450.80
424.32
471.00
520.72
401.12
467.20
468.00
467.52
494.20
582.20
443.20
454.00
419.12
413.12
481.32
386.12
435.32
439.32
420.32
450.72
482.20
400.92
450.72
406.40
448.52
469.92
494.12
476.80
445.72
470.72
476.32
543.60
469.00
425.32
424.60
438.60
492.92
539.92
420.00
434.32
442.60
420.00
500.20
373.60
429.60
456.12
431.52
501.60
627.00
439.52
507.60
422.72
466.12
488.40
447.32
421.40
477.20
434.92
492.12
571.72
429.92
448.40
411.92
409.72
471.80
447.80
431.32
425.60
437.92
532.20
639.72
545.00
569.92
562.32
570.32
595.80
695.12
465.92
438.40
437.72
504.92
555.12
404.52
456.00
445.00
452.52
503.60
606.92
432.00
430.52
429.20
486.32
508.80
521.00
461.12
445.12
409.80
467.92
555.52
418.20
452.12
408.00
457.60
457.12
451.80
387.20
422.92
442.80
492.60
625.52
397.12
408.20
438.60
466.32
526.20
539.20
440.92
431.20
422.72
461.20
509.12
396.00
417.12
396.20
425.32
456.12
558.80
411.72
414.32
406.20
455.72
510.52
399.72
502.12
494.72
456.92
494.92
482.60
465.00
431.12
452.52
438.32
467.52
418.72
429.32
436.20
396.32
542.92
409.20
366.72
402.80
475.60
453.72
518.72
435.32
455.92
460.40
508.80
468.72
613.92
427.52
431.12
419.60
429.32
468.60
409.52
466.80
425.32
384.32
459.32
517.12
424.32
446.80
449.00
446.12
495.40
514.80
483.92
518.60
440.00
496.60
496.12
447.72
439.92
531.60
446.12
488.12
577.60
434.60
434.60
427.60
470.80
539.40
462.40
454.92
421.40
423.40
482.92
682.60
457.12
473.72
455.40
450.52
469.12
447.52
428.72
422.60
435.72
456.40
617.00
399.20
473.80
423.52
444.60
471.92
425.00
441.92
408.20
463.00
520.52
533.00
495.60
452.12
457.52
457.60
475.52
517.20
443.80
424.52
422.92
534.20
567.52
408.60
412.12
430.12
431.72
489.40
565.12
379.80
408.20
451.12
480.60
486.92
435.40
461.32
415.72
440.00
466.00
608.32
405.12
420.40
456.20
432.80
482.32
447.92
387.40
404.60
430.20
523.20
580.60
433.20
464.52
476.72
486.72
477.80
539.40
447.12
410.72
387.20
462.32
574.40
422.52
447.20
442.60
428.80
457.12
555.00
401.52
453.32
420.40
512.32
538.40
437.40
522.20
471.32
490.00
497.60
597.52
446.80
407.12
430.32
446.40
497.00
440.40
445.92
427.72
435.20
483.00
542.92
399.92
430.72
461.60
469.12
485.52
509.72
479.60
470.72
472.52
524.40
628.80
433.60
432.00
421.00
416.32
523.12
531.20
482.80
415.12
426.20
454.52
473.40
459.12
477.52
418.32
411.52
492.92
495.12
420.92
501.40
426.12
474.60
476.52
436.80
442.12
454.92
453.72
560.40
575.20
403.12
420.32
435.72
436.40
482.72
482.40
441.12
455.40
465.40
606.00
535.92
382.92
424.72
469.52
461.52
466.20
528.12
442.92
418.52
412.20
509.92
627.32
413.60
446.00
401.12
415.72
485.72
448.20
428.20
450.72
450.12
508.72
554.12
412.20
465.80
428.52
420.00
488.40
549.72
414.00
433.80
464.32
489.20
471.60
431.32
398.32
460.20
441.52
497.40
554.32
416.60
444.12
504.12
532.40
502.72
497.32
458.20
433.00
426.32
453.92
628.32
408.92
454.52
440.60
468.60
515.80
408.32
412.40
433.32
440.52
508.52
569.20
418.80
493.20
505.00
481.92
467.80
524.80
424.60
424.92
436.00
457.60
504.12
425.60
450.80
423.52
439.20
482.80
501.92
414.60
416.40
448.72
429.92
536.12
431.72
464.00
475.80
461.92
458.32
615.52
420.72
428.00
436.32
450.00
512.80
443.72
424.80
422.32
441.60
494.32
577.72
396.00
474.20
451.60
444.40
499.40
502.00
473.72
427.92
449.80
484.92
626.72
437.52
450.52
414.52
437.32
487.20
488.32
426.60
452.72
448.20
475.60
567.72
408.32
446.92
407.60
441.72
565.12
637.52
493.80
469.32
467.12
487.20
499.52
498.00
440.92
427.20
440.72
529.52
667.20
389.00
430.72
410.12
454.92
471.72
461.20
432.00
417.12
484.80
601.12
695.12
535.00
588.92
573.12
479.12
512.12
468.12
420.80
420.12
459.32
462.40
587.40
401.92
423.20
450.32
460.00
493.32
498.60
397.80
454.52
459.20
518.40
558.72
459.12
465.72
424.00
435.60
457.72
445.92
444.52
444.12
463.32
451.72
474.20
417.80
429.00
433.12
427.20
494.32
486.92
401.60
457.12
468.00
461.60
436.52
458.32
433.00
429.92
426.32
514.92
614.12
428.00
456.60
422.80
452.32
470.60
481.12
417.32
429.20
456.52
533.52
568.52
422.12
467.52
481.20
428.00
481.60
488.60
409.12
428.00
398.80
447.52
493.72
479.72
454.12
429.12
450.52
489.92
510.12
438.60
482.72
451.60
459.52
625.92
485.52
480.40
462.32
495.40
525.20
588.92
450.92
418.60
413.40
491.32
537.80
519.80
486.32
447.12
426.72
492.20
651.12
384.80
458.32
425.72
439.92
523.92
492.92
529.12
431.00
454.40
444.00
481.12
426.60
446.32
446.12
440.72
496.20
450.60
392.00
441.32
425.20
493.20
512.40
446.32
429.32
422.92
459.12
527.60
581.52
407.92
454.52
428.00
454.60
549.60
450.40
449.40
463.00
463.92
499.60
580.80
433.12
459.20
428.92
461.32
472.80
447.00
426.52
446.32
479.32
529.20
541.32
416.52
453.12
426.60
433.80
471.32
652.60
425.60
449.32
453.72
498.32
658.40
435.00
414.40
417.00
443.72
505.52
525.20
401.80
474.60
478.80
499.00
563.52
426.72
440.32
436.40
439.72
511.60
577.12
436.40
472.60
442.32
474.00
529.32
430.52
423.00
444.80
453.52
467.92
598.00
429.20
503.60
486.80
449.40
500.80
443.00
453.20
379.60
439.40
496.20
564.60
436.60
473.00
430.00
429.20
477.80
472.92
419.72
453.12
456.32
484.52
628.52
451.52
497.80
440.92
474.60
489.60
518.40
396.32
424.52
424.72
434.12
612.72
491.32
421.52
439.80
422.92
484.32
519.20
409.40
469.20
455.12
459.12
543.32
455.52
477.12
427.20
448.60
483.12
607.92
436.12
479.32
446.60
414.32
482.20
469.32
418.12
426.12
403.00
436.12
640.60
416.00
421.00
426.20
500.20
529.12
576.32
425.12
460.80
451.72
514.40
517.80
440.92
453.92
425.80
458.12
483.12
455.32
434.52
460.92
452.32
484.00
591.52
431.92
439.00
496.32
496.52
529.72
550.72
457.72
496.12
471.72
482.72
516.80
524.80
499.20
460.52
524.40
513.20
681.40
453.72
529.92
511.00
487.72
545.92
452.00
423.32
575.52
506.72
539.20
526.80
431.72
460.72
479.92
499.60
472.32
454.20
440.92
503.80
476.40
513.20
572.40
456.92
474.60
467.12
476.52
490.40
485.60
440.00
460.00
541.92
508.40
516.92
441.80
454.32
459.00
436.80
492.12
522.00
438.32
426.80
534.80
488.32
538.80
427.80
487.52
443.80
506.40
500.00
612.92
445.72
489.52
492.40
482.72
516.60
457.20
462.80
445.20
479.80
505.40
632.12
451.32
491.40
429.72
476.52
494.12
408.40
443.20
451.52
453.32
514.00
657.60
491.12
524.52
457.12
495.80
499.40
531.52
412.40
473.72
448.12
498.60
580.52
431.20
451.20
467.72
427.92
504.32
584.20
483.00
460.32
465.52
527.00
534.00
493.20
515.40
474.72
463.12
510.32
581.92
453.00
455.52
463.00
478.60
523.60
523.40
423.72
449.40
452.72
563.32
605.40
429.12
450.40
436.00
473.40
536.32
481.52
433.60
433.80
447.20
461.72
581.40
453.00
463.12
454.20
459.00
508.72
542.40
426.20
453.60
456.92
453.20
586.40
409.00
422.12
492.00
562.12
591.72
615.72
521.12
516.12
501.40
475.80
466.32
432.52
414.92
422.40
420.00
443.92
526.80
431.00
447.52
436.12
480.80
494.40
467.40
441.92
503.20
486.00
495.60
656.20
437.92
443.60
435.52
470.60
499.92
511.00
449.32
449.92
431.32
485.20
562.80
381.72
428.32
448.52
454.00
472.40
468.00
457.92
474.60
491.40
451.12
503.32
448.00
467.52
438.12
446.52
503.80
569.80
498.00
445.12
458.52
501.00
482.20
433.20
432.20
458.80
414.40
501.00
563.60
420.72
479.80
437.12
502.20
537.00
454.92
416.40
441.92
429.12
547.52
555.72
535.80
533.32
483.00
506.40
651.00
433.20
445.80
432.52
453.12
491.52
643.32
492.32
425.60
452.00
452.52
474.60
502.40
412.60
425.92
436.60
495.12
566.00
433.72
439.72
406.92
411.80
470.40
538.72
453.32
436.72
443.52
499.52
531.32
447.80
487.92
499.60
424.52
486.80
661.92
434.32
446.80
438.92
457.00
511.20
440.52
421.80
436.40
413.20
451.52
578.40
399.80
404.60
460.72
484.40
537.72
498.60
426.60
424.40
432.32
482.52
622.20
488.52
487.12
466.80
448.52
486.40
483.12
429.40
435.92
430.72
506.60
579.12
427.80
452.52
463.80
502.72
533.40
691.92
437.52
447.32
422.00
480.52
495.80
436.32
478.00
434.20
497.00
527.60
593.52
420.72
420.20
483.72
461.12
493.32
474.80
469.40
480.52
443.72
505.60
666.12
403.72
434.40
425.80
449.40
472.00
465.12
438.40
429.40
406.60
472.52
617.80
414.00
426.80
435.40
420.92
521.92
535.32
438.00
495.92
430.40
493.20
514.52
417.52
436.92
429.52
449.20
470.40
464.20
426.92
426.80
423.32
442.12
498.00
421.52
460.52
434.40
438.00
542.72
565.20
448.92
416.12
467.60
478.92
463.40
494.12
443.12
442.52
421.72
525.60
629.60
418.40
442.20
470.20
458.00
490.20
539.92
520.72
453.60
455.80
555.40
585.32
465.60
464.40
452.20
457.72
522.72
497.32
409.72
407.72
466.00
478.92
547.72
440.20
444.20
456.12
471.40
532.00
573.72
434.72
491.80
524.80
545.00
549.40
471.40
488.32
476.72
456.60
531.12
592.92
440.12
417.60
463.12
472.12
519.20
490.40
471.32
461.00
438.80
495.32
634.92
435.92
453.12
521.52
492.72
567.12
472.52
429.00
433.80
492.72
496.72
536.40
451.80
509.52
543.12
535.80
525.80
524.12
508.92
521.60
525.52
644.20
614.40
657.52
607.52
575.20
523.00
686.52
650.40
595.52
603.60
639.52
694.32
668.92
563.20
482.32
462.92
471.40
531.32
542.12
437.52
452.52
493.80
474.32
572.72
548.32
492.00
419.80
467.80
564.40
640.00
438.80
455.92
433.80
450.60
660.00
457.40
451.00
459.20
452.80
564.52
472.72
425.00
494.92
442.32
450.12
530.72
575.20
472.92
472.12
452.00
477.52
613.00
424.72
445.52
471.20
385.20
538.20
559.20
449.80
449.32
410.52
463.60
500.12
509.52
457.60
422.52
450.72
537.52
642.12
493.80
417.12
450.52
439.32
467.20
477.80
384.40
417.92
439.00
500.00
603.72
415.80
435.00
411.20
455.80
475.20
463.52
441.92
415.60
448.20
542.20
616.00
430.52
491.52
445.52
441.52
492.80
601.40
427.52
450.80
459.72
466.60
482.32
419.00
435.80
430.12
451.20
517.40
508.40
447.20
429.12
508.12
493.72
473.52
471.20
438.92
426.60
430.00
530.52
560.60
416.32
493.40
431.60
422.12
472.80
633.20
435.52
429.60
457.72
497.52
641.80
437.60
483.80
582.12
586.72
607.20
643.80
429.52
422.92
418.60
460.52
5