Measuring voltage and current with INA219 ...
447.80
412.52
520.40
474.32
636.00
510.80
461.80
439.80
597.80
654.12
544.00
461.80
456.72
450.92
473.80
496.52
462.60
455.40
452.92
558.72
597.20
447.52
422.40
418.60
449.00
462.40
543.60
491.40
469.52
486.92
536.72
557.92
459.92
478.80
424.60
424.00
508.40
687.40
444.80
431.60
491.40
514.20
596.92
428.80
415.52
417.60
441.32
510.32
434.40
426.40
431.40
448.32
534.20
530.52
449.52
465.32
453.12
488.72
565.52
610.40
419.00
438.60
441.12
456.32
505.72
440.60
435.60
421.12
440.00
511.92
587.12
403.40
478.40
484.32
499.60
457.32
456.92
449.12
427.52
430.00
517.20
452.52
420.12
452.12
431.92
444.12
466.20
448.20
432.52
418.80
446.32
539.12
627.52
449.00
490.92
459.92
452.52
541.92
561.92
439.40
433.72
453.80
456.72
618.20
484.40
512.52
423.12
424.72
482.80
424.00
389.52
443.00
486.00
480.72
470.52
566.32
516.32
466.00
439.80
514.40
616.92
436.12
423.92
407.80
447.00
482.20
482.60
420.60
413.32
404.32
518.60
577.52
396.12
460.92
423.20
447.00
539.52
515.60
458.40
422.12
443.32
487.00
519.60
422.32
447.12
426.52
406.92
484.12
437.80
417.92
414.12
446.12
429.12
495.60
458.92
474.72
425.40
461.00
558.80
546.52
430.80
451.20
449.52
452.80
468.20
453.00
474.12
433.32
495.00
537.20
585.60
437.20
450.80
428.00
482.92
593.12
447.00
418.12
426.12
440.00
483.80
604.32
440.52
472.40
424.12
438.60
485.80
414.32
430.12
437.20
450.20
465.80
512.00
419.60
451.00
490.32
450.52
497.92
437.12
412.32
452.00
477.20
506.40
575.60
417.92
439.20
441.80
401.60
479.32
543.60
428.80
430.52
424.80
477.92
526.40
432.92
453.60
421.32
450.12
477.00
612.92
426.52
489.00
459.32
462.12
508.52
429.12
448.00
420.12
404.52
461.72
533.72
440.20
495.32
418.92
430.00
463.40
446.12
451.60
448.32
448.12
495.12
618.52
442.52
497.40
487.20
447.12
498.80
491.60
424.92
418.80
444.12
494.00
511.72
449.60
461.72
411.80
403.52
495.12
520.20
436.12
440.12
452.52
464.92
535.20
443.52
545.60
446.20
478.20
496.12
546.60
443.72
454.00
455.52
448.60
509.72
452.52
434.72
437.32
472.72
482.72
578.80
421.80
425.32
435.60
462.32
561.00
486.00
426.20
487.12
461.40
459.32
550.40
419.72
438.40
424.72
460.00
535.20
573.80
493.60
539.12
505.40
528.00
570.60
435.72
448.80
417.80
474.20
494.60
453.00
463.80
454.32
418.20
434.92
464.52
445.72
436.52
423.00
446.60
484.00
489.32
423.12
435.60
422.12
428.00
501.20
406.12
407.00
462.12
470.72
565.32
595.00
439.60
416.40
412.12
423.20
487.40
513.00
457.20
431.12
452.72
474.52
553.12
420.40
451.60
457.20
452.32
471.92
418.20
470.80
496.80
459.40
503.32
531.80
458.32
443.12
427.72
413.60
501.60
512.32
451.60
468.40
474.80
521.92
464.12
437.12
433.20
473.12
467.92
517.12
587.52
435.52
479.80
463.60
474.12
538.12
428.60
433.12
431.00
437.60
484.20
656.60
455.00
456.60
447.00
444.32
456.72
493.20
433.80
435.20
418.00
453.00
487.72
433.40
467.40
458.00
453.20
501.00
464.00
450.12
416.80
440.92
518.80
625.60
427.40
454.12
466.32
425.00
481.52
515.52
435.92
437.52
405.20
490.00
529.60
463.72
456.72
429.52
418.80
446.12
600.92
406.80
434.40
447.60
515.40
505.40
450.80
439.00
464.20
492.60
536.92
574.32
451.20
496.92
426.92
463.80
514.20
448.40
396.92
470.52
417.32
476.60
608.00
422.32
450.52
413.32
504.20
521.60
484.40
414.72
428.32
420.92
485.12
557.52
421.00
448.00
457.12
453.00
547.00
531.80
425.00
422.72
422.92
472.72
470.72
402.32
445.60
431.32
482.40
501.52
519.20
430.60
449.12
444.52
508.52
538.92
529.80
497.52
546.32
545.60
512.20
515.12
422.52
428.92
437.12
435.80
463.52
491.40
454.72
447.72
450.60
447.80
614.20
383.32
462.60
465.92
426.92
497.52
526.12
432.12
468.32
485.32
463.80
494.20
450.52
556.72
489.60
444.00
475.20
619.00
458.40
440.00
401.60
439.80
442.60
635.72
436.92
441.00
409.60
508.80
527.92
432.12
474.52
436.40
455.72
480.12
578.12
457.20
433.32
432.92
555.52
544.72
462.00
427.20
417.32
442.80
463.12
610.72
495.40
438.00
415.12
479.52
507.00
506.00
440.20
420.72
429.72
462.00
549.52
409.12
434.32
434.12
443.52
482.72
587.00
448.80
418.12
433.32
473.40
599.20
447.52
437.72
443.52
526.40
509.52
622.20
422.12
449.80
438.52
495.12
465.92
431.00
464.72
428.20
500.32
468.32
573.00
447.72
425.60
424.40
484.20
538.40
451.52
438.60
468.52
480.12
518.32
491.72
461.20
431.12
424.92
453.52
458.00
600.92
438.40
440.72
422.40
437.00
582.60
418.20
422.12
425.72
526.20
516.32
674.92
450.00
479.20
531.52
530.00
573.92
491.72
454.52
447.32
533.52
477.92
539.20
568.52
456.20
449.92
502.00
503.12
426.72
476.80
405.00
490.32
456.40
616.12
463.92
509.52
460.72
551.32
491.92
489.40
461.40
435.00
458.32
480.32
647.40
480.52
423.72
437.40
534.72
524.20
466.80
454.80
454.00
455.32
455.00
605.20
439.80
498.72
463.92
535.60
498.60
576.52
449.00
425.60
452.92
536.52
551.00
513.60
459.32
462.12
517.52
474.80
600.72
506.12
460.60
450.60
563.00
643.20
515.60
494.52
474.72
481.40
485.80
585.32
465.32
432.32
425.00
542.72
552.00
521.60
460.92
426.00
452.00
483.00
641.92
479.20
457.32
429.52
549.40
522.20
535.52
459.00
474.72
447.92
564.32
627.80
436.52
460.92
483.60
498.52
493.40
656.12
451.60
504.52
462.92
469.40
522.40
437.80
444.20
477.32
545.32
535.52
431.80
457.00
412.40
434.52
495.72
591.60
429.12
450.92
480.52
543.72
549.00
529.40
523.40
523.60
459.00
537.60
651.40
396.32
438.40
483.52
489.12
567.52
426.32
423.60
426.60
445.40
487.20
524.60
405.60
463.52
451.60
439.80
462.32
452.72
417.80
433.92
424.60
476.80
485.92
418.32
506.72
499.52
450.00
455.40
424.32
386.72
447.12
426.00
479.40
528.40
425.00
458.00
424.40
416.00
494.00
606.72
424.40
433.32
451.32
463.00
496.60
461.92
484.32
487.60
421.40
479.60
638.00
401.40
407.20
394.40
385.92
473.20
462.00
501.52
421.60
428.60
448.12
500.80
432.80
476.80
455.00
447.20
534.12
501.80
441.60
428.12
460.00
483.40
475.72
468.20
419.20
425.72
412.52
501.80
602.20
396.60
403.40
427.32
464.32
506.00
462.52
500.92
428.52
423.60
531.92
638.72
459.52
482.12
454.52
449.00
486.00
421.92
423.52
407.12
403.72
538.20
549.72
405.72
440.32
414.60
435.32
437.72
445.80
394.80
413.60
458.12
528.60
612.12
413.40
455.80
445.20
442.72
519.00
531.92
414.80
412.20
449.32
486.32
524.32
408.60
450.12
398.40
457.40
524.20
582.92
406.92
460.80
475.92
464.92
499.92
478.40
461.92
421.60
439.40
475.40
531.52
397.72
439.92
456.40
431.12
468.92
448.52
424.00
402.92
447.72
493.92
613.20
421.80
477.12
483.92
472.00
476.92
459.72
409.52
420.92
419.00
464.12
567.20
405.32
467.00
467.80
515.92
484.60
562.80
416.12
439.12
448.32
452.12
505.32
464.00
491.32
504.32
453.92
539.12
539.72
419.32
412.32
431.40
448.00
485.32
442.72
454.60
425.32
520.32
503.72
580.52
480.52
464.12
439.52
451.52
498.52
509.20
476.32
472.72
490.40
501.80
595.52
408.00
427.72
413.72
415.60
469.40
400.92
375.80
424.92
406.72
461.40
513.72
422.92
476.80
430.92
427.40
514.00
539.20
444.12
454.12
465.32
482.20
488.40
420.12
444.12
434.00
447.40
500.80
543.80
445.80
417.80
441.92
429.52
535.60
437.60
474.20
411.40
456.12
521.60
643.72
439.72
471.40
438.40
453.72
480.52
414.12
441.00
418.40
451.00
477.92
573.20
392.12
432.92
414.72
419.80
498.80
439.72
419.32
450.92
489.60
516.60
495.40
435.52
492.72
422.32
441.20
471.40
482.72
401.72
461.32
450.92
461.00
608.20
420.00
437.60
442.52
461.20
539.40
577.12
418.20
457.40
490.80
506.20
488.32
457.60
484.20
433.20
426.80
489.40
592.20
414.52
469.12
427.72
442.12
498.40
438.40
425.12
419.20
425.00
485.72
559.20
498.80
521.12
473.00
452.52
515.12
485.60
390.32
419.52
419.60
486.00
520.72
416.80
424.00
420.72
428.52
474.00
527.60
421.40
452.00
451.52
479.60
526.80
504.92
482.52
410.72
454.40
507.92
648.40
416.12
419.32
419.52
453.80
549.92
421.32
430.12
397.20
419.60
498.72
492.00
456.72
443.40
384.92
432.32
530.12
479.60
449.52
426.72
453.92
492.60
509.12
401.40
456.00
423.60
437.92
496.80
464.40
416.20
430.20
400.92
433.80
589.32
438.00
448.60
424.92
465.80
499.40
629.00
449.92
428.80
441.00
435.52
509.20
405.32
450.32
443.92
479.12
510.40
480.80
425.60
446.40
434.12
459.40
524.60
459.32
494.32
450.52
473.52
546.32
529.52
444.92
443.00
424.32
504.20
525.80
447.12
410.12
434.92
447.60
511.60
600.72
403.80
428.20
416.80
444.60
486.92
624.20
420.92
459.52
454.60
502.20
502.52
451.52
449.92
422.60
424.60
463.40
429.00
378.92
471.20
489.00
545.32
598.12
510.72
546.80
476.32
556.52
544.52
622.60
451.32
465.72
502.20
476.00
525.20
446.60
406.00
413.72
432.40
477.00
587.32
394.52
427.40
423.92
449.00
481.52
397.32
425.20
436.52
472.60
430.12
587.00
470.72
502.52
442.20
467.20
500.92
461.92
414.32
474.60
434.40
482.20
506.92
416.40
445.32
403.12
444.20
472.72
479.60
474.52
450.60
415.32
485.00
629.72
453.00
489.32
414.92
470.12
521.60
652.92
423.92
453.20
433.00
473.00
522.52
407.72
454.52
429.20
424.00
508.92
644.52
472.32
471.12
441.52
456.72
504.40
491.60
398.00
446.40
433.60
517.12
601.20
422.12
399.00
436.20
461.92
480.92
457.40
415.20
418.80
428.00
491.60
632.40
415.32
450.72
449.60
481.40
526.80
606.72
456.60
456.32
414.60
479.40
504.40
397.52
489.72
459.80
434.20
452.32
580.20
387.80
434.92
432.20
438.92
510.32
430.20
440.32
479.20
457.32
520.80
598.80
436.60
432.72
411.20
428.00
454.60
446.60
391.80
428.32
413.12
525.12
616.92
403.12
467.00
400.32
488.60
500.60
585.40
460.12
467.72
467.52
463.80
527.60
442.32
441.32
424.52
438.52
472.60
424.72
468.32
436.20
413.60
481.12
530.20
467.80
488.80
490.40
450.00
512.60
542.20
491.40
498.52
467.00
481.32
508.92
444.80
433.12
441.72
433.60
500.00
598.20
447.60
443.92
436.12
457.40
472.72
457.80
405.40
451.52
465.72
444.60
609.92
456.92
492.72
421.92
467.12
477.00
439.72
429.32
454.20
427.52
461.80
534.12
415.40
440.92
422.40
487.60
479.00
472.20
438.80
430.00
411.80
472.72
506.20
489.60
471.12
449.20
435.72
482.80
543.32
437.72
430.92
420.60
498.20
530.80
450.40
381.40
478.92
432.00
474.92
648.00
427.00
402.72
448.32
507.00
526.52
436.40
458.40
439.12
426.72
464.60
515.60
404.72
437.92
416.72
461.52
462.40
438.40
410.32
419.80
421.32
520.32
528.00
417.12
443.12
465.00
475.72
522.72
546.52
418.00
429.00
419.80
467.12
522.00
402.32
399.12
458.60
451.72
501.12
567.00
405.40
454.00
443.00
491.60
521.72
417.12
463.00
472.20
536.52
515.00
619.40
454.00
444.92
430.60
442.80
478.92
434.00
429.00
429.72
421.72
507.40
598.40
387.12
454.80
462.40
414.32
472.12
525.32
461.60
464.12
416.00
514.32
626.00
426.32
448.32
411.52
432.80
497.12
538.80
426.92
451.60
462.40
475.20
520.12
376.80
472.80
452.72
427.20
483.40
633.20
440.00
482.32
409.52
456.60
526.52
383.12
429.32
421.60
429.80
476.72
534.80
477.80
455.12
415.52
433.00
483.72
494.80
435.72
430.00
425.40
522.00
632.72
470.52
425.20
432.12
450.32
459.60
634.20
409.40
442.32
417.40
474.00
565.92
417.80
449.20
433.32
466.32
475.00
464.00
421.52
429.92
442.72
506.92
503.60
446.20
475.72
537.40
497.20
497.00
584.80
509.20
486.80
484.80
522.72
507.52
491.40
431.32
395.60
447.52
503.72
625.00
461.80
462.92
480.72
521.72
525.12
540.32
479.60
474.60
412.72
502.92
564.52
445.92
552.00
518.00
469.60
503.20
470.72
399.80
456.32
423.92
504.40
548.72
491.32
533.12
480.20
504.92
501.80
548.20
449.52
444.20
453.80
453.60
516.92
426.60
443.60
461.40
438.00
515.20
570.20
502.72
450.32
486.00
494.12
520.72
455.40
494.20
504.92
492.60
512.60
619.40
426.12
407.20
452.60
440.60
509.00
470.60
481.40
537.72
539.12
600.12
674.12
529.20
476.00
470.20
447.32
491.00
502.20
467.20
507.72
431.12
522.92
504.40
442.00
434.80
419.20
423.72
531.00
588.20
443.12
454.92
461.72
493.80
547.32
408.52
500.80
480.52
445.00
563.12
667.72
498.60
479.00
475.92
489.52
499.52
446.52
438.00
446.72
485.92
500.52
610.52
420.00
423.60
439.20
454.60
479.40
485.12
430.72
433.60
449.92
549.72
668.32
453.00
517.72
456.72
442.00
476.52
545.20
416.00
406.12
443.52
470.12
601.12
388.72
417.52
414.52
443.40
460.40
541.32
386.40
425.12
462.52
518.32
527.00
429.12
521.20
421.92
433.80
472.80
587.72
421.72
442.40
444.52
436.20
481.92
396.52
387.00
421.20
446.60
521.40
581.92
388.92
477.92
481.60
466.12
480.40
521.00
436.60
418.32
412.72
473.60
640.20
430.12
463.12
432.80
440.60
468.80
514.00
418.12
423.20
429.12
465.52
519.40
422.12
481.12
450.72
424.32
499.80
470.72
371.80
428.72
445.92
499.40
497.92
418.72
453.92
422.60
432.00
475.52
522.92
402.72
448.20
492.72
449.32
484.20
487.60
482.92
503.52
460.72
514.12
631.92
378.80
435.52
431.52
429.72
500.52
514.80
435.12
438.60
430.80
479.32
587.32
408.60
470.92
428.80
433.92
492.92
465.60
487.12
439.00
452.40
479.00
490.52
464.12
433.20
419.12
413.40
464.12
477.32
402.12
422.72
423.52
443.00
499.52
433.32
438.40
425.12
443.20
536.12
670.32
443.20
456.32
500.32
459.60
501.00
438.00
410.60
418.52
439.40
498.12
603.80
403.60
423.40
421.20
425.80
466.92
465.00
410.72
429.52
454.80
508.00
572.40
420.00
454.80
425.52
510.12
497.12
446.00
416.72
406.72
449.32
492.92
624.20
405.80
413.40
442.12
429.80
487.40
499.52
382.00
453.32
484.72
527.52
532.00
435.32
432.72
452.80
436.12
555.52
619.20
414.20
473.40
459.80
447.60
491.92
587.32
422.80
434.80
464.60
498.80
574.92
424.40
496.80
472.00
470.92
492.52
516.40
508.40
465.80
461.40
530.20
633.52
482.60
475.20
439.00
439.40
488.60
505.52
408.52
435.80
487.32
464.72
538.12
441.40
482.80
467.20
409.00
515.32
601.80
393.80
415.32
412.60
457.20
511.80
453.20
451.60
469.20
447.12
451.00
615.12
398.12
457.92
448.60
443.52
508.80
487.00
489.60
431.52
452.12
542.80
603.32
407.92
436.32
426.40
438.80
505.40
492.20
483.40
421.12
418.72
492.00
625.60
419.32
456.92
405.12
454.32
554.20
612.20
422.72
444.20
458.32
452.72
522.52
428.72
448.20
436.80
449.32
498.72
467.92
418.40
431.12
425.00
439.72
475.52
457.32
394.72
450.40
469.12
497.32
631.60
381.32
460.40
430.40
444.40
464.80
503.72
438.92
442.80
459.40
528.92
643.80
446.92
454.92
433.32
444.72
517.40
547.12
405.12
465.92
491.12
505.32
521.72
428.72
453.52
383.72
421.32
489.40
433.60
404.20
451.32
443.20
473.60
505.40
406.60
425.00
432.52
446.80
482.32
510.32
418.92
470.92
468.32
519.40
511.72
499.60
439.00
459.92
451.72
547.80
500.92
441.40
469.32
489.00
588.72
579.32
479.12
551.32
531.12
538.12
665.00
556.60
641.52
572.00
494.72
514.80
699.60
533.52
562.40
419.20
418.60
517.52
491.12
448.92
441.00
417.92
423.92
505.20
437.20
423.60
435.92
415.12
496.52
571.80
473.52
436.40
440.20
464.12
501.52
484.72
403.60
426.80
445.40
454.12
575.52
463.80
534.60
508.32
533.40
569.32
632.40
433.00
460.72
416.80
481.32
554.92
524.12
396.00
472.40
471.52
533.92
570.92
449.72
464.60
426.00
438.92
526.32
500.72
418.00
445.20
435.20
512.80
485.92
428.60
423.92
429.20
470.12
558.12
629.32
390.92
432.52
418.12
494.72
541.00
404.80
432.72
416.80
461.72
488.40
552.60
407.20
429.52
419.60
459.32
529.32
422.32
423.20
462.80
495.20
524.20
592.00
428.20
461.00
425.72
431.00
456.32
417.32
409.80
435.80
449.80
487.72
539.80
390.60
445.40
415.32
446.40
509.00
481.72
416.20
458.60
455.12
505.80
614.32
398.92
427.80
413.40
436.12
491.40
551.92
419.52
460.80
452.92
442.00
498.72
398.40
417.60
439.80
441.60
476.20
525.20
469.92
487.40
497.72
501.52
495.92
452.80
474.72
471.60
424.00
492.60
516.52
425.12
434.72
447.40
438.60
508.40
476.72
415.92
491.72
435.92
510.00
680.20
465.32
520.20
444.32
461.20
495.12
552.12
412.00
440.92
427.00
469.12
595.60
470.32
522.40
423.80
436.80
437.12
452.40
442.92
430.12
425.20
481.00
534.60
496.52
448.60
470.72
477.92
536.60
598.20
398.60
417.80
401.52
471.80
531.80
439.52
441.00
427.92
418.40
474.20
495.12
443.32
403.72
400.92
488.92
506.60
450.80
414.60
459.32
421.12
467.92
544.20
410.52
430.00
423.52
447.40
494.60
457.60
396.12
433.52
420.20
454.32
577.32
418.00
419.92
448.80
509.12
525.12
533.72
426.32
404.60
413.40
470.72
589.72
433.52
426.60
456.40
469.80
552.60
543.32
426.92
424.52
424.52
484.72
573.52
454.72
438.80
466.40
454.60
538.20
584.92
423.20
437.20
428.60
522.52
503.80
544.20
498.20
450.60
434.72
495.00
559.52
512.52
447.20
430.72
490.52
517.20
481.20
453.32
478.20
520.20
497.20
674.40
407.92
421.92
428.92
465.40
491.72
522.20
446.52
455.40
434.40
454.40
547.12
401.40
421.20
444.92
442.32
470.12
600.20
454.80
459.00
431.60
461.92
507.92
417.72
431.80
420.60
440.00
476.52
507.00
450.60
453.80
421.20
426.92
451.72
449.60
450.80
449.80
437.60
466.12
622.60
455.12
453.00
411.40
467.20
456.92
553.80
400.00
419.92
420.72
457.80
608.52
418.12
440.40
418.52
429.92
473.00
567.00
478.20
445.00
426.00
487.00
539.00
470.80
426.32
453.52
431.80
466.92
520.92
390.92
420.20
363.52
439.52
491.32
428.32
432.52
451.92
432.32
490.80
554.20
417.40
413.00
449.00
503.80
530.72
473.80
444.00
457.12
436.72
503.40
654.40
422.00
454.52
453.32
454.72
477.00
415.00
394.72
428.32
442.20
494.12
572.92
416.72
483.40
477.40
498.80
513.00
548.00
475.60
425.60
418.72
447.40
493.52
443.32
434.80
504.72
436.32
490.72
534.60
400.80
420.20
425.20
484.72
434.52
423.20
454.52
470.12
464.12
490.00
631.80
374.20
438.12
444.40
453.00
488.12
436.92
454.00
439.52
429.32
467.72
570.40
466.80
451.12
451.72
433.60
482.00
494.00
476.00
480.12
437.72
479.20
479.12
394.32
392.52
391.32
478.72
478.00
496.00
435.60
419.60
419.40
464.12
596.52
406.12
436.60
460.32
429.52
494.72
565.40
437.80
461.20
454.12
481.20
492.92
418.32
423.72
424.52
440.00
501.92
608.20
419.32
417.32
431.12
461.00
493.00
459.92
467.12
438.20
451.40
548.32
566.20
503.60
431.32
455.92
453.40
478.80
478.92
407.52
450.72
416.72
502.12
642.40
485.12
567.00
563.52
525.20
508.32
480.60
429.40
424.72
458.00
529.20
544.60
480.92
445.60
430.72
433.40
483.12
641.72
400.80
476.12
452.72
483.12
517.72
454.12
475.40
416.20
428.60
507.20
520.40
395.00
419.12
494.32
454.52
537.80
566.72
496.32
417.32
432.60
491.80
646.20
401.60
484.32
456.32
435.12
485.12
474.60
421.40
427.32
407.92
480.32
587.52
373.12
469.52
463.32
484.32
453.92
575.92
364.52
393.20
428.60
455.40
501.80
418.60
462.20
449.80
457.52
541.92
515.32
418.12
442.12
489.60
483.52
479.52
655.60
467.52
515.92
407.72
522.20
612.92
382.80
428.72
446.52
446.40
462.32
479.32
422.32
442.12
442.12
502.72
652.00
420.80
519.40
471.80
436.52
536.52
534.60
459.20
472.20
417.80
499.20
525.60
416.52
426.20
393.72
412.40
476.12
497.52
459.00
440.20
444.12
445.20
495.92
438.12
493.60
407.20
432.80
540.92
574.80
474.72
431.32
469.80
481.12
500.32
469.32
426.52
432.40
415.52
496.80
604.32
443.72
445.60
433.40
444.00
470.52
462.52
443.72
437.32
451.32
521.40
584.80
407.20
454.80
426.12
415.32
517.80
444.80
399.20
445.40
482.12
490.72
506.40
429.80
438.52
424.40
443.32
500.20
517.20
434.32
431.00
485.52
510.12
544.80
431.12
433.20
454.32
453.12
497.32
584.00
376.60
432.60
463.92
451.60
510.20
421.20
454.52
434.52
405.32
511.12
600.80
406.80
446.52
459.60
494.60
504.32
466.12
427.92
439.40
451.60
509.72
584.40
444.20
526.20
443.20
439.12
500.40
499.92
424.52
445.52
452.92
518.92
608.92
522.60
494.12
465.40
472.32
531.12
509.20
416.00
416.00
467.20
454.00
633.80
556.20
469.32
450.12
543.12
526.32
576.92
478.20
459.00
448.00
474.00
535.12
544.52
546.40
467.12
474.00
536.60
640.52
421.80
503.32
423.40
423.92
489.60
516.72
452.12
443.80
465.00
509.40
631.80
484.52
531.72
450.40
448.92
527.32
560.32
534.80
455.92
501.12
461.92
539.00
477.80
434.72
423.32
431.12
554.60
616.80
493.92
434.20
418.32
457.80
511.20
457.80
453.00
425.92
521.32
565.20
572.60
460.52
448.92
447.72
441.52
522.92
462.92
460.72
539.32
515.80
544.40
684.00
436.00
447.00
417.80
471.72
504.60
539.52
443.20
437.40
478.40
532.12
617.52
453.72
454.00
392.52
447.72
501.20
470.12
431.52
441.52
468.12
498.40
569.20
455.40
482.12
430.20
433.12
515.40
513.80
494.32
480.40
461.92
483.80
507.60
513.32
438.20
443.80
453.40
491.80
544.80
396.40
452.32
457.32
485.72
549.32
465.00
440.20
461.60
453.60
485.40
627.60
488.12
481.92
477.72
465.12
525.20
463.00
439.80
441.32
439.32
468.92
609.32
483.00
424.20
446.32
437.20
503.20
488.60
430.80
441.00
456.12
484.40
510.32
476.12
486.60
489.52
450.80
509.12
541.52
416.80
481.52
451.52
464.12
589.40
450.40
455.80
454.20
447.80
493.00
565.72
429.12
469.40
456.60
465.92
532.12
473.40
489.72
439.52
453.72
483.52
564.20
411.00
404.80
438.20
455.92
518.80
461.32
405.40
437.92
450.72
504.32
581.20
483.72
478.52
430.72
473.00
521.92
557.32
440.80
509.12
466.92
551.32
560.80
497.60
426.20
432.52
450.40
533.12
560.60
415.32
431.20
434.20
520.40
589.72
458.00
437.40
450.72
493.00
522.12
531.92
436.92
426.52
420.80
445.40
507.32
451.00
419.40
427.60
495.60
557.60
580.40
515.32
513.32
537.92
481.60
581.52
505.20
479.32
514.40
482.60
518.12
565.40
430.60
414.20
476.40
454.00
481.80
514.72
399.52
452.72
433.12
464.20
575.92
402.80
412.40
414.32
458.72
469.92
456.52
437.32
486.00
484.72
470.52
538.60
471.52
422.00
448.20
439.40
489.72
481.92
419.32
446.12
452.00
426.12
450.40
427.92
411.40
436.40
448.12
475.00
536.12
452.00
479.32
456.20
496.80
511.80
510.80
435.32
453.20
453.80
500.60
519.80
468.00
437.20
442.52
439.12
485.40
457.40
413.40
463.80
434.72
485.60
511.12
458.00
449.40
389.72
450.92
519.32
532.40
434.32
482.20
531.40
472.52
520.52
458.40
441.52
437.92
481.80
508.32
544.40
443.12
434.80
434.72
520.12
554.60
538.92
466.32
502.60
557.40
519.20
621.52
434.32
433.20
438.80
483.60
534.00
477.00
434.60
452.80
447.80
474.20
575.32
479.72
450.60
456.00
487.60
531.00
502.12
468.20
470.72
432.12
496.60
492.52
480.20
459.72
493.52
471.40
518.72
495.40
413.60
450.60
455.00
490.00
614.20
503.00
506.72
500.60
488.72
552.60
585.40
445.32
447.12
455.72
474.00
502.00
453.80
449.60
447.60
425.20
453.20
615.12
399.00
443.60
429.52
508.20
478.40
460.60
478.60
487.40
510.80
517.52
598.20
532.80
468.72
498.60
454.92
491.12
483.92
457.20
465.40
451.92
491.60
581.52
434.32
392.92
403.12
465.60
502.52
508.60
464.40
472.20
531.32
517.00
549.12
449.40
444.32
482.32
439.40
521.52
464.40
446.32
441.72
427.72
460.52
524.52
448.52
434.20
479.00
429.80
487.72
541.20
465.52
502.92
469.00
475.92
507.20
461.92
439.80
440.40
429.60
550.32
622.92
479.72
455.52
496.60
518.60
567.00
561.80
610.52
699.72
618.80
691.40
699.32
532.12
582.72
655.20
591.80
661.92
652.12
546.32
454.72
417.92
594.32
546.72
453.92
427.32
453.72
445.40
489.60
475.32
412.00
420.40
419.00
499.40
563.80
445.20
426.52
462.72
421.12
569.60
433.60
400.12
402.52
450.00
488.00
548.00
480.20
390.72
423.92
421.40
486.32
559.20
430.40
448.40
452.52
514.92
512.52
463.40
451.40
424.52
430.12
464.20
577.60
435.60
437.92
462.52
454.00
515.12
457.52
408.20
437.72
430.60
482.40
492.92
411.72
450.80
495.52
491.00
523.52
584.60
442.40
431.52
409.20
481.80
546.80
448.52
431.12
468.80
428.12
477.52
561.92
416.80
387.72
447.72
474.80
486.40
461.72
462.40
464.20
497.60
430.20
576.80
444.40
472.20
423.92
436.12
535.60
473.40
428.20
428.72
428.12
487.52
463.20
576.72
439.32
447.12
438.80
508.72
559.20
465.32
495.72
421.12
459.00
491.60
442.92
461.00
473.52
446.52
485.00
573.80
416.00
428.20
408.40
451.12
531.60
460.92
438.80
450.12
502.00
534.52
599.80
459.52
460.52
452.72
442.40
481.80
453.60
462.20
424.00
400.52
481.40
538.92
422.40
469.60
394.72
443.52
484.00
489.60
448.20
455.32
441.52
531.80
573.52
454.80
519.32
456.20
452.72
520.52
573.92
514.40
449.32
447.52
491.00
526.60
460.52
452.80
427.60
417.00
488.00
604.00
469.60
418.20
481.72
566.20
564.40
458.52
460.32
475.52
436.72
511.80
506.52
388.00
429.72
496.32
459.32
475.12
464.92
432.20
428.20
424.00
493.20
574.72
418.12
467.60
513.40
543.20
530.32
583.40
469.52
422.32
421.80
453.20
552.00
438.40
479.72
469.52
527.32
589.00
574.12
496.80
493.20
474.60
511.00
544.92
468.00
474.52
495.92
511.40
531.40
559.20
434.52
394.40
394.92
452.32
465.72
449.32
449.92
451.12
422.32
491.92
553.72
421.52
422.32
452.72
456.52
503.12
524.72
498.32
505.92
433.32
508.60
556.32
460.72
444.32
417.52
435.72
495.92
505.00
400.60
399.52
396.12
452.20
530.20
449.12
453.80
473.72
489.00
532.32
551.60
515.92
457.40
468.20
502.12
515.00
460.92
482.52
444.20
441.72
514.20
525.12
422.40
406.60
432.80
489.00
509.80
466.80
416.80
399.60
452.12
520.32
609.20
486.32
441.80
462.32
441.92
492.12
450.72
455.00
429.12
413.72
473.12
533.20
417.80
447.12
419.60
433.32
526.60
495.72
423.60
437.60
463.12
499.20
581.00
450.52
441.80
428.32
445.60
500.40
539.72
400.00
419.00
4