Measuring voltage and current with INA219 ...
422.00
599.80
503.60
467.32
439.20
432.80
451.60
480.40
470.20
484.80
485.52
429.12
498.12
594.00
509.12
478.20
515.52
491.60
496.40
489.20
416.80
447.92
385.32
452.40
536.52
463.72
464.72
458.80
437.40
542.00
516.32
488.40
452.60
472.12
498.00
573.80
490.40
477.00
463.92
444.80
531.12
573.40
449.00
457.20
434.92
443.60
451.72
430.32
470.32
447.60
469.60
484.92
607.92
491.12
454.12
491.00
497.00
511.00
502.12
486.20
478.72
426.60
502.00
549.12
459.40
469.20
471.72
419.72
537.00
467.40
481.52
478.00
417.92
524.52
561.60
457.00
507.52
491.00
493.20
545.60
573.60
493.72
449.40
427.40
462.40
548.20
467.72
507.00
444.00
459.12
506.00
600.92
454.12
464.52
438.32
482.60
495.00
548.92
512.00
514.40
466.20
545.80
592.40
444.32
465.20
417.80
454.12
496.20
462.32
494.92
446.52
417.32
483.00
562.00
479.12
463.72
479.20
458.72
533.32
631.92
502.20
430.12
420.32
475.92
513.72
447.92
470.20
481.72
437.52
479.72
573.72
437.80
437.12
423.32
419.92
482.80
445.20
483.20
435.80
424.60
526.72
551.92
490.52
415.20
425.72
446.20
461.92
465.72
460.72
427.52
388.12
519.92
579.40
447.00
450.40
420.00
435.32
510.20
454.60
475.60
441.52
446.60
502.40
542.92
442.92
451.40
476.80
422.72
490.52
489.92
452.80
433.72
403.72
458.40
486.00
438.72
446.20
453.00
411.52
456.52
515.72
452.92
429.60
442.00
461.12
499.60
434.80
459.72
431.20
422.92
523.00
539.80
436.72
429.40
437.92
454.12
509.00
481.92
465.80
462.00
391.52
522.32
543.60
565.20
589.40
504.12
487.12
561.52
533.60
512.32
444.12
414.60
440.72
509.20
435.80
460.60
450.72
413.00
478.80
462.60
431.20
427.60
428.80
487.60
479.32
469.32
464.00
469.00
439.00
525.92
584.60
469.20
432.40
365.40
394.72
489.72
433.60
480.72
454.72
383.12
485.20
565.20
418.40
423.32
443.92
441.80
489.72
460.00
472.52
431.20
396.92
487.12
585.72
447.12
433.00
437.52
431.20
467.32
451.80
440.60
432.52
402.32
478.92
546.92
450.80
480.80
473.52
446.92
506.32
503.32
479.92
448.32
440.32
468.20
545.32
435.32
477.60
429.92
405.32
494.40
499.40
440.72
436.72
408.00
438.52
435.00
453.60
461.12
437.40
474.60
501.80
571.52
478.92
473.80
482.60
427.52
505.80
444.80
439.72
490.32
458.80
490.92
541.80
440.80
511.40
515.60
501.52
561.72
602.72
509.80
483.52
441.92
531.72
559.92
462.52
507.40
470.32
483.92
509.92
504.80
432.60
461.32
416.80
428.00
515.40
436.12
463.32
423.60
431.72
480.20
546.40
441.92
492.32
473.92
484.00
532.20
517.72
471.40
438.52
449.80
583.40
547.92
430.72
453.60
455.60
407.12
472.20
560.80
427.32
426.92
396.52
496.52
547.00
453.12
497.00
464.60
430.00
493.00
503.12
435.00
413.00
394.32
468.00
542.92
457.12
484.20
446.20
423.12
474.52
494.92
433.52
418.52
428.80
459.00
494.92
474.12
481.52
456.00
431.72
496.52
455.72
551.92
432.72
382.80
419.92
475.60
602.32
450.92
431.52
396.72
510.20
575.72
521.52
503.60
454.60
435.40
522.52
620.72
515.60
422.92
455.00
487.20
476.52
511.00
452.80
435.92
425.92
491.80
598.00
440.00
399.20
421.12
461.52
472.32
502.32
515.52
423.20
440.72
526.60
620.60
494.52
447.40
446.32
471.60
523.80
599.52
426.32
453.32
412.72
534.00
590.00
424.80
432.52
410.72
457.60
452.20
489.52
411.52
394.20
403.32
514.12
521.52
474.32
449.00
429.80
434.12
455.92
583.32
420.52
426.72
438.20
453.72
454.12
499.60
453.32
409.40
433.40
487.00
576.52
419.52
494.52
436.32
537.12
462.52
588.20
485.20
386.32
493.00
486.00
537.60
478.60
471.92
452.40
463.72
485.12
460.80
447.40
436.12
382.12
532.52
530.12
481.40
486.92
494.72
452.60
485.00
633.60
440.60
424.72
433.32
522.72
527.52
494.72
460.00
466.00
460.72
471.00
596.52
447.80
438.52
426.60
488.00
499.60
559.20
514.32
482.12
439.20
544.52
561.40
490.60
433.80
390.20
454.20
482.20
466.52
472.92
431.92
418.40
524.40
534.00
426.20
455.80
431.60
441.32
495.12
583.72
531.72
435.80
443.52
499.20
596.52
472.20
443.12
435.52
419.52
475.12
644.72
453.80
427.12
427.52
496.60
555.92
468.72
457.52
472.72
431.60
516.32
608.32
437.72
431.52
440.40
469.52
479.60
468.52
438.32
429.60
453.60
510.52
483.72
474.40
431.52
386.12
455.80
471.12
490.12
455.32
431.80
470.80
520.92
564.52
438.60
453.52
452.12
403.60
439.20
484.80
431.20
410.32
460.92
497.32
458.20
430.32
421.92
422.12
416.72
486.32
459.00
470.00
481.80
455.80
550.20
564.40
484.12
478.40
441.92
477.12
504.80
428.12
433.80
494.32
487.52
459.32
552.12
475.00
458.72
416.12
407.12
505.52
438.40
469.80
490.12
473.52
478.52
550.32
457.32
454.32
409.40
455.32
472.40
489.32
414.40
453.00
391.80
416.12
430.60
448.80
444.40
432.72
417.52
490.32
519.40
469.32
465.20
445.12
438.92
505.92
429.40
453.52
427.72
427.60
498.32
560.52
468.52
457.92
428.00
403.20
451.40
460.00
460.40
458.12
413.00
490.00
530.60
496.60
534.52
418.12
449.52
495.12
437.52
429.72
435.00
415.80
465.60
581.72
494.00
447.40
430.52
426.40
487.52
506.52
464.52
500.52
439.80
459.80
549.40
472.20
459.60
440.92
425.12
515.92
475.12
469.92
465.72
417.32
460.52
494.52
429.52
443.12
426.32
422.80
488.00
563.92
462.80
472.80
427.20
472.00
545.52
505.60
446.20
447.80
437.40
517.72
567.20
479.80
469.40
470.32
498.40
504.12
460.40
429.72
436.40
425.12
436.60
563.12
449.52
442.60
449.20
456.00
511.40
546.40
432.32
439.00
444.92
453.80
502.00
437.80
452.40
430.40
464.60
466.80
484.72
494.32
526.52
532.80
456.00
556.32
444.92
453.40
477.52
418.60
518.60
512.20
459.00
449.32
436.52
409.52
485.60
460.52
423.20
452.60
412.60
468.60
568.72
449.20
497.12
413.12
453.00
472.60
564.60
442.32
442.60
473.00
472.12
520.00
423.52
459.60
427.52
446.20
485.20
459.80
458.60
463.92
427.80
426.52
482.00
421.80
446.72
449.40
409.52
458.80
529.40
480.52
496.92
419.72
406.00
493.80
437.80
458.72
439.40
441.20
484.80
554.60
475.00
484.92
443.20
430.72
524.92
474.80
465.12
456.72
399.32
485.72
573.60
493.60
472.20
433.80
430.60
480.60
465.00
436.80
389.12
377.12
388.40
532.00
432.92
431.60
425.60
428.92
478.00
458.72
439.20
434.72
403.20
485.72
544.00
493.00
454.80
459.60
421.40
503.60
537.80
403.12
421.72
432.72
452.20
514.60
446.32
478.60
502.20
446.12
460.32
573.92
442.40
449.20
464.40
428.32
505.92
452.52
480.40
467.12
409.32
461.40
498.92
441.12
444.92
422.00
460.20
496.20
487.80
454.12
411.00
401.52
464.40
565.00
451.80
453.52
453.32
430.12
474.72
504.40
463.40
432.60
405.52
470.72
522.52
436.40
460.52
436.60
409.40
454.80
552.80
449.60
458.00
430.52
432.92
499.80
478.12
452.52
465.32
408.92
498.40
610.92
472.32
472.60
442.60
411.52
472.80
443.52
477.00
435.60
431.00
465.72
543.80
439.52
442.40
472.00
429.20
506.00
536.72
500.60
466.52
425.00
467.20
513.92
520.32
557.20
411.20
418.60
494.60
517.52
457.32
457.72
461.40
455.72
477.52
487.60
441.20
454.92
385.52
495.80
518.52
471.12
433.20
444.60
426.40
476.52
441.80
383.12
414.32
440.60
475.52
529.92
421.80
416.00
431.72
425.12
479.72
467.60
487.32
418.92
403.40
467.40
574.12
461.92
462.00
434.92
414.60
479.12
504.00
433.40
444.52
430.32
491.72
562.12
413.20
472.00
413.80
444.52
510.60
516.52
452.60
437.72
459.72
461.20
526.00
437.40
455.52
451.52
392.20
481.72
521.52
454.60
434.32
470.12
482.92
484.92
453.12
440.60
432.80
409.40
468.32
608.52
480.72
508.92
489.60
479.40
492.52
457.92
468.12
445.40
419.80
461.40
486.92
435.20
460.80
487.40
435.60
492.60
452.80
438.92
456.12
404.80
461.20
539.40
457.20
477.92
477.60
466.20
516.20
489.32
441.80
461.92
438.80
449.52
471.52
569.20
478.72
453.40
434.20
496.32
619.12
431.80
427.12
483.72
481.20
489.92
478.00
507.40
478.72
422.40
454.00
550.00
434.32
474.40
433.52
391.40
474.20
459.60
491.72
411.52
395.52
484.00
490.92
423.32
454.12
426.20
424.12
492.52
512.00
483.00
460.20
425.20
476.92
552.80
435.92
421.60
434.52
412.12
470.52
517.52
422.32
424.52
456.60
470.52
532.20
435.32
479.12
424.60
401.20
479.52
586.40
496.72
420.60
450.52
412.72
473.60
426.72
444.92
423.00
467.20
526.32
509.32
443.72
471.32
421.00
503.40
513.80
480.12
499.12
446.12
434.92
499.52
534.52
447.80
482.60
482.60
390.60
501.00
515.80
458.40
445.72
406.20
467.32
542.52
419.00
433.80
428.80
434.72
466.40
551.52
450.80
432.92
464.60
438.40
487.12
448.00
460.20
420.12
400.72
490.60
461.92
443.12
452.00
424.20
412.52
438.20
433.80
418.92
413.00
395.60
502.12
520.32
420.00
464.20
437.20
491.20
466.80
465.40
414.40
409.72
401.80
451.20
522.60
449.00
463.60
465.00
390.80
552.32
579.20
511.72
517.60
546.92
495.52
496.60
464.40
479.32
470.60
405.40
507.52
493.20
421.92
414.80
389.80
454.52
474.52
409.00
440.20
428.72
416.20
477.92
519.20
440.20
440.52
440.40
443.92
451.12
481.92
493.60
432.32
400.00
521.72
564.32
454.92
490.52
472.20
416.20
487.52
474.92
458.92
454.72
436.72
450.32
564.40
468.12
520.20
468.92
464.32
507.12
493.80
464.20
424.32
416.12
437.60
519.80
444.80
428.52
453.20
421.40
525.92
482.60
429.20
446.52
434.92
452.40
531.60
462.00
450.72
447.20
426.40
520.40
618.32
450.60
471.80
437.52
405.40
509.52
438.60
427.92
436.40
425.72
497.40
543.60
424.00
418.20
409.00
384.60
492.20
466.52
418.40
414.00
476.20
493.40
534.72
425.60
478.72
425.12
470.60
529.80
458.52
462.40
481.12
469.32
477.72
541.12
441.80
438.20
447.52
409.32
503.32
477.92
401.00
460.60
440.12
464.72
485.20
441.52
435.00
409.40
419.12
469.60
489.00
440.72
476.00
463.12
402.60
461.72
444.52
426.60
421.40
437.32
501.00
513.00
474.32
491.92
495.72
432.60
502.20
490.32
438.92
411.60
416.20
436.00
573.72
467.92
470.80
458.92
417.60
519.80
469.00
428.72
433.00
447.80
450.00
554.52
493.40
539.52
442.92
421.00
487.20
528.20
451.20
447.40
447.52
426.32
501.72
451.80
447.52
445.60
406.60
509.92
506.52
461.92
494.52
440.80
430.72
527.92
479.60
480.12
450.60
427.32
508.12
542.60
431.40
428.20
425.12
411.52
516.80
511.92
435.60
436.32
417.20
485.32
528.92
481.40
467.72
417.32
514.92
514.32
542.00
440.80
434.92
467.32
449.32
536.20
418.40
445.92
413.80
415.00
487.12
546.60
447.52
462.00
490.80
425.52
551.72
467.12
433.80
433.40
417.52
508.40
521.40
430.80
454.40
427.60
454.52
491.72
491.12
456.72
423.52
457.40
494.40
573.32
448.20
464.32
419.72
449.72
546.40
501.00
458.20
487.60
481.00
516.52
525.32
531.60
504.00
431.40
427.32
491.52
467.00
423.32
456.92
389.20
418.12
478.60
439.60
431.00
433.00
445.00
518.40
479.40
469.32
475.60
479.32
456.00
553.00
468.20
440.92
436.20
409.92
473.40
625.40
461.12
466.12
432.52
411.60
451.32
417.40
380.32
461.80
465.20
520.92
549.72
488.12
504.72
416.60
431.40
469.92
573.52
421.32
421.92
387.40
459.40
490.92
477.20
455.12
411.00
429.32
475.40
445.00
417.12
476.00
431.80
472.12
570.20
490.52
455.40
479.20
448.72
511.32
527.12
430.72
446.80
441.12
441.72
538.20
442.12
435.60
427.52
407.20
443.92
550.80
448.92
469.00
421.00
439.20
509.32
503.20
452.92
457.92
491.32
503.32
503.20
441.80
473.20
457.72
395.32
486.72
484.72
444.60
429.40
418.72
453.52
528.60
456.00
446.60
444.92
440.12
549.92
595.52
429.00
469.20
445.52
434.80
533.12
437.12
456.72
470.60
415.40
500.00
583.92
445.72
462.92
407.12
420.32
529.00
439.52
436.92
449.52
435.32
521.32
506.60
486.80
501.12
403.32
406.12
473.00
453.32
471.92
449.80
410.80
474.40
535.92
429.92
451.80
396.40
448.72
515.20
462.00
458.12
477.92
481.72
506.20
581.52
451.32
454.92
424.52
412.32
476.52
446.80
422.80
471.12
429.32
438.92
554.52
433.32
433.32
409.72
472.12
483.12
520.40
491.00
476.72
449.92
422.72
501.60
443.40
414.92
425.72
406.00
445.20
478.12
456.32
431.72
453.80
505.80
606.80
536.60
519.72
592.80
481.80
461.52
582.60
500.32
522.32
441.32
488.00
499.32
457.40
450.12
442.60
478.92
450.20
567.92
456.80
458.20
430.80
431.12
487.20
456.12
472.20
470.72
423.60
535.92
540.32
497.92
418.72
428.12
443.52
476.12
508.40
412.52
431.20
429.00
441.80
441.60
430.32
413.52
443.80
422.12
495.52
533.40
460.52
448.52
443.32
462.00
509.52
479.80
439.52
445.92
424.40
474.72
553.20
431.72
450.12
430.00
417.52
496.80
474.40
433.32
444.00
409.12
441.80
553.72
416.60
449.72
463.12
483.80
526.60
486.40
450.12
421.72
421.20
458.72
542.00
428.60
449.60
450.12
453.72
457.72
510.92
440.92
431.20
439.72
416.12
530.92
481.80
474.52
476.92
479.00
458.72
553.72
450.32
424.12
419.52
415.52
476.52
465.92
432.92
455.12
388.80
449.40
526.40
467.12
470.20
441.00
466.52
553.00
514.32
454.52
449.92
419.72
443.20
507.32
474.12
427.72
426.72
417.20
471.32
491.80
448.20
440.12
405.20
445.32
526.12
446.52
448.72
464.32
425.92
512.60
599.80
482.60
505.32
405.60
457.00
523.32
423.00
462.32
435.92
415.20
474.12
488.40
454.72
448.12
423.60
399.00
475.52
453.12
454.72
447.92
434.80
513.72
585.32
519.80
447.60
434.60
464.20
508.80
526.20
444.80
426.32
397.92
433.52
485.32
392.92
446.40
407.32
405.20
473.12
481.40
519.72
439.52
424.20
456.12
527.80
439.00
444.72
433.52
429.12
509.80
462.32
434.12
443.40
415.80
441.20
496.12
503.40
433.32
470.00
391.40
442.72
539.00
441.80
465.52
513.92
482.92
520.32
566.20
486.72
476.92
423.00
447.60
557.32
466.20
465.72
466.60
438.40
483.00
454.52
426.32
440.80
466.12
451.40
464.80
469.32
532.40
482.20
500.40
505.80
476.92
471.72
450.00
423.20
434.60
504.12
442.00
453.40
450.32
433.80
497.40
497.20
452.20
438.60
437.92
465.92
526.12
461.92
466.60
484.20
420.72
459.32
559.12
462.32
442.32
399.92
442.40
503.00
454.20
477.80
417.80
421.60
454.00
529.60
481.80
458.00
452.12
406.40
479.20
483.60
574.40
459.12
433.12
519.60
542.20
423.52
425.60
434.40
374.00
481.72
497.60
464.32
464.80
432.20
446.20
529.00
426.80
483.52
458.32
422.32
485.12
596.92
500.72
427.40
442.00
454.80
476.72
434.52
448.52
424.72
416.52
449.32
568.12
435.92
456.32
446.00
364.32
482.60
449.00
465.32
452.80
463.60
527.52
591.32
494.92
468.60
460.72
448.32
480.60
481.00
461.92
448.20
440.60
526.92
538.52
438.00
440.52
434.40
410.80
465.00
536.32
491.32
463.00
455.72
445.80
544.72
440.32
469.12
429.72
428.40
479.60
461.20
446.40
433.12
457.40
440.00
484.52
455.80
486.80
430.80
406.60
491.92
521.60
420.72
462.80
477.32
456.52
524.00
467.00
458.40
423.72
439.00
482.52
569.40
439.80
435.60
438.80
422.80
487.00
520.92
429.12
426.80
426.32
464.32
528.72
454.60
476.12
463.80
415.00
450.92
475.52
413.92
433.60
420.92
441.72
490.12
441.20
475.12
468.00
414.32
465.40
486.60
431.52
426.60
449.12
406.40
476.20
479.80
476.80
476.20
430.52
523.80
521.92
478.20
454.12
433.20
451.92
469.00
578.72
479.80
437.92
424.52
481.12
593.32
468.32
505.32
461.60
395.92
515.92
500.32
493.72
424.12
449.92
452.40
515.12
424.00
451.80
430.20
415.80
496.80
488.20
467.72
461.20
504.40
516.80
585.72
524.52
553.00
585.60
533.32
537.80
628.92
482.32
439.40
464.60
449.52
501.12
454.00
454.92
435.60
426.00
540.52
557.00
415.60
429.72
426.00
408.92
477.00
562.20
417.72
433.52
454.12
492.52
544.32
421.60
450.72
420.00
436.52
480.32
460.60
431.80
426.72
452.60
484.60
529.72
438.12
427.72
428.60
401.72
469.80
485.40
439.52
471.80
508.32
494.72
498.92
448.12
455.00
434.40
458.80
501.52
503.92
391.80
434.60
449.12
451.32
481.72
437.20
472.80
441.20
407.72
464.92
555.40
455.80
482.12
457.12
408.92
467.40
523.80
452.00
467.20
380.12
495.72
523.72
435.12
531.20
473.20
431.80
482.12
480.00
446.20
447.52
474.12
452.60
604.60
493.12
496.00
483.20
444.72
513.32
525.60
435.00
446.12
438.20
435.40
536.20
508.72
459.32
443.80
395.52
430.12
417.40
443.52
468.20
477.52
409.92
522.32
489.52
506.80
454.60
430.80
496.60
522.40
445.20
444.32
438.00
435.00
471.60
474.20
399.60
428.12
422.52
478.72
572.72
394.40
438.12
421.52
387.12
521.80
519.80
437.80
426.92
477.72
443.32
518.00
452.72
462.92
421.92
432.32
471.20
573.20
428.00
456.20
420.60
446.92
485.72
462.40
449.00
413.60
462.32
501.12
550.20
394.80
435.00
411.60
416.32
474.80
432.52
427.60
472.60
466.92
490.40
545.52
429.92
408.80
421.40
423.52
508.60
485.80
422.40
451.80
463.12
502.60
534.32
450.80
497.12
437.00
403.72
447.40
468.20
437.32
434.32
460.60
473.72
527.00
439.40
457.80
433.40
427.32
488.52
487.92
454.80
474.40
469.00
477.92
488.32
493.60
474.92
463.40
419.32
488.40
528.52
435.40
458.20
380.80
481.72
540.72
424.92
499.60
434.60
458.20
488.40
554.00
482.20
488.32
510.92
413.20
491.60
480.32
436.72
426.32
438.60
452.12
528.52
465.80
484.20
438.72
436.20
447.60
443.92
409.32
464.00
492.40
505.00
613.20
515.60
527.20
479.32
408.60
490.00
494.92
436.32
444.12
461.00
448.32
525.92
462.72
450.80
432.60
415.12
461.00
537.40
432.32
472.40
441.60
391.20
550.60
524.52
426.00
404.20
442.00
512.12
591.52
447.40
477.60
473.52
454.20
515.00
452.92
470.20
460.52
457.72
496.32
602.12
486.72
482.20
467.80
463.12
510.92
573.92
451.20
463.80
483.92
522.20
559.72
471.20
464.80
433.72
490.92
527.32
560.52
430.72
470.52
442.92
468.00
590.60
500.52
486.00
486.80
518.60
497.40
523.72
481.92
491.72
463.60
409.80
518.40
510.12
438.40
494.00
498.52
518.20
544.40
484.20
476.80
469.40
446.20
499.00
584.92
450.40
470.60
484.40
527.52
575.12
512.60
448.40
516.00
447.00
501.32
483.80
447.80
482.20
430.80
486.20
530.92
449.40
442.52
417.32
418.60
469.60
462.40
517.60
514.40
516.00
443.12
548.72
483.00
437.32
444.40
416.92
503.52
483.80
469.72
474.32
444.00
461.80
531.40
458.20
454.92
474.72
491.80
523.72
518.00
493.52
493.52
410.80
457.00
502.32
461.92
458.00
477.40
430.80
457.60
560.40
461.72
476.00
411.12
449.80
482.72
477.20
417.52
477.80
450.12
455.00
513.92
480.60
477.52
431.60
435.72
451.40
467.20
404.52
449.80
437.92
398.00
556.72
456.72
425.92
431.40
431.32
477.20
527.00
475.60
463.92
436.60
464.52
511.20
483.12
468.72
479.00
494.00
460.32
536.12
437.72
441.00
404.12
442.12
511.72
558.00
556.60
587.32
642.92
638.20
735.12
625.92
456.40
479.20
499.60
505.12
462.80
429.92
450.80
421.32
479.20
566.60
435.52
410.60
424.92
473.00
486.20
521.92
428.20
446.00
445.40
463.72
554.00
444.60
456.80
472.92
490.72
532.80
560.12
451.60
429.92
422.40
429.32
463.92
435.80
438.80
451.52
428.00
493.20
569.12
459.92
462.80
427.72
477.52
510.40
443.80
483.00
529.00
496.12
490.32
576.72
466.40
470.40
448.32
451.12
470.40
476.80
447.00
447.12
434.20
429.92
533.92
423.12
433.60
462.92
442.40
485.20
577.20
447.92
482.12
432.72
435.60
500.32
505.80
425.00
425.92
432.92
469.20
482.72
511.72
457.80
419.72
424.72
474.32
454.40
448.20
456.00
440.12
501.60
571.00
500.72
466.52
425.40
440.40
460.20
465.92
441.12
399.32
450.40
462.12
584.80
413.60
449.00
428.60
428.72
479.00
517.92
489.32
496.20
447.92
494.32
553.20
505.52
455.20
453.12
442.92
480.52
462.00
439.40
444.00
399.60
419.80
472.32
431.40
405.92
433.40
413.40
474.32
497.52
478.52
425.32
459.32
520.32
502.72
452.40
417.12
438.92
433.72
477.32
591.92
447.80
444.12
434.00
484.60
543.60
453.40
466.00
490.20
432.32
447.80
546.12
439.52
463.20
463.92
473.52
518.52
471.92
448.52
411.80
420.60
433.80
499.00
433.92
428.40
471.32
472.40
481.92
488.00
437.32
433.40
426.12
497.60
574.32
559.00
501.32
484.72
522.72
533.92
609.92
464.92
441.32
444.12
441.52
580.60
511.80
524.92
505.80
452.32
471.20
583.40
460.20
446.32
453.12
483.12
508.20
484.20
507.00
525.20
438.80
467.92
587.12
472.52
439.20
425.60
409.52
484.60
514.20
517.32
472.72
455.60
480.60
515.32
440.40
468.52
481.12
459.60
540.72
540.92
484.60
516.20
467.12
535.20
531.32
474.92
488.80
468.32
448.92
470.92
618.80
482.52
493.12
470.52
497.72
530.60
470.80
480.00
459.92
457.80
593.20
561.20
526.32
479.12
474.32
473.72
483.60
480.12
478.40
426.72
438.00
489.52
533.92
490.60
468.00
412.00
483.52
537.32
526.32
492.72
464.32
489.32
522.60
582.92
492.52
485.52
499.52
447.40
490.32
532.20
450.92
486.20
473.40
491.12
573.40
483.80
491.00
447.00
518.40
558.32
545.00
479.12
458.72
500.72
505.52
507.20
649.12
544.72
460.20
480.00
530.92
580.80
472.80
474.52
475.72
506.60
499.92
483.92
489.12
435.92
458.20
495.92
606.40
465.32
529.20
531.20
477.20
509.32
555.12
469.40
441.12
446.20
512.00
586.60
471.60
545.40
446.52
443.52
480.32
483.72
456.60
446.80
436.80
462.60
555.20
470.40
496.32
481.52
451.80
470.32
560.60
425.12
427.32
440.52
450.12
495.40
479.20
450.72
427.00
525.00
451.72
581.60
434.92
433.12
452.40
437.40
496.32
487.32
498.40
487.32
436.92
472.92
525.12
412.12
467.80
428.60
421.00
432.12
463.32
435.32
439.12
474.40
502.40
515.12
449.92
445.80
451.92
436.20
516.12
504.80
449.80
426.20
451.60
462.00
529.92
441.60
440.12
442.72
443.52
456.12
535.32
442.20
414.72
449.40
417.92
506.60
487.92
475.20
469.52
441.60
525.20
548.72
438.00
474.60
488.72
438.72
454.80
477.80
434.80
424.80
431.32
493.40
504.32
417.92
457.52
441.52
457.20
525.20
489.00
462.60
448.40
460.80
538.92
587.40
434.52
433.00
437.40
405.20
490.60
502.92
441.72
441.12
470.60
440.12
541.40
527.32
526.40
545.12
520.32
563.40
521.40
448.80
473.40
458.92
480.20
448.12
496.12
456.00
413.32
426.12
471.12
468.52
404.32
420.52
443.80
434.12
475.72
455.92
473.20
445.12
459.60
519.80
557.72
486.60
559.40
472.12
440.12
486.20
500.00
441.72
424.40
437.00
439.40
559.60
440.20
480.12
424.32
383.00
437.12
558.80
429.80
425.52
495.32
434.32
521.80
499.40
466.92
461.60
433.12
502.80
485.52
438.80
426.60
436.20
421.00
474.20
489.52
457.52
529.20
450.40
445.80
605.12
450.32
488.12
456.92
451.60
504.52
522.00
484.12
477.92
456.92
492.60
542.00
436.40
453.60
451.20
430.20
519.00
589.40
482.52
475.92
505.52
503.40
584.52
579.40
604.92
615.80
666.60
649.80
679.72
522.60
614.72
627.32
714.80
723.92
442.72
439.80
467.12
445.00
526.92
456.00
435.00
434.12
429.40
442.72
447.60
460.00
441.32
434.12
459.00
639.72
489.20
442.80
458.40
488.12
378.72
555.32
462.80
440.20
429.00
452.00
442.92
528.00
444.72
473.20
424.92
434.00
481.32
464.72
431.92
477.20
471.20
472.00
462.12
466.32
443.20
442.72
436.40
511.72
502.72
489.20
476.80
445.52
427.32
583.40
513.60
445.60
462.92
464.00
511.12
565.12
469.60
513.20
476.80
468.92
474.72
464.40
447.32
434.12
407.72
483.92
562.00
433.60
488.72
442.80
421.32
407.12
559.92
424.52
438.60
452.60
468.12
514.72
478.60
476.40
483.52
461.40
504.92
489.72
444.40
428.32
439.00
492.60
568.80
474.20
455.00
417.32
434.40
483.92
523.72
459.72
466.32
439.20
475.12
565.12
502.52
498.92
446.92
466.12
501.60
474.52
454.72
450.40
457.60
438.12
463.52
485.80
431.00
445.32
426.32
457.12
508.72
444.72
439.40
450.72
470.12
522.00
535.00
433.52
435.32
449.60
449.00
566.52
440.12
493.52
479.20
470.32
501.20
514.80
502.72
442.52
471.60
440.12
543.32
475.72
475.40
440.52
472.60
516.52
568.80
414.40
478.80
434.60
430.12
454.12
443.00
465.80
414.60
449.60
563.52
502.72
436.32
447.20
424.80
428.20
483.92
469.32
410.32
478.80
474.20
510.80
575.12
476.80
450.52
423.52
428.00
450.20
490.40
431.00
428.80
431.32
419.52
528.12
436.60
466.12
439.32
454.80
468.20
458.52
467.32
472.60
490.40
471.20
487.32
456.72
467.72
434.00
447.72
492.60
473.40
430.80
471.40
423.80
416.00
464.80
430.72
432.52
435.60
449.12
444.12
534.32
440.92
484.72
440.12
450.60
473.52
466.32
427.12
453.60
431.60
466.12
564.52
512.00
463.60
431.72
424.32
463.32
457.72
423.92
469.52
463.60
433.40
531.52
462.52
539.12
462.60
508.60
566.72
498.20
448.80
425.40
447.40
444.40
485.80
484.32
472.80
448.52
418.12
485.40
511.60
443.92
452.92
433.52
464.60
525.60
523.52
436.60
437.52
479.12
490.12
612.72
457.32
478.72
431.60
456.32
507.92
426.32
445.20
450.00
429.32
441.00
5