Measuring voltage and current with INA219 ...
342.60
338.80
321.32
284.72
319.60
267.80
295.20
302.80
285.92
282.20
286.32
272.92
283.00
293.00
279.92
298.20
297.72
329.80
289.92
296.20
286.00
317.12
273.40
292.00
297.60
281.32
303.52
321.00
274.20
286.32
297.40
284.92
305.52
296.20
336.72
302.60
289.32
288.32
285.32
283.00
295.40
292.40
279.20
330.12
300.60
287.92
333.20
278.00
285.60
273.32
280.20
284.40
293.40
278.72
293.80
274.92
292.32
297.72
295.00
296.32
310.72
318.00
286.00
290.60
292.52
320.20
285.60
291.12
326.00
305.60
292.52
301.52
271.92
282.72
293.12
281.20
299.52
273.52
282.60
300.72
306.00
280.92
297.60
285.52
296.52
349.80
287.52
308.40
284.72
272.60
305.60
306.80
296.52
311.40
279.92
296.20
308.20
300.00
285.60
297.92
278.60
292.60
346.20
287.72
306.92
294.12
295.40
304.20
291.20
288.12
315.20
274.00
290.60
291.20
278.40
306.00
328.80
283.52
291.52
286.40
284.80
324.60
283.32
277.80
292.72
284.40
304.80
385.60
364.60
411.52
417.60
395.92
454.40
381.80
297.60
318.72
297.52
299.60
367.60
435.80
361.72
426.32
363.60
470.80
384.80
441.20
484.20
459.32
460.92
503.72
464.20
368.00
337.92
335.12
494.72
326.80
512.32
427.40
433.20
367.52
472.52
334.52
429.80
347.72
349.52
417.92
377.60
370.72
409.52
347.40
496.72
448.60
392.20
481.12
505.52
421.12
457.72
440.80
445.20
522.60
547.52
559.72
593.92
540.52
559.20
325.00
318.40
337.92
468.60
336.72
333.80
340.80
354.32
388.80
342.00
317.20
347.00
319.40
347.00
391.20
340.20
362.92
332.60
310.60
419.52
327.72
329.52
371.80
310.60
330.80
499.12
409.80
338.92
314.32
314.72
375.60
352.20
318.12
395.60
351.12
391.80
391.80
313.92
303.40
334.40
310.60
375.92
364.52
320.32
320.52
315.92
314.12
404.52
321.60
312.60
324.60
315.60
414.52
448.60
422.20
325.40
316.40
310.92
372.60
410.00
319.92
338.20
313.12
312.20
379.92
313.52
302.52
346.80
358.12
345.92
314.92
331.20
341.52
354.00
324.60
313.72
353.12
314.80
316.92
314.40
343.40
309.52
309.60
328.40
312.20
312.32
329.32
388.52
333.32
323.00
310.12
326.20
305.92
330.52
343.80
311.32
316.12
332.40
303.00
331.00
349.12
332.12
356.80
327.60
352.40
365.32
351.20
349.20
352.00
325.00
352.60
366.20
342.52
343.52
338.20
338.72
346.60
346.40
333.00
358.60
322.80
349.92
367.72
331.72
339.32
339.12
329.12
333.72
338.20
351.12
340.60
320.00
288.80
330.92
289.80
280.40
300.40
281.00
281.12
296.20
285.60
291.20
262.00
274.72
296.20
322.12
286.52
290.20
259.52
287.20
300.40
332.20
279.92
269.60
300.20
287.80
321.20
280.32
295.52
283.20
285.72
319.12
277.12
280.80
279.20
269.12
280.72
283.32
279.52
294.32
261.32
307.52
308.12
281.52
283.72
291.72
273.32
281.40
287.72
287.72
276.80
304.00
283.72
308.20
280.92
290.32
283.72
255.80
277.20
286.00
293.92
354.92
261.52
312.20
380.12
335.20
299.92
298.80
326.80
280.92
294.00
278.00
292.40
331.12
291.32
293.60
286.40
285.52
326.72
278.32
301.20
299.60
294.20
296.32
298.52
270.92
277.92
277.40
299.92
298.32
303.20
301.40
332.60
284.60
329.92
353.52
413.80
403.72
419.52
406.00
396.80
384.32
432.20
460.80
459.60
460.32
459.92
436.12
458.40
459.32
459.12
460.00
455.92
448.32
459.72
459.80
444.00
437.20
429.40
440.00
440.20
449.60
440.20
443.32
430.00
461.60
460.52
462.72
471.92
457.40
427.40
370.12
346.00
385.32
444.92
366.80
349.00
345.00
347.32
400.32
546.12
409.20
656.72
356.00
374.20
368.40
360.92
390.60
361.20
337.32
382.52
396.40
358.32
368.40
350.32
359.20
429.20
353.40
357.80
660.92
560.72
671.60
402.32
361.00
356.32
336.12
328.20
388.72
329.52
435.72
351.60
335.80
354.20
471.40
338.60
360.60
396.00
332.40
378.72
430.60
364.52
361.00
458.72
353.12
513.40
333.40
360.72
338.72
392.00
382.80
354.00
330.00
355.92
329.72
370.92
441.40
437.32
458.52
385.00
352.32
446.00
346.52
376.40
361.72
365.60
324.32
429.32
314.92
330.60
346.12
336.32
364.12
380.20
321.32
390.00
357.40
359.32
431.00
419.32
378.72
332.72
337.00
340.52
340.40
292.32
285.60
281.80
280.92
338.92
290.52
280.20
360.00
292.20
294.60
349.40
282.52
291.12
290.40
362.92
395.92
372.52
397.12
368.12
374.20
301.40
268.12
263.20
262.20
266.20
268.60
271.12
253.60
257.72
296.00
279.20
280.92
300.92
271.32
277.52
284.92
274.52
288.00
273.60
271.40
297.00
306.60
268.92
283.32
261.72
257.00
285.40
269.52
315.40
267.52
268.80
276.20
281.52
282.32
304.20
266.72
280.52
310.52
340.12
356.40
349.00
264.80
269.92
267.00
303.20
300.60
257.20
258.20
281.12
263.60
283.20
297.00
308.72
331.20
331.72
342.12
363.72
322.80
331.00
364.20
341.20
324.52
312.72
310.12
314.00
309.80
302.80
313.00
311.60
304.60
345.00
335.92
340.92
359.40
309.00
336.40
345.60
337.52
339.92
321.20
316.20
330.60
311.80
332.72
379.72
336.40
316.80
317.40
316.60
332.20
398.00
387.72
446.72
365.60
350.92
371.32
325.12
331.52
362.00
337.72
341.80
325.12
300.60
315.52
315.92
346.00
321.80
327.52
308.12
339.52
344.80
339.20
414.72
337.72
339.52
342.00
334.72
345.12
346.12
339.80
346.12
382.12
325.80
348.80
342.12
373.20
329.12
326.00
344.40
325.40
343.40
384.80
348.32
344.12
358.12
340.00
349.00
352.32
335.20
345.12
330.40
315.52
320.60
322.60
348.80
329.80
324.32
326.12
348.32
326.32
349.72
344.80
346.92
352.72
346.60
333.80
358.72
342.20
334.40
377.40
349.92
334.32
363.80
310.52
328.72
344.00
331.80
327.92
320.32
273.12
284.80
287.40
287.92
360.12
299.12
286.32
294.00
282.20
295.92
289.12
284.72
295.92
287.40
295.80
277.60
267.52
278.20
308.72
276.40
283.00
292.60
298.72
347.00
286.72
289.80
358.20
326.52
288.72
310.32
288.32
299.80
278.40
251.12
272.12
276.12
278.80
281.60
270.20
271.12
298.72
286.52
280.92
310.12
287.00
298.00
292.32
285.92
286.60
289.12
275.12
311.32
284.12
280.12
289.60
255.40
262.92
330.80
280.92
304.40
314.92
280.20
285.60
289.00
278.00
300.52
280.60
282.40
313.20
283.00
292.12
279.72
287.80
285.00
279.80
277.60
307.32
266.72
274.00
299.72
274.52
286.00
342.32
295.72
279.12
286.72
281.00
279.80
271.72
271.20
322.00
337.20
265.20
283.12
246.52
252.80
270.92
273.40
299.00
326.00
278.32
304.72
286.60
306.32
290.40
315.60
294.32
330.20
305.72
275.72
352.72
372.52
341.80
272.12
284.00
324.40
303.60
270.32
301.52
270.72
306.32
274.52
266.00
304.72
318.00
303.00
290.12
286.00
276.60
333.40
275.52
309.20
302.12
267.60
278.80
270.20
282.72
320.32
282.00
265.80
301.20
284.52
271.40
290.00
277.60
279.00
293.32
288.92
286.80
282.32
279.12
269.60
286.00
269.20
306.32
275.40
287.20
326.32
280.52
318.00
356.40
264.72
283.20
290.32
289.40
316.12
344.92
319.72
306.20
281.72
285.20
281.12
273.60
281.60
285.80
280.52
291.40
301.40
286.52
323.40
297.60
304.12
304.20
286.32
299.00
306.32
299.12
296.60
295.52
274.52
299.20
281.12
296.80
307.80
341.12
283.32
300.80
296.12
307.60
292.32
299.00
299.12
297.00
301.92
321.40
287.32
280.32
299.92
285.72
288.92
285.00
278.92
283.60
284.60
276.60
348.12
284.20
281.40
298.92
277.40
278.40
265.92
279.92
278.92
278.12
273.52
279.40
304.80
341.92
283.20
263.60
264.60
267.72
246.52
259.72
272.80
276.92
298.00
283.40
267.12
274.20
275.12
279.52
359.60
291.40
272.72
282.72
275.72
309.60
339.32
415.40
418.12
359.60
326.00
390.00
362.32
355.60
333.80
403.32
308.60
296.72
329.40
343.00
291.12
295.20
303.32
342.12
269.12
300.12
269.60
268.60
264.20
243.40
263.72
272.52
263.00
329.92
340.32
316.20
292.52
273.80
281.52
289.60
283.20
278.32
282.32
324.60
295.92
279.00
274.80
329.00
299.12
280.20
327.52
270.32
256.12
321.60
312.12
294.32
278.20
267.00
298.92
276.92
287.40
316.92
282.20
285.00
301.40
294.40
262.60
291.32
289.20
271.00
264.32
256.92
281.52
293.12
256.72
311.00
279.20
282.72
278.20
265.32
280.20
278.92
277.92
292.80
270.00
261.92
287.32
316.72
336.12
288.92
258.20
243.40
266.52
269.92
273.00
273.12
284.00
308.12
279.12
281.52
274.52
276.32
284.80
279.40
267.40
274.52
264.60
262.32
268.40
267.60
263.20
282.12
254.60
267.20
301.12
303.20
278.40
269.40
286.52
274.72
279.52
317.00
311.32
276.92
262.40
273.80
287.20
271.20
269.40
258.20
259.40
266.52
259.32
268.32
279.52
268.20
295.80
274.12
278.40
294.92
260.80
269.32
283.52
272.72
280.52
262.72
265.20
284.52
267.32
267.20
269.80
258.40
258.92
282.72
275.12
299.72
297.40
267.20
271.12
282.20
277.72
298.92
263.00
262.72
274.60
266.00
270.60
267.32
266.00
264.72
265.60
263.92
277.12
272.32
335.52
330.12
347.32
346.60
337.12
325.52
326.20
345.52
345.12
345.52
322.20
314.12
341.40
310.92
318.40
314.52
317.40
312.60
314.80
325.12
335.60
334.20
336.00
322.12
336.12
333.52
337.52
259.80
311.20
278.92
271.72
291.92
281.12
264.92
285.92
287.32
282.40
304.32
283.12
284.72
302.52
290.12
297.20
296.72
296.40
307.12
306.92
296.60
296.12
323.00
350.32
327.20
296.72
284.52
283.00
264.72
282.60
283.60
286.32
289.92
294.00
291.32
319.80
294.40
301.20
307.00
287.20
287.60
302.40
307.40
288.60
287.80
267.32
297.40
298.32
298.80
324.72
297.92
294.52
303.80
289.00
292.20
293.32
313.40
346.40
286.60
293.00
326.32
286.80
276.32
288.72
275.92
264.40
270.20
246.00
268.60
268.12
272.80
289.32
280.20
273.32
312.52
282.52
293.00
281.80
283.12
285.80
283.40
281.52
300.00
283.60
290.92
310.72
267.52
274.52
283.12
260.20
260.40
322.40
276.80
281.92
279.92
270.32
306.80
280.32
277.40
310.12
278.20
271.12
283.40
270.52
280.60
270.80
253.20
279.92
270.40
269.32
282.32
270.80
261.72
302.40
282.72
282.92
279.20
275.92
289.00
284.40
280.00
305.40
284.80
266.32
289.32
311.20
276.12
274.72
263.32
250.72
270.92
269.52
286.92
286.32
267.60
302.12
278.40
280.60
297.52
288.40
276.40
287.32
282.60
274.40
271.52
266.52
291.60
264.32
273.52
273.32
257.60
259.92
284.12
278.52
287.72
275.80
251.40
278.72
287.40
330.80
293.60
278.20
270.72
274.40
275.80
269.32
267.12
263.40
310.80
269.60
265.40
295.60
281.32
283.52
298.40
282.20
289.72
296.92
275.52
274.32
294.20
274.92
275.92
272.52
264.72
288.20
265.32
277.72
265.80
258.52
261.40
272.52
269.60
344.20
290.72
261.12
293.80
279.00
281.12
297.00
272.80
269.92
294.20
273.52
278.12
268.20
283.20
265.20
265.92
272.52
300.80
270.60
271.20
284.20
275.12
282.72
278.52
269.40
260.72
289.60
268.80
289.00
278.40
261.92
295.00
262.32
271.40
285.80
340.00
296.12
267.60
259.20
277.40
295.92
298.92
377.20
356.80
386.20
3