Measuring voltage and current with INA219 ...
166.80
180.92
225.20
148.60
168.60
147.80
142.20
182.00
163.80
127.52
172.00
173.20
151.40
150.60
150.40
173.20
153.80
190.40
193.00
167.52
190.12
229.60
152.72
160.60
176.00
157.32
153.12
211.20
190.60
326.32
277.52
218.00
236.00
244.80
156.80
210.52
192.12
144.32
152.00
136.80
167.00
152.32
149.20
163.80
197.12
160.60
257.32
136.72
156.80
149.20
170.00
181.40
151.12
132.52
165.60
235.32
177.20
153.52
145.52
138.20
177.92
135.80
164.92
147.20
134.12
154.60
147.20
158.12
211.92
196.60
136.40
148.60
136.32
133.32
194.32
172.12
132.92
149.00
137.52
158.00
146.12
130.72
170.60
138.12
152.60
149.60
136.20
137.40
151.52
183.92
135.20
147.40
135.00
159.40
152.00
153.20
158.92
144.12
137.92
156.12
144.92
181.60
154.12
143.00
163.52
151.32
150.72
193.12
135.92
144.32
196.40
135.52
172.80
148.52
136.92
135.40
147.92
135.92
175.52
147.32
140.60
162.52
168.40
207.00
171.72
150.12
163.72
154.12
146.12
161.20
154.12
170.40
184.32
142.52
194.40
257.80
183.60
180.20
161.12
159.72
262.40
238.92
150.52
167.32
154.72
174.20
235.80
145.12
156.40
242.40
202.40
199.92
250.40
214.72
296.52
278.32
252.40
324.32
366.80
349.00
305.52
528.40
370.72
350.60
217.32
235.80
202.80
358.72
460.20
220.52
309.92
202.12
194.52
335.92
444.20
298.32
306.52
370.00
401.12
530.72
463.72
523.92
562.12
365.20
596.72
571.32
397.12
521.32
525.92
496.60
592.32
510.20
499.60
599.32
613.80
609.52
629.40
635.92
644.20
661.80
664.40
679.92
711.52
683.72
670.60
716.60
477.32
376.00
686.00
188.20
191.12
176.92
414.12
290.00
179.32
185.12
173.60
195.12
464.60
189.92
192.72
208.92
196.32
212.92
316.60
188.40
195.00
194.00
205.00
458.60
188.52
173.12
187.60
181.12
306.80
226.12
190.72
180.80
193.20
264.60
306.20
219.12
174.12
195.72
186.20
234.80
197.00
169.60
132.72
137.80
123.20
246.92
162.60
117.32
142.40
124.20
140.72
157.92
130.72
133.20
173.00
131.20
152.60
188.52
122.92
116.20
124.32
121.32
184.52
125.52
112.72
123.12
139.32
138.40
126.60
129.60
123.40
120.72
121.80
197.72
123.32
126.00
132.00
131.00
132.52
134.92
134.32
163.52
179.12
136.12
109.52
124.00
150.60
147.80
186.72
143.12
127.32
132.60
124.52
132.32
187.12
232.32
143.00
131.92
126.92
118.32
125.32
140.40
123.00
124.80
134.20
125.12
102.72
117.80
113.60
137.80
117.60
115.72
143.12
125.00
131.52
138.32
139.32
134.40
127.00
126.32
127.92
137.52
199.60
148.00
122.12
117.32
139.20
120.92
123.00
123.72
121.60
123.60
123.80
116.72
141.32
117.60
132.40
119.72
120.32
125.52
131.60
118.92
118.00
121.80
119.20
105.00
119.20
114.52
134.40
117.92
117.80
119.12
117.92
106.80
118.32
125.12
165.92
121.20
119.72
136.00
116.92
123.80
127.72
173.20
120.52
132.60
118.80
117.20
118.20
118.20
114.12
116.20
117.32
140.60
120.00
106.80
130.92
119.60
119.60
179.72
119.12
117.60
118.72
120.60
136.40
166.32
117.40
145.52
132.72
139.40
173.80
128.80
122.00
133.32
131.92
128.92
130.80
129.60
142.20
116.20
123.80
119.20
115.52
115.52
116.32
115.92
117.80
117.60
119.60
118.40
117.60
130.00
151.00
145.32
113.00
127.72
139.32
126.52
135.00
135.20
126.32
123.32
130.00
155.32
149.92
135.12
131.92
125.60
124.12
128.20
123.12
121.52
123.80
120.92
96.92
117.12
111.12
137.80
118.52
133.60
116.72
120.32
113.80
119.32
124.20
136.52
119.00
118.00
141.60
178.20
188.40
213.20
182.60
173.32
116.52
122.20
107.40
134.52
124.40
200.52
119.20
137.80
155.32
160.32
123.60
117.00
116.20
119.52
122.60
120.92
132.12
120.60
119.80
133.80
119.00
108.32
136.92
116.72
154.12
119.80
120.12
128.52
117.12
118.80
188.72
192.60
115.92
143.60
156.00
147.60
145.72
137.32
161.72
244.92
137.00
125.92
139.72
123.80
175.12
160.72
186.92
235.00
189.40
125.60
143.92
124.92
190.80
131.60
124.12
144.32
124.12
140.20
166.52
142.40
159.32
193.32
175.20
164.32
160.00
160.12
205.12
186.00
180.12
186.52
161.52
197.72
193.52
195.12
156.92
216.52
137.72
133.00
135.60
131.12
134.12
125.92
121.12
142.52
129.12
127.92
128.20
130.72
120.72
137.00
130.20
120.12
191.80
128.92
153.00
129.72
150.72
220.12
128.52
153.72
128.92
129.32
138.52
130.32
130.60
126.20
133.60
182.00
224.00
142.72
120.12
130.80
129.72
173.20
208.92
279.80
165.52
211.80
131.40
156.92
132.52
135.00
139.12
135.20
151.40
132.40
134.32
132.20
133.12
144.52
118.00
138.12
182.72
165.92
150.92
155.12
144.32
144.32
135.00
139.92
151.40
171.32
140.20
133.72
152.72
128.52
131.92
143.40
122.80
125.52
125.40
123.20
106.52
127.52
117.72
121.80
125.52
128.20
150.72
131.72
132.80
144.72
145.80
145.80
144.92
139.72
157.00
138.80
138.72
143.60
143.92
121.12
147.92
129.32
135.12
165.32
182.32
133.20
131.40
127.00
151.92
205.40
140.72
162.40
202.12
154.80
152.32
149.40
159.60
409.80
203.60
129.72
139.92
114.00
171.80
125.12
129.12
151.32
125.20
113.12
130.52
127.80
129.52
129.52
122.40
145.60
124.32
129.12
127.52
141.52
147.00
128.40
119.12
118.32
124.60
118.40
116.52
117.52
118.40
140.40
120.92
105.20
135.60
118.20
128.92
118.00
117.52
114.40
119.40
119.72
132.12
117.40
120.32
144.72
131.12
131.40
153.80
136.20
123.12
126.52
135.32
190.72
126.72
154.00
158.12
119.60
139.32
126.72
120.32
120.00
132.12
120.40
120.40
122.72
117.12
122.32
116.60
118.32
135.92
160.92
137.60
135.60
135.00
137.72
133.72
161.32
145.60
130.52
159.40
150.52
130.80
121.52
126.12
121.52
123.92
123.12
124.32
133.92
184.52
123.00
104.32
121.20
107.72
135.92
116.12
118.32
119.60
117.40
112.20
119.00
119.12
116.32
118.60
117.12
142.92
116.80
125.32
127.72
118.20
117.00
119.32
117.92
109.12
119.92
117.80
200.32
118.40
117.92
143.72
120.12
108.20
125.72
165.92
122.52
130.92
118.12
138.40
119.12
127.72
114.72
116.72
109.32
133.60
116.80
119.00
117.72
119.12
118.12
133.12
120.60
145.00
119.00
117.20
145.60
133.12
145.92
138.40
129.52
129.00
132.52
132.80
132.72
133.32
162.12
136.60
120.40
163.40
229.80
119.40
114.80
118.52
126.32
116.92
123.40
119.00
140.72
120.00
134.40
136.00
124.80
123.72
135.92
126.32
131.40
134.12
133.32
126.52
134.12
132.60
157.72
126.52
113.32
141.72
123.60
143.20
124.52
126.72
120.40
122.72
125.40
178.92
145.40
156.72
162.32
136.80
121.92
131.20
119.00
126.40
132.12
119.32
101.32
118.12
110.00
138.00
142.60
129.12
118.12
117.12
110.60
119.60
117.40
119.92
118.20
116.60
122.40
117.60
118.00
135.00
121.00
128.12
119.40
120.52
123.40
135.40
122.80
134.32
117.92
116.52
148.80
124.32
134.40
201.80
213.80
205.12
205.60
164.00
267.20
151.92
173.20
177.80
126.32
159.12
145.20
131.92
136.20
171.52
128.40
130.80
128.92
131.40
133.12
135.72
134.80
137.80
119.52
127.20
127.12
158.72
121.72
122.60
117.12
103.92
117.32
126.92
116.52
117.32
116.60
140.52
124.40
119.52
132.00
136.20
135.52
132.80
133.52
126.20
130.40
122.60
143.20
124.60
119.72
139.00
125.20
123.12
124.60
126.00
118.92
125.12
117.80
108.20
120.40
121.32
176.60
116.40
129.20
120.52
127.40
130.40
124.20
119.00
120.60
118.92
119.52
118.52
119.12
121.72
140.72
132.00
116.20
125.00
119.32
110.40
117.00
113.72
137.60
119.40
116.92
141.92
129.72
142.52
126.40
124.00
143.72
119.00
120.80
125.00
150.12
118.72
141.32
116.80
107.80
135.40
116.72
121.60
116.12
119.40
133.52
117.72
120.12
138.40
118.52
119.40
139.92
130.00
130.20
148.72
134.52
132.32
130.52
133.00
115.92
157.20
122.20
135.72
116.20
120.52
117.80
115.92
115.12
124.52
167.12
119.40
160.00
152.92
161.72
145.92
187.60
145.80
131.40
142.20
208.20
144.32
136.92
131.32
130.40
132.60
135.92
136.60
165.40
130.80
119.52
131.80
130.92
137.52
135.20
133.92
127.60
130.92
126.60
108.12
118.60
113.32
137.20
125.92
167.32
147.52
135.20
108.80
161.80
146.00
128.52
119.92
118.40
193.72
147.20
133.00
143.12
117.40
114.00
143.40
129.92
117.72
149.72
145.20
114.52
116.52
116.80
141.60
121.32
108.52
118.20
131.12
130.12
132.60
133.12
123.72
133.12
146.80
195.12
127.12
117.12
132.40
115.52
117.12
120.52
118.32
116.80
116.60
129.40
102.20
125.20
125.52
142.72
125.40
135.80
125.00
135.12
134.12
132.80
134.00
132.40
130.60
128.32
119.20
117.20
116.40
137.60
115.60
116.72
118.80
116.60
109.72
170.92
114.80
142.60
120.12
119.40
142.32
122.20
124.72
136.80
133.80
131.72
141.20
136.40
132.92
130.80
132.20
123.12
124.12
121.40
145.40
123.60
125.20
128.92
124.40
141.52
125.12
118.72
140.40
120.00
120.92
132.40
117.60
124.32
131.60
134.72
184.20
132.20
124.92
98.20
118.92
113.80
136.72
119.12
125.20
166.12
120.20
110.20
117.80
118.72
129.20
119.52
118.40
132.40
116.40
121.12
139.20
119.20
116.00
135.72
128.40
116.72
118.92
119.40
116.00
118.00
118.12
142.92
122.72
123.12
127.72
121.72
129.20
122.20
118.32
113.12
119.72
135.72
142.00
191.52
163.00
150.92
152.52
139.52
137.12
156.32
130.72
165.20
170.52
127.20
150.92
148.52
154.20
116.80
127.72
121.72
122.72
118.72
122.52
127.00
119.40
119.20
121.00
125.12
164.80
120.80
140.32
122.80
117.80
184.00
127.00
134.72
125.72
133.52
128.40
139.92
131.52
157.40
123.00
125.12
135.52
123.52
121.72
124.80
122.72
120.12
131.32
123.20
105.80
120.32
113.20
138.32
117.12
130.80
117.52
118.52
117.52
154.12
157.92
122.00
120.80
119.00
123.80
120.72
118.92
137.00
117.80
116.32
131.72
117.00
103.60
118.20
112.80
119.80
118.80
116.80
144.72
132.00
107.92
122.12
119.92
122.12
118.92
118.12
122.00
118.40
119.20
103.12
118.20
111.40
138.72
122.80
167.80
120.72
119.72
119.80
121.20
120.72
143.72
130.72
117.00
140.32
134.20
140.32
142.40
140.52
120.52
128.72
125.80
110.72
126.40
119.32
138.52
162.32
119.00
142.60
186.72
195.20
198.80
198.80
212.40
191.52
171.60
142.60
117.20
129.40
181.52
124.20
132.00
150.00
132.12
131.12
129.52
130.60
126.40
130.92
142.52
154.20
138.72
114.52
125.40
124.72
143.40
126.60
123.20
121.12
126.40
121.00
121.32
141.72
116.12
136.60
117.12
118.40
141.12
119.32
117.72
126.20
118.72
112.40
162.40
127.12
141.00
118.80
124.40
119.52
118.80
113.40
124.72
118.92
117.52
118.32
126.40
115.72
123.00
126.52
141.92
120.52
117.80
119.60
117.32
124.80
117.60
118.12
117.12
118.00
117.00
138.12
120.72
112.00
125.12
145.80
117.52
122.32
163.40
131.60
125.60
162.32
103.52
120.32
122.72
142.40
131.40
130.40
147.32
134.00
129.72
132.12
136.32
126.32
128.60
126.92
125.32
116.72
124.40
131.92
118.60
118.12
116.92
118.12
101.00
119.60
117.20
117.52
119.00
117.12
145.40
123.32
132.60
143.72
134.72
139.12
125.92
132.52
146.12
133.00
131.32
137.32
135.20
120.00
146.52
124.92
122.92
122.80
122.92
122.72
149.00
117.00
143.80
118.72
114.00
136.72
117.72
125.40
122.40
118.12
114.92
122.12
117.92
107.32
119.72
117.80
169.60
200.92
132.20
194.00
130.52
135.20
136.12
153.72
131.00
141.60
138.80
137.52
142.52
141.32
151.80
128.60
157.72
175.20
193.00
127.52
133.92
143.72
120.72
154.12
149.00
156.20
124.32
129.72
141.92
131.00
179.40
122.12
157.12
150.60
152.92
189.32
204.80
122.92
125.00
163.52
133.52
153.32
158.12
181.52
176.00
146.72
147.12
123.00
179.72
124.52
207.40
147.40
160.80
139.00
169.92
142.00
139.60
145.60
143.60
153.92
127.52
139.60
138.12
126.60
163.40
133.20
155.00
129.72
155.00
185.92
155.92
151.72
200.00
164.40
132.40
153.40
128.52
130.72
125.40
139.20
138.72
159.52
148.60
145.72
154.00
139.32
152.00
132.52
137.00
146.32
224.60
155.00
132.52
129.60
125.60
123.12
132.00
150.00
128.00
160.92
155.32
142.12
186.12
232.60
130.00
156.32
145.12
145.60
104.12
176.92
142.92
126.12
130.60
139.12
162.12
148.00
131.72
122.40
143.72
148.52
157.32
129.92
130.92
132.12
128.52
155.20
128.20
138.80
174.80
132.40
150.80
122.72
144