Measuring voltage and current with INA219 ...
154.52
173.60
149.60
155.92
222.72
150.40
179.20
162.32
152.80
170.72
165.60
150.40
205.12
154.32
160.32
179.80
145.32
167.12
160.60
142.80
156.32
154.00
163.52
172.72
194.32
143.40
218.20
137.72
125.60
180.12
138.32
137.60
149.32
138.32
149.00
149.52
136.52
160.72
148.60
148.40
189.80
187.40
158.32
151.92
135.12
184.40
149.00
138.12
158.80
139.52
137.00
207.12
251.40
163.92
198.12
200.80
171.40
238.40
148.12
215.40
213.52
198.40
197.72
149.80
159.92
172.80
142.00
189.32
151.00
172.20
166.32
173.12
151.00
194.60
174.00
142.72
187.80
206.32
175.40
220.12
158.80
151.40
159.60
160.92
187.72
219.00
191.80
193.60
143.12
133.92
205.40
269.20
150.00
274.12
217.52
176.20
197.20
164.40
216.20
186.32
184.32
216.92
179.92
175.20
195.80
154.32
180.72
182.40
143.52
191.80
171.92
183.20
187.72
151.60
168.20
223.00
181.60
181.00
208.72
165.60
176.80
185.80
179.92
200.20
316.00
206.72
198.60
192.40
197.32
188.20
178.00
180.20
191.00
151.72
184.32
170.40
160.40
200.00
162.12
175.32
198.92
188.52
159.32
151.80
161.32
172.92
212.00
175.40
188.00
164.32
152.12
204.92
204.60
174.80
236.92
160.92
197.72
237.12
145.60
153.92
204.52
207.80
253.20
179.20
144.92
225.20
145.52
175.92
216.32
145.60
171.32
146.52
136.60
205.60
237.60
139.52
163.80
138.32
136.12
142.40
138.20
137.72
149.00
135.80
154.20
148.00
186.80
217.92
295.72
292.00
287.60
337.32
223.92
258.12
219.32
279.80
361.32
349.12
362.32
355.20
384.20
315.72
269.20
200.80
217.80
203.12
408.00
231.52
304.80
259.32
299.32
398.92
503.72
293.32
328.32
426.60
480.60
471.40
556.32
589.32
356.80
375.60
364.52
549.60
598.92
547.60
490.72
505.20
564.72
537.40
606.40
613.80
619.92
621.32
630.92
646.72
663.40
668.32
703.20
677.32
707.20
714.40
723.92
174.60
239.12
596.80
341.12
208.80
218.00
192.20
447.12
376.12
188.60
194.72
196.40
195.52
233.20
220.72
184.32
191.72
183.20
346.92
465.80
185.40
183.72
207.12
301.00
183.00
359.92
185.92
174.00
172.12
175.32
448.60
180.32
174.12
207.00
170.00
256.60
368.12
166.80
177.52
168.92
168.00
208.72
208.20
173.40
188.00
124.00
131.52
161.20
156.00
179.92
176.00
169.60
212.92
218.60
149.20
164.80
202.92
148.60
240.80
143.12
129.92
132.52
121.52
96.52
122.72
127.92
126.52
120.00
120.60
140.32
123.92
135.00
150.92
132.72
143.20
159.92
125.80
141.32
125.72
122.40
116.00
152.20
121.80
141.52
121.72
113.12
124.80
131.60
132.00
137.60
179.80
142.12
121.72
122.40
182.40
120.32
127.80
114.80
123.72
120.40
116.32
115.60
106.00
123.20
131.92
155.52
133.72
133.72
152.72
136.20
160.60
147.80
126.92
121.00
125.32
123.72
159.32
122.40
132.32
139.32
135.60
126.32
134.40
125.12
142.92
117.12
120.32
126.12
117.60
118.40
136.92
120.40
193.32
152.40
121.40
136.60
125.52
125.52
130.72
131.60
129.80
147.52
118.00
116.92
127.72
116.80
118.80
126.52
122.52
134.32
129.20
139.20
109.52
134.12
151.00
153.12
126.52
144.92
168.00
147.00
118.80
122.60
117.72
150.72
118.20
117.00
123.92
117.00
124.20
129.32
117.12
119.12
128.80
129.20
114.52
120.12
120.72
122.20
119.72
121.00
153.00
117.92
119.12
120.60
119.40
110.12
112.20
117.12
118.00
122.12
154.12
117.52
148.00
163.32
262.52
197.52
162.60
123.72
117.20
119.40
121.80
121.20
118.52
122.12
132.92
147.80
130.92
134.40
139.20
131.72
132.00
134.80
133.80
105.72
127.00
124.72
183.32
124.92
125.32
142.20
123.32
122.80
126.32
120.92
124.12
121.52
129.52
168.52
131.20
120.00
116.00
131.92
118.92
133.32
118.40
111.20
113.72
117.72
117.12
117.80
118.80
106.52
120.60
118.12
145.80
123.92
130.80
119.12
121.32
134.92
134.20
135.40
125.80
135.72
133.12
136.00
133.80
133.60
148.00
146.72
134.20
167.00
118.72
107.60
116.80
118.20
142.52
122.40
115.72
137.92
116.32
126.72
126.00
118.12
109.32
113.92
118.72
119.20
149.52
120.92
179.20
119.52
133.12
144.60
117.80
123.00
156.92
116.60
119.52
115.00
125.32
143.92
122.52
121.80
154.40
166.12
200.12
132.12
122.52
123.80
202.40
150.12
93.40
125.80
132.32
181.40
156.92
151.00
218.72
137.20
130.80
135.20
139.72
140.92
133.92
142.20
138.80
127.72
132.72
140.20
128.60
129.72
153.20
130.00
119.72
123.32
123.60
124.20
124.32
174.72
194.72
139.00
119.32
124.00
126.72
134.32
123.60
122.20
127.00
203.32
119.60
108.00
122.60
125.12
149.12
123.32
118.12
120.00
127.00
135.52
128.12
141.72
154.72
140.72
137.92
153.60
129.00
141.20
136.12
154.60
122.32
123.80
126.60
145.52
139.60
125.32
123.80
122.72
122.60
143.92
159.60
225.40
200.60
263.40
215.52
164.60
153.40
145.72
147.72
176.40
205.20
195.20
173.40
205.72
149.80
135.72
119.60
125.72
122.92
123.40
124.52
114.92
133.20
136.72
158.40
131.72
140.72
145.12
124.12
120.80
116.80
116.40
106.32
130.20
130.80
134.80
135.52
140.20
180.92
165.20
136.92
137.32
125.52
111.20
124.52
124.72
150.72
123.00
130.00
143.40
124.72
124.20
128.52
122.92
112.72
119.40
118.12
119.40
119.12
119.32
135.60
128.60
144.72
146.80
119.32
126.92
122.92
121.52
126.52
120.12
118.92
134.60
120.32
119.80
134.92
119.80
122.72
125.80
123.20
134.12
126.20
141.60
105.00
167.20
162.32
157.80
131.52
141.92
156.72
127.32
116.00
116.32
123.92
107.80
119.40
126.92
148.92
167.00
124.40
127.00
118.40
118.72
138.40
125.00
114.52
115.00
115.60
119.40
118.60
116.40
178.72
122.12
119.12
117.92
119.12
129.52
118.20
120.52
120.12
119.52
117.00
110.80
120.60
135.52
141.72
125.80
155.32
117.92
146.72
133.20
168.20
121.12
106.80
118.32
133.32
155.80
130.40
135.00
135.80
135.80
133.80
131.00
135.72
130.80
118.32
122.92
125.52
124.40
123.12
142.92
124.92
124.40
124.00
123.00
104.80
113.92
119.12
135.92
119.12
118.12
118.92
131.60
121.20
138.20
167.72
115.52
115.92
117.92
119.52
119.32
120.12
100.20
116.60
125.00
143.40
117.20
127.20
114.52
123.00
135.00
163.52
136.00
119.92
118.32
130.20
136.60
131.80
131.80
148.12
131.20
121.60
138.32
124.92
110.60
125.00
132.12
135.00
139.20
196.60
132.92
117.52
130.52
127.40
118.52
114.12
113.92
119.40
123.52
118.20
130.80
99.52
118.52
118.00
143.20
117.52
118.72
114.52
144.52
121.12
117.40
116.20
130.32
118.12
118.60
136.20
117.80
123.92
129.80
122.20
123.40
118.32
122.72
145.52
123.80
133.32
153.60
130.20
127.00
158.60
144.00
132.32
148.52
126.00
123.92
119.40
126.40
142.52
122.92
127.60
126.92
124.72
123.40
142.20
122.20
116.20
116.40
120.72
117.80
119.52
116.40
139.92
131.00
118.92
126.32
173.12
137.00
136.00
187.60
128.20
117.92
116.20
104.00
120.32
117.92
149.00
118.20
115.40
122.40
119.72
137.52
132.92
141.32
118.20
129.32
135.52
159.40
133.20
140.92
129.00
121.20
117.60
132.00
117.72
114.92
116.80
118.40
142.92
116.52
115.92
142.80
140.92
127.12
119.20
119.20
105.32
112.80
117.80
119.80
123.40
124.00
120.52
118.00
117.32
150.92
119.80
115.92
115.72
121.40
116.40
120.20
120.80
99.12
116.12
117.72
147.12
127.52
171.52
119.32
120.40
122.52
117.40
118.20
117.52
117.92
139.20
186.52
135.20
127.00
141.52
134.12
124.60
135.12
134.00
101.60
122.72
122.20
126.20
122.20
171.72
135.00
124.40
123.92
128.40
129.12
117.20
112.60
117.92
124.40
116.20
124.60
100.52
119.92
119.20
140.20
149.52
119.32
116.32
141.92
129.32
149.32
119.72
129.40
114.52
121.52
146.80
151.40
166.60
124.12
120.60
135.52
128.00
141.52
107.80
131.52
132.52
154.92
132.00
129.60
153.80
129.72
126.20
117.80
127.12
110.60
110.92
118.92
135.00
117.32
122.72
114.00
117.32
118.52
142.92
167.52
118.80
117.52
120.20
120.52
117.12
117.12
139.12
118.12
127.72
144.80
117.60
126.12
115.52
120.12
121.80
119.52
117.60
121.80
117.20
119.20
135.52
125.72
135.92
185.72
202.20
211.72
205.00
237.92
118.92
114.20
138.80
156.60
139.72
240.20
171.52
163.32
147.00
168.72
160.00
137.72
137.20
168.52
133.40
131.40
131.80
165.20
129.72
128.80
131.40
124.80
129.32
118.52
125.52
127.60
126.00
123.92
134.32
133.32
124.72
128.40
143.80
118.12
116.80
119.92
150.32
118.72
122.40
137.72
147.20
136.52
148.72
149.52
156.80
117.12
124.92
128.72
162.20
131.32
132.60
128.72
132.20
141.12
132.60
133.12
147.52
119.12
120.92
143.80
132.80
102.32
115.00
119.32
119.60
117.80
116.20
133.92
117.72
125.80
119.00
118.80
127.92
161.32
147.60
156.72
192.60
157.40
103.52
118.32
116.52
142.20
117.52
175.00
116.40
119.52
120.80
117.20
117.52
112.40
112.40
116.60
139.32
126.40
135.12
118.32
118.20
119.60
119.12
131.20
102.52
123.80
133.32
124.52
133.40
141.12
152.52
160.72
131.12
133.52
206.52
120.80
121.12
122.92
143.40
121.20
129.92
123.80
124.80
123.60
138.92
121.72
118.92
114.72
129.60
142.92
117.72
126.72
133.32
121.20
118.20
153.00
119.12
125.80
110.72
120.00
120.92
116.40
118.92
121.80
122.32
135.80
175.12
178.20
236.12
205.12
166.20
213.12
189.60
288.32
190.60
179.72
187.80
216.32
180.00
191.60
171.52
169.12
166.12
168.52
166.60
163.20
160.40
165.52
177.20
176.72
304.12
236.60
166.00
170.60
166.40
166.12
170.60
158.40
166.52
168.52
187.80
199.52
188.72
174.12
183.40
235.52
179.12
176.12
185.00
171.72
168.60
188.80
181.00
163.32
179.60
189.32
209.32
170.52
171.12
158.12
171.80
179.80
167.20
165.60
166.00
172.92
177.40
201.72
185.72
187.32
197.60
168.00
189.80
194.80
202.32
191.72
169.20
177.12
181.00
179.80
182.12
188.72
182.60
180.92
180.00
182.72
165.40
163.52
175.20
206.60
166.20
165.92
157.92
165.20
166.60
190.60
166.00
163.72
168.80
165.60
192.32
165.52
171.92
158.40
159.40
185.12
187.40
188.32
172.60
184.32
163.00
184.52
125.80
133.32
168.52
126.20
132.80
131.60
134.72
130.72
148.20
118.92
117.12
117.80
117.32
115.12
113.52
117.12
144.12
117.40
118.80
135.40
119.20
119.92
129.32
120.72
117.52
116.12
119.72
118.40
143.40
127.72
176.80
143.52
120.80
149.72
117.20
127.40
118.12
120.52
120.40
117.92
117.32
135.40
125.20
118.52
130.32
117.12
117.32
132.60
120.72
119.00
117.80
119.00
103.92
118.32
129.52
159.60
133.20
133.60
153.72
125.12
126.32
129.20
132.20
144.80
161.92
125.80
133.32
123.80
123.52
136.00
122.60
122.80
145.60
123.52
119.32
111.80
122.00
118.20
115.72
118.92
137.92
128.00
159.72
181.00
173.20
157.72
221.20
156.40
144.52
152.92
161.00
109.80
128.20
151.00
175.20
215.40
128.52
123.00
173.92
184.72
146.80
138.72
135.20
131.92
131.60
149.92
134.60
142.20
150.40
126.40
125.00
124.72
117.80
118.40
113.12
117.00
120.32
118.60
117.00
136.20
118.40
129.32
123.20
120.12
121.20
118.8