Measuring voltage and current with INA219 ...
236.72
156.80
198.00
136.20
233.00
250.12
137.20
169.32
147.20
139.80
253.52
216.40
148.60
202.92
139.32
189.80
199.72
138.40
168.20
172.00
179.72
231.80
241.92
153.60
220.12
144.52
183.92
228.52
148.00
160.32
157.52
148.60
224.52
208.60
205.52
165.92
154.32
154.80
205.52
144.52
144.92
178.52
139.72
228.52
253.52
146.52
191.52
138.12
153.72
213.40
196.00
189.32
161.72
149.80
224.92
255.92
155.80
169.12
162.52
158.52
220.12
176.40
156.12
190.52
137.60
172.60
206.40
138.20
171.72
194.20
152.80
216.32
191.60
163.00
205.12
135.32
137.12
224.72
148.92
144.60
169.72
141.52
214.80
311.20
137.32
203.12
136.20
178.40
199.00
346.00
249.52
213.20
136.92
223.00
242.00
193.60
237.00
156.12
149.00
209.12
152.20
146.20
166.52
149.12
189.20
197.92
145.32
174.52
154.00
167.00
215.52
185.20
167.00
220.12
146.40
220.12
222.80
173.52
168.92
172.92
168.32
233.72
150.52
229.12
240.00
154.80
192.32
191.80
157.80
189.80
172.52
161.20
248.52
169.32
155.72
205.92
152.12
166.52
213.92
153.40
158.92
178.52
144.92
222.92
230.00
177.32
178.12
228.40
287.00
255.40
270.80
319.52
412.12
345.12
357.12
334.92
432.12
488.12
467.40
421.60
365.20
523.92
325.00
278.12
281.60
461.72
314.40
398.60
284.60
261.92
339.72
530.52
395.32
577.52
378.32
420.92
537.80
543.40
602.40
437.12
366.80
417.12
471.40
356.52
594.72
582.52
531.20
499.60
509.52
511.92
621.12
633.80
647.92
668.80
663.60
688.80
694.32
708.20
712.40
687.60
690.60
743.80
761.00
726.60
775.92
222.80
196.40
665.92
186.32
211.60
343.80
192.32
187.32
194.00
185.00
512.12
216.80
182.40
205.60
180.12
193.20
431.32
184.12
211.72
215.40
198.60
215.12
273.80
202.52
203.32
199.12
238.80
520.80
194.12
215.32
209.12
245.12
482.00
394.32
305.00
193.00
192.40
185.32
276.40
200.32
178.80
186.60
177.00
134.12
216.92
130.00
134.72
143.60
138.72
185.00
178.60
138.32
172.12
139.00
175.92
164.52
133.20
136.20
146.80
123.20
136.92
111.20
122.72
129.32
119.92
123.92
139.20
126.92
122.40
129.12
129.32
104.80
126.72
122.60
129.20
151.80
133.52
147.80
118.80
159.40
194.40
168.80
133.60
123.00
130.60
133.92
129.40
128.92
112.80
163.80
120.72
142.80
120.20
126.52
109.72
115.40
121.52
116.72
117.32
141.80
123.72
118.12
137.20
119.00
121.72
126.80
112.60
166.32
120.72
120.92
101.20
117.92
122.52
142.80
115.92
155.92
168.00
141.60
175.40
187.12
180.00
203.72
149.60
201.72
155.40
161.32
160.52
162.80
154.20
130.60
183.40
136.20
124.80
122.52
132.80
125.72
125.52
129.60
157.60
123.00
125.20
149.20
155.40
141.52
120.40
117.00
122.00
130.72
144.60
130.72
126.92
133.00
150.32
132.92
133.32
147.12
146.52
180.92
145.40
118.20
114.52
117.12
115.12
220.40
120.72
145.52
113.00
110.12
119.20
125.72
117.92
117.00
108.60
129.80
120.00
121.40
121.52
141.40
120.52
120.52
117.80
118.40
128.80
109.52
117.72
121.92
121.52
116.52
135.60
113.20
122.72
185.52
135.72
119.32
112.32
118.80
129.72
120.00
116.60
99.32
115.80
123.20
144.12
117.60
124.32
109.60
113.52
131.32
119.32
119.60
120.00
106.92
118.32
126.32
118.32
119.20
136.00
123.12
145.80
133.00
132.52
125.00
129.80
132.20
132.52
158.00
200.72
162.32
120.80
122.92
124.80
122.92
126.00
113.92
127.60
139.80
138.80
125.12
106.60
115.60
117.80
140.40
115.72
114.92
110.92
118.00
127.52
168.00
134.72
172.12
128.92
134.52
159.72
126.32
134.20
137.92
123.00
135.52
124.92
145.20
110.20
114.92
117.12
129.12
117.80
120.20
143.80
112.40
123.92
117.60
120.60
123.20
112.72
117.32
139.72
118.12
125.20
122.12
114.32
118.20
136.80
118.92
119.00
158.80
115.72
120.72
116.32
117.92
184.32
130.60
125.52
148.80
170.12
142.00
160.00
119.72
128.52
130.72
123.60
121.32
116.60
122.72
140.00
187.12
136.40
194.92
122.32
124.60
128.20
122.60
145.20
121.80
122.20
152.80
124.12
142.72
116.20
119.12
139.92
154.20
138.20
140.80
122.40
139.52
137.92
136.60
136.72
229.80
168.60
139.32
195.52
188.60
151.12
121.60
125.40
128.72
132.00
123.32
142.12
114.92
119.60
139.52
122.80
128.20
110.20
117.80
141.80
132.40
133.20
166.32
128.92
138.60
162.00
136.60
156.40
128.72
137.00
153.00
133.60
124.72
137.12
123.40
176.12
195.92
121.12
124.40
134.32
115.20
121.20
141.40
183.52
178.00
203.60
208.20
216.12
181.80
207.52
257.60
165.12
119.72
121.12
126.40
130.72
120.80
134.40
129.72
130.20
129.52
109.52
109.40
116.40
149.20
116.32
116.40
119.00
124.12
185.12
119.80
117.40
113.40
118.20
120.20
141.32
117.12
127.40
113.20
115.00
117.52
119.52
123.60
106.72
139.20
150.80
119.12
176.20
120.52
170.32
153.72
132.80
133.32
128.80
128.40
128.00
129.60
150.60
123.60
122.00
135.32
122.20
133.72
190.40
127.20
126.40
116.40
124.80
123.92
126.52
123.32
139.60
116.60
117.12
144.12
117.72
124.12
108.52
114.20
131.12
132.12
131.72
143.60
128.80
129.32
175.00
128.20
134.80
144.20
134.20
124.40
122.40
116.92
103.40
115.52
117.40
148.12
161.92
125.92
141.52
112.52
118.52
121.12
118.52
118.40
108.20
117.80
124.72
117.12
121.12
136.40
113.32
117.72
141.00
117.32
124.92
114.52
118.80
119.52
118.40
126.52
140.40
113.40
119.80
122.60
130.32
122.52
121.60
112.40
131.40
176.12
181.20
148.60
193.20
122.60
162.92
139.52
151.00
126.20
131.80
166.12
162.32
128.52
126.40
171.00
127.72
171.92
162.00
138.32
134.20
118.72
141.92
137.92
143.72
122.72
133.72
157.12
142.72
122.72
142.32
178.80
117.60
157.92
155.72
192.40
161.20
128.52
121.72
128.00
149.52
122.32
148.52
152.40
142.72
142.60
128.60
193.72
146.92
150.52
148.40
137.40
135.20
151.12
134.00
149.12
162.52
145.92
159.72
126.12
131.12
165.60
136.60
120.12
132.92
158.40
149.72
149.72
139.40
175.20
175.00
198.60
204.80
161.20
129.20
127.40
117.60
155.80
177.40
143.92
141.00
189.32
129.92
143.20
146.52
188.72
143.12
133.52
158.92
124.92
142.60
146.40
123.80
124.20
126.72
166.92
133.72
188.12
160.00
132.40
159.92
179.32
139.72
196.20
196.00
188.72
134.52
125.80
123.32
140.12
125.92
212.12
126.32
124.20
111.72
117.12
117.12
143.40
116.52
115.00
149.20
112.92
117.52
119.92
117.60
119.00
106.92
120.00
127.20
118.52
118.72
134.80
114.92
118.12
142.60
119.20
117.40
116.00
125.32
169.92
124.40
119.80
142.60
113.92
119.40
134.92
117.72
124.80
117.20
117.80
143.52
132.32
131.72
119.00
124.72
134.32
157.20
143.20
138.40
130.60
138.32
133.92
148.40
119.80
114.52
119.00
132.32
140.32
141.32
177.72
121.92
124.32
126.00
207.32
122.32
121.12
109.80
119.80
119.12
118.12
122.92
146.80
121.40
114.52
126.12
117.12
118.40
109.20
117.12
118.52
118.20
118.60
118.92
110.72
140.60
145.20
132.00
132.52
127.12
137.20
139.20
134.80
128.00
115.40
132.52
127.12
159.60
162.32
134.80
115.72
121.00
127.20
134.40
129.00
122.72
111.00
117.80
160.32
148.80
149.40
208.20
138.52
125.52
117.00
125.60
125.92
118.20
122.32
122.40
118.20
118.80
148.20
117.32
121.72
137.32
125.40
123.40
118.92
131.40
131.32
134.92
146.40
124.00
112.40
120.80
143.80
117.00
121.60
113.32
116.60
125.80
130.40
207.60
154.32
125.00
135.20
156.00
148.60
151.00
141.20
134.00
132.60
134.80
116.00
103.32
108.40
115.40
185.32
120.52
121.12
145.12
118.12
119.80
118.92
135.00
129.52
125.60
119.12
133.52
118.32
120.52
108.00
110.00
116.32
142.32
116.92
115.60
114.20
118.80
131.20
130.32
119.20
145.52
113.80
153.40
148.72
131.72
140.72
128.00
119.12
149.20
207.80
186.32
199.12
170.20
209.12
166.32
123.32
121.52
157.92
235.00
147.20
144.00
147.80
158.32
122.92
134.72
180.00
137.20
131.32
123.80
117.60
124.20
137.52
124.00
123.80
120.72
126.32
133.12
123.32
124.52
147.20
121.32
125.40
146.20
121.32
172.20
115.00
118.20
123.92
142.40
118.72
123.00
147.80
179.20
149.60
145.72
148.52
116.72
115.72
123.12
173.40
131.20
123.12
128.60
131.60
159.40
129.00
135.20
126.12
131.00
145.12
118.12
129.80
119.40
108.72
131.52
122.72
116.72
116.72
133.80
111.52
116.72
117.92
119.40
149.80
128.40
170.80
197.52
158.32
175.32
189.92
154.92
210.60
198.20
147.72
143.00
132.80
166.60
117.80
120.00
116.32
100.72
112.40
120.12
149.00
131.40
139.80
124.80
132.32
139.92
133.72
125.72
124.72
125.72
125.80
139.40
126.20
127.20
127.20
117.40
131.32
185.20
197.20
102.72
112.72
120.12
119.40
126.32
116.72
194.00
113.52
118.60
118.72
117.92
117.00
116.72
119.72
130.20
117.80
117.12
112.12
112.92
118.52
139.32
117.60
116.40
115.60
118.12
120.72
123.72
119.80
142.72
113.20
119.80
149.12
144.40
131.20
113.72
116.60
130.00
133.12
132.12
123.40
129.20
133.80
155.60
133.92
133.92
152.40
142.00
132.40
117.80
117.40
112.80
115.20
116.80
142.60
117.00
127.12
113.00
113.32
118.52
129.32
119.60
121.52
108.52
124.40
118.80
154.52
153.32
144.80
116.00
119.40
146.00
118.32
129.12
116.32
123.32
118.72
129.32
130.20
142.52
126.20
129.00
139.20
125.32
124.20
147.92
119.52
166.72
133.80
132.92
139.60
130.12
129.80
159.12
127.60
134.20
119.32
133.80
125.32
125.60
124.52
155.92
147.72
125.72
131.52
118.00
117.72
136.52
111.72
116.00
123.12
116.80
121.52
113.80
120.92
121.00
118.32
118.32
141.00
114.92
119.80
123.40
118.00
118.92
126.32
139.92
119.72
126.32
118.80
103.20
113.40
119.52
141.20
116.40
141.60
126.40
137.60
126.52
132.00
133.00
131.52
133.20
128.12
206.80
124.80
131.60
125.92
136.32
124.20
123.92
121.80
102.60
119.00
116.00
119.52
117.40
127.00
142.00
117.52
120.72
120.60
119.32
119.52
119.20
118.80
136.32
140.52
120.92
118.12
123.32
185.12
150.12
116.32
118.60
154.12
118.60
117.60
118.80
117.40
141.20
114.00
117.80
153.80
121.52
141.12
119.12
131.20
138.60
132.60
130.80
130.92
129.00
127.60
124.80
127.80
135.00
146.00
122.40
123.40
124.72
125.60
117.20
115.92
125.60
234.52
169.52
261.32
205.80
313.60
136.80
131.40
125.00
153.32
115.72
124.80
167.52
128.40
129.80
169.80
120.12
124.20
154.60
126.32
130.40
122.52
122.40
124.40
127.72
116.52
133.92
117.32
117.60
128.20
120.40
121.40
129.52
112.60
126.12
168.52
128.20
114.52
128.32
126.92
154.80
125.80
131.80
130.20
127.12
129.52
118.12
118.80
119.40
115.60
117.52
131.12
118.92
116.32
146.12
170.40
134.80
121.80
120.92
117.00
118.12
11