Measuring voltage and current with INA219 ...
138.52
202.60
195.60
144.32
186.00
137.40
155.12
197.12
130.00
140.52
151.60
137.20
175.72
149.40
130.40
153.80
151.92
163.20
218.72
146.92
157.92
166.52
151.00
186.80
231.92
172.60
194.00
163.72
151.52
225.72
202.60
151.32
246.52
228.40
287.52
306.12
224.40
256.12
181.40
141.80
230.32
302.20
139.92
222.92
146.80
187.20
219.40
136.52
165.52
161.00
136.80
201.00
242.00
140.00
202.00
146.20
144.80
254.40
136.12
144.12
159.32
136.52
211.52
148.20
127.40
171.60
175.80
159.12
210.40
184.80
157.60
178.52
136.52
202.52
229.00
133.20
174.60
149.32
137.52
167.60
146.52
167.20
176.20
147.32
177.60
211.40
128.40
171.00
163.80
155.20
189.40
203.92
164.32
192.32
201.20
153.32
159.20
127.72
133.52
149.72
139.40
209.20
196.20
133.52
166.60
149.60
163.60
225.72
150.80
148.52
158.92
136.72
208.72
163.00
148.80
204.52
149.60
156.52
225.52
157.92
171.12
209.60
157.40
199.00
235.12
131.60
202.60
206.12
230.12
278.40
216.00
214.32
267.00
223.80
171.52
230.40
158.60
155.40
151.20
139.52
221.00
214.00
140.52
202.32
142.20
156.92
257.40
140.32
149.92
233.32
140.92
247.32
164.72
141.20
206.72
139.72
160.20
233.32
179.12
155.60
173.72
147.20
266.52
228.72
126.12
159.20
147.92
157.52
236.72
146.92
144.20
192.60
157.72
184.12
345.20
164.72
173.20
148.92
147.72
242.72
175.72
144.60
208.00
143.20
203.32
232.12
130.72
156.80
163.32
144.92
235.60
149.52
129.40
231.92
139.40
183.00
327.40
140.72
166.92
148.60
144.60
227.12
265.32
230.32
273.60
228.00
235.32
292.72
251.00
302.20
302.20
283.40
362.60
521.12
200.52
221.92
240.20
257.60
310.32
387.60
228.92
233.60
276.00
324.52
213.12
457.00
421.32
358.72
441.32
429.52
440.32
438.32
450.00
493.80
561.12
416.60
551.80
464.12
381.52
371.80
574.92
548.60
546.32
524.72
544.60
493.60
600.40
575.52
599.72
635.20
640.00
653.32
661.00
617.52
703.80
714.72
693.72
709.80
705.12
171.80
210.52
255.20
316.80
172.40
174.20
192.40
175.52
173.12
474.60
171.72
169.00
232.60
171.12
498.20
185.52
160.32
208.20
184.52
194.20
372.40
193.40
164.60
339.52
172.52
208.92
210.12
171.00
288.12
171.72
192.40
477.20
169.60
167.80
188.40
171.12
190.72
311.40
202.32
171.92
188.32
127.12
192.80
123.92
119.40
166.12
124.20
152.00
161.12
119.32
170.32
122.52
124.40
155.52
126.32
112.92
147.60
141.20
148.72
163.72
134.40
136.52
128.40
131.60
192.60
135.40
132.20
153.52
129.72
139.32
211.40
130.20
125.72
159.00
158.00
131.12
139.12
121.52
113.60
120.80
121.72
149.92
122.00
119.72
149.80
123.20
149.12
125.32
121.12
121.80
121.92
122.60
133.80
136.72
131.72
147.32
134.00
132.60
145.52
115.92
113.72
121.12
118.80
109.40
118.12
111.20
145.40
128.60
175.32
125.40
166.60
150.52
179.00
118.40
130.72
116.00
107.40
115.00
116.20
114.92
148.92
141.20
116.92
120.40
119.72
112.80
120.72
116.72
147.80
118.52
178.12
138.12
115.60
115.40
125.12
117.72
118.60
118.72
108.60
114.12
118.52
129.20
218.72
119.92
106.72
140.92
118.40
129.00
117.60
117.12
123.72
119.20
117.60
140.40
138.52
126.40
125.92
131.40
125.40
140.32
126.32
125.40
185.92
134.52
119.32
124.40
117.52
155.40
132.32
141.12
156.00
129.60
124.92
133.80
134.12
134.92
188.40
127.32
133.00
126.60
125.80
141.32
125.20
126.60
145.80
122.20
121.80
124.00
114.60
117.80
148.40
137.12
144.32
116.40
131.32
167.40
188.40
189.00
245.72
129.40
220.20
234.52
237.92
245.52
233.60
232.52
211.92
171.52
176.60
169.40
170.12
184.72
184.80
179.52
213.00
181.12
174.52
206.32
179.60
191.80
193.32
188.20
182.80
186.32
188.20
181.60
164.72
218.40
169.12
164.52
162.00
185.72
165.12
110.52
126.32
116.80
122.12
119.12
119.20
116.32
118.32
126.12
125.72
118.52
132.32
137.60
117.92
117.32
119.40
113.12
112.60
119.12
118.20
109.40
119.80
112.12
151.80
124.32
146.92
126.60
127.72
126.40
132.80
135.00
137.20
126.12
124.72
196.92
172.40
183.60
196.92
173.80
120.72
140.12
132.40
125.32
147.72
172.80
213.00
218.60
186.60
199.52
155.00
143.80
169.40
159.12
158.52
203.40
126.92
193.72
142.92
126.32
118.12
125.40
133.20
152.20
155.60
165.52
143.52
131.52
128.00
150.40
127.52
227.20
166.80
194.52
181.52
194.80
132.40
147.12
166.12
120.12
166.00
218.32
113.20
208.52
134.80
171.32
159.40
152.80
176.20
148.40
182.32
141.00
162.00
177.20
143.72
127.40
145.92
149.40
137.72
207.32
163.20
134.20
179.20
140.40
124.00
124.72
144.12
121.40
158.60
153.60
164.92
132.20
123.40
177.92
168.92
206.60
226.72
142.80
124.60
147.60
150.12
125.40
149.40
149.72
165.60
197.80
133.72
174.60
127.12
153.72
145.92
215.60
164.52
141.00
149.72
163.72
154.00
167.32
150.80
214.32
135.60
147.72
145.92
165.92
146.80
141.00
132.92
158.72
164.12
208.00
141.52
168.40
173.80
146.52
126.00
139.80
124.52
128.32
146.72
128.92
156.92
141.32
162.40
181.52
170.40
137.00
137.60
134.12
114.52
144.52
121.20
153.80
128.72
153.12
177.12
137.92
138.92
123.40
172.32
125.12
174.92
146.32
176.12
181.72
151.60
136.60
148.52
136.52
140.20
131.60
135.40
122.32
141.32
128.72
138.32
128.80
132.72
127.00
126.92
149.80
124.60
125.80
132.00
152.00
123.12
122.92
115.80
128.40
124.80
138.32
108.20
151.20
112.92
148.92
118.00
173.80
122.32
162.60
119.20
118.52
120.60
142.52
123.20
109.32
134.40
115.60
121.60
128.80
118.32
119.60
121.12
123.92
131.40
134.72
118.32
154.92
125.92
186.80
161.00
129.72
120.80
122.00
130.92
125.00
145.12
177.40
142.32
116.72
121.32
138.00
147.20
118.80
146.00
118.40
162.92
120.92
115.32
116.80
116.40
116.40
147.60
116.80
125.00
143.80
157.40
134.52
121.00
119.32
114.20
137.80
126.40
116.12
119.00
107.12
138.72
116.92
117.40
140.92
118.52
112.60
120.12
119.60
109.32
119.72
117.60
161.12
123.32
130.52
123.60
120.72
114.52
127.72
122.40
129.00
127.12
119.32
117.60
133.32
182.12
162.92
134.92
124.92
142.72
132.00
130.32
125.60
122.00
176.20
127.00
133.32
141.80
123.32
114.52
129.52
120.40
118.92
138.52
118.52
117.32
126.40
169.32
157.80
119.72
116.12
152.20
117.60
124.80
117.60
117.52
114.92
116.52
118.52
117.60
121.92
125.52
134.80
134.92
134.60
151.92
132.92
135.52
143.20
139.80
118.40
144.12
120.12
117.20
122.12
115.40
155.32
120.60
117.00
140.20
126.60
162.40
120.32
114.00
120.32
119.20
117.12
103.52
118.60
109.20
140.72
118.40
117.00
117.72
118.32
129.00
121.52
118.12
118.20
119.00
117.40
136.92
125.92
126.72
125.20
117.32
112.00
118.80
117.32
148.20
120.00
111.32
116.20
118.72
126.32
190.92
132.20
114.60
119.80
123.60
130.00
129.52
178.80
234.20
225.72
218.12
214.20
180.20
177.12
181.00
134.60
125.32
121.92
131.72
125.00
133.32
127.32
151.40
123.00
117.20
143.72
123.00
127.20
117.32
118.40
115.00
117.80
118.60
127.20
168.92
107.60
136.20
118.80
118.92
142.52
117.92
122.00
118.20
175.60
149.72
159.80
151.20
218.60
156.72
153.72
130.60
126.92
117.80
128.80
125.00
131.00
142.80
117.20
115.32
124.52
122.20
155.40
132.52
126.00
130.80
134.12
134.92
121.00
162.12
120.72
118.80
117.80
139.20
116.52
110.00
123.92
117.52
150.52
182.00
120.80
110.92
135.32
119.12
100.52
118.40
115.80
157.60
118.92
123.00
119.52
118.72
115.20
177.52
118.12
119.92
200.92
110.60
133.20
117.80
122.12
132.92
126.32
157.72
123.92
127.92
134.52
136.12
133.52
178.52
214.80
182.80
211.52
156.00
133.20
157.12
125.72
130.32
124.12
115.92
168.40
127.20
141.80
122.20
125.80
112.20
141.72
120.12
119.32
120.92
118.52
121.52
122.80
121.32
141.52
120.00
114.92
150.52
130.32
142.52
124.52
120.60
116.12
130.00
115.72
121.00
128.00
129.20
128.40
132.52
133.12
160.40
225.92
170.92
139.60
126.12
131.80
135.20
110.60
137.20
128.40
120.92
184.32
126.52
108.32
130.92
118.60
117.32
117.20
125.60
126.40
131.92
126.60
146.72
132.00
114.72
146.40
119.32
128.32
117.12
117.32
114.72
119.40
118.00
126.00
119.12
108.52
132.00
160.32
158.32
174.00
143.60
134.60
123.20
139.52
124.40
164.40
117.40
177.20
136.52
144.80
160.80
148.72
130.20
147.60
166.20
181.80
139.12
135.12
139.40
146.60
139.00
158.00
136.52
157.72
235.12
133.92
132.92
124.20
125.32
120.92
150.40
143.52
147.20
151.40
200.80
169.12
137.40
126.40
150.60
128.20
112.32
119.32
120.40
101.52
120.52
147.00
144.72
116.80
134.80
167.32
119.40
123.72
118.60
118.32
121.12
172.00
128.20
140.60
130.92
137.00
146.32
133.60
117.72
126.32
123.20
125.40
138.92
114.12
113.92
115.20
116.00
153.40
118.12
115.40
117.32
119.32
121.12
118.92
120.40
114.12
118.60
119.52
123.20
167.32
116.40
142.12
118.12
117.20
118.52
117.72
113.72
120.92
117.80
119.52
118.60
108.80
137.20
118.40
124.72
123.00
119.40
112.60
119.20
117.32
113.00
120.72
116.72
116.80
117.20
118.72
143.32
128.20
115.72
118.12
125.52
125.00
197.80
166.32
134.12
132.72
142.32
182.92
125.72
120.32
145.80
125.12
128.32
125.92
122.72
120.12
130.92
132.00
110.60
125.80
129.92
145.72
119.40
169.20
178.12
154.40
143.60
152.20
159.20
166.52
169.40
184.12
167.20
173.00
149.80
157.72
159.20
168.32
120.52
116.32
107.72
126.60
126.52
158.52
132.80
133.20
156.92
128.20
116.00
136.12
131.72
137.92
157.72
116.32
116.80
118.80
119.20
139.80
117.72
116.00
139.52
157.60
120.60
120.40
120.20
115.72
117.12
117.40
142.52
116.80
111.52
202.32
141.40
128.40
128.52
118.40
111.00
133.92
117.00
100.52
117.20
119.20
140.32
116.72
120.20
127.72
116.52
116.72
119.92
125.72
118.32
122.40
112.92
130.92
120.12
124.72
128.92
122.40
111.20
134.40
128.12
133.52
134.00
131.00
131.32
149.00
198.32
183.72
183.20
130.40
184.92
125.00
134.92
123.80
124.52
117.60
126.72
142.72
122.40
152.40
121.72
136.72
127.72
116.40
126.32
116.60
120.92
119.80
119.40
109.80
204.32
156.92
212.12
203.32
213.60
193.32
193.72
210.20
179.20
169.80
179.72
137.52
128.20
122.60
125.32
123.92
187.40
175.92
155.92
147.12
175.52
143.92
145.20
113.40
120.80
120.40
118.92
154.12
119.72
109.00
125.92
117.60
116.32
121.80
116.00
114.72
119.12
118.00
101.40
120.80
111.32
144.92
118.20
137.80
177.00
120.00
114.40
122.00
118.32
133.92
117.72
115.12
122.00
116.80
121.40
133.52
117.92
115.72
118.92
118.20
102.32
124.92
137.00
142.60
119.60
120.00
148.40
130.40
106.60
119.40
122.80
137.92
207.80
134.40
139.32
136.12
129.12
168.12
223.00
130.40
154.40
129.32
148.60
153.32
165.52
129.60
123.00
133.60
148.00
123.32
112.60
134.40
122.00
129.00
127.80
117.20
111.40
161.60
118.52
104.52
121.52
114.12
140.92
124.80
117.92
141.00
115.92
124.92
120.92
119.40
117.12
125.40
233.80
148.60
138.00
171.80
145.72
126.92
131.72
147.12
132.52
127.80
139.32
122.20
117.52
116.52
115.12
146.00
115.60
111.52
119.00
118.00
124.60
117.72
121.32
117.12
117.40
118.20
121.80
118.20
124.32
133.72
116.80
119.52
118.72
148.40
150.92
130.92
119.32
110.20
121.20
115.60
137.20
117.60
126.00
117.72
117.60
114.20
116.12
117.12
116.32
118.52
116.60
120.60
117.52
118.20
140.60
128.52
117.80
1