Measuring voltage and current with INA219 ...
149.52
146.80
159.00
143.12
143.12
162.52
149.40
148.60
211.20
138.52
160.00
173.20
136.52
159.20
204.32
171.00
228.20
145.40
136.32
204.80
159.52
139.92
158.40
149.12
181.80
200.60
139.72
156.32
161.72
151.72
218.52
211.80
152.20
202.52
161.20
152.32
188.00
159.52
159.72
215.72
143.12
205.92
140.80
135.60
153.92
143.80
159.40
200.20
142.72
164.92
267.92
137.12
176.92
191.52
137.20
165.92
150.72
156.52
188.72
138.72
141.12
150.00
145.00
174.40
181.12
136.32
138.92
156.52
143.72
224.60
314.80
137.72
187.20
135.92
168.92
215.20
137.12
163.00
152.32
151.40
148.60
158.20
152.20
188.00
187.60
144.92
204.20
142.80
145.80
172.40
134.92
219.20
255.40
155.20
186.00
157.20
175.52
237.52
175.80
220.32
206.32
152.60
189.20
161.32
142.12
160.60
153.92
149.80
177.00
143.60
137.92
149.40
135.40
177.32
202.72
135.32
171.92
227.92
214.72
229.72
331.72
224.00
277.20
268.92
321.00
375.12
287.92
301.20
393.60
520.72
320.92
222.60
248.72
246.40
243.72
231.52
460.60
230.92
339.80
214.92
357.72
495.80
479.80
341.12
324.20
424.20
417.40
538.00
424.60
525.20
580.80
360.00
604.20
516.80
429.20
378.72
512.72
520.00
571.92
499.60
498.32
607.72
626.20
613.92
621.40
657.20
669.80
685.80
693.32
698.00
726.52
745.12
731.92
754.32
746.72
380.60
407.20
177.32
173.72
197.60
321.32
236.92
196.20
209.80
195.32
221.12
185.20
186.12
191.52
175.52
171.80
510.92
198.20
186.60
212.00
244.92
268.72
509.12
255.20
245.32
261.20
260.60
539.12
314.00
257.52
432.20
203.00
217.20
218.12
191.80
173.52
179.00
188.12
359.00
205.00
161.72
167.00
167.80
165.52
187.72
141.92
174.12
199.12
134.12
169.40
134.80
128.92
204.20
128.12
128.92
122.40
128.40
130.60
155.52
130.60
126.72
119.00
123.00
131.40
130.20
133.60
214.52
130.80
125.60
149.00
119.32
141.72
122.00
120.32
123.12
120.00
121.80
120.92
127.92
152.92
245.00
128.12
128.80
140.72
116.40
155.00
169.20
122.92
119.32
112.92
118.92
194.40
135.32
148.92
135.52
115.32
117.60
159.92
117.32
116.52
108.60
113.12
116.20
121.80
134.60
155.92
132.80
136.12
166.20
132.72
145.80
170.00
131.12
142.92
193.12
117.32
128.92
117.12
116.92
141.20
122.20
159.32
135.72
117.72
118.20
117.32
118.60
108.32
104.20
177.00
175.32
116.80
134.00
115.40
131.32
118.60
120.00
162.72
118.72
111.00
132.20
135.00
116.92
119.32
139.40
122.40
173.60
125.32
136.40
139.52
125.52
129.00
135.52
133.32
125.80
154.92
127.20
126.32
127.40
137.40
126.60
130.40
188.80
126.32
127.32
124.00
112.72
120.72
117.32
141.40
118.92
116.40
114.40
113.92
119.32
188.72
121.72
123.32
127.20
120.00
140.12
120.32
139.92
134.20
120.92
118.60
120.72
118.20
115.92
144.12
131.32
116.60
116.80
117.32
142.40
128.12
127.60
120.00
119.12
125.32
117.12
116.92
119.60
122.80
130.80
134.12
129.32
136.80
149.60
131.12
127.32
124.40
135.60
134.72
132.80
137.00
144.12
168.12
126.00
158.52
131.12
142.00
129.40
114.12
118.20
117.12
116.80
112.72
114.52
110.00
140.72
117.00
118.92
139.72
114.00
118.60
120.12
118.40
112.00
121.40
127.60
145.92
116.80
116.32
142.40
114.20
130.60
133.52
125.52
133.00
142.52
175.52
133.60
134.40
132.92
153.32
116.80
141.12
150.60
176.60
137.80
122.72
123.12
163.00
126.40
126.00
154.32
124.72
120.12
129.60
119.32
120.40
134.40
115.52
122.00
119.00
119.80
134.40
109.60
193.52
146.72
117.52
129.72
192.20
379.92
166.92
129.20
173.72
137.20
113.80
126.32
131.20
119.12
121.92
138.00
117.80
123.80
144.40
121.32
122.40
120.52
136.00
125.40
130.92
195.32
214.00
135.20
137.32
136.92
137.40
153.72
142.52
130.32
139.72
185.72
121.20
108.32
110.00
128.20
194.52
126.12
129.32
117.40
115.60
121.40
129.32
135.20
147.20
270.80
136.92
149.12
123.40
134.80
159.32
117.20
121.12
124.12
122.60
121.52
111.60
114.20
122.32
164.32
123.32
147.60
117.32
124.72
161.80
137.52
174.12
165.12
160.20
315.40
198.12
189.72
221.92
185.52
186.52
198.60
185.00
195.80
241.12
178.72
184.20
186.52
183.80
260.60
176.52
169.20
204.32
168.32
190.60
168.40
180.00
212.20
169.20
128.80
168.92
119.32
113.92
123.12
162.00
121.40
143.40
117.92
121.52
133.92
171.52
131.40
125.92
133.00
160.12
131.00
130.52
139.92
115.40
118.92
144.40
158.32
141.60
110.92
115.60
119.52
121.52
132.40
114.32
129.20
131.32
158.60
133.32
135.52
124.40
131.12
142.52
135.60
118.60
136.52
116.00
117.12
133.20
117.80
134.92
139.52
115.92
120.40
118.40
172.32
107.92
107.52
116.80
143.00
116.72
116.32
144.00
114.20
117.12
119.52
120.00
120.60
112.40
117.32
129.32
117.72
120.12
131.52
112.80
146.72
207.60
201.20
210.92
193.40
181.72
205.60
198.72
218.12
223.92
191.52
205.52
164.20
172.72
132.32
127.92
124.00
138.80
139.72
124.92
119.80
115.72
117.72
138.40
117.00
115.40
112.00
110.80
116.60
129.92
145.32
117.20
116.80
119.60
144.12
117.60
127.32
122.40
113.72
117.92
139.32
117.52
116.52
116.32
158.12
119.92
118.40
119.40
141.80
111.40
118.80
118.40
125.52
121.00
115.12
114.20
119.20
122.52
132.40
142.72
136.92
133.72
152.60
167.92
133.80
126.12
125.40
143.92
139.52
120.12
103.60
107.20
115.60
149.72
118.12
125.00
120.20
126.32
170.12
126.32
119.60
119.40
107.40
113.40
122.20
117.72
118.32
137.40
113.72
123.20
119.60
118.00
105.72
119.00
117.72
119.92
116.60
118.52
140.00
115.52
125.92
135.00
126.92
132.80
124.20
122.72
135.72
134.72
131.52
116.00
121.40
149.72
208.00
133.72
126.60
123.80
120.92
125.32
176.12
181.12
200.80
136.20
129.60
140.60
138.92
161.32
145.40
118.20
128.40
144.20
122.20
122.12
141.00
141.80
146.32
160.92
121.60
159.92
134.32
132.20
147.92
143.72
166.12
117.80
146.40
169.60
175.60
181.20
178.00
117.00
175.20
162.92
174.12
122.72
116.20
137.20
120.32
148.12
162.32
165.92
168.80
145.92
234.00
141.92
154.20
137.52
162.00
133.00
157.60
153.60
133.20
133.00
140.92
168.32
157.92
135.40
156.32
134.52
127.00
141.20
174.72
126.80
119.80
123.20
167.20
120.12
160.60
149.00
142.32
169.72
146.20
195.40
143.52
140.32
126.20
179.32
153.12
161.00
146.00
133.80
139.92
131.92
153.92
141.40
129.72
157.32
191.20
134.72
159.52
142.80
139.20
131.52
132.12
176.80
204.12
116.00
133.60
121.12
141.52
173.60
127.40
156.12
131.32
172.20
121.20
138.72
144.72
134.80
122.72
131.52
133.52
176.92
122.80
132.20
156.00
132.20
142.72
162.72
123.12
132.92
134.00
167.92
111.20
131.60
118.80
139.92
151.72
172.92
223.12
130.92
173.52
134.80
177.20
141.32
143.52
134.20
128.20
155.12
130.72
224.40
139.72
127.80
195.52
128.12
178.32
126.32
150.00
146.32
160.52
129.80
145.52
118.20
129.12
165.12
140.72
186.40
142.12
131.92
132.20
138.12
127.32
109.72
135.72
195.80
156.72
125.40
127.32
151.12
183.20
160.00
152.00
128.00
127.00
115.20
119.72
139.60
119.80
146.20
123.12
110.40
128.52
133.00
116.32
116.60
114.20
110.12
119.12
117.80
118.20
144.32
113.20
117.20
168.60
119.12
156.72
152.40
124.00
170.40
118.80
119.20
120.40
108.32
118.12
133.92
116.00
116.52
140.12
109.40
119.00
119.00
117.12
110.12
117.92
119.32
156.40
135.60
129.52
121.20
125.92
119.40
137.72
119.80
117.52
109.72
112.80
118.12
118.92
121.20
139.32
112.12
128.32
168.32
120.32
122.80
125.00
115.40
120.72
124.60
122.72
144.00
170.80
158.12
165.32
151.52
150.52
172.80
125.32
143.60
199.92
130.20
106.40
112.52
121.40
161.12
136.60
143.72
137.80
126.32
133.40
141.20
166.00
139.00
123.00
136.20
156.40
191.60
124.40
140.20
117.32
124.92
125.40
124.72
122.20
120.72
114.40
118.72
117.40
116.80
208.80
116.52
123.00
148.40
136.72
124.20
135.00
142.00
154.00
120.00
116.32
104.92
132.52
118.20
140.80
116.52
115.20
112.92
113.12
118.92
123.92
146.32
122.00
115.12
120.00
141.80
118.20
126.00
166.60
154.00
195.32
204.80
223.32
176.80
168.60
173.20
184.80
209.00
175.92
214.72
184.00
219.12
208.40
215.40
221.20
193.20
127.40
138.40
116.80
120.80
126.00
111.80
116.92
133.12
120.80
149.60
114.32
113.52
117.60
120.92
134.12
156.32
136.92
125.60
154.72
127.80
137.12
127.12
121.60
134.12
145.00
117.92
120.00
112.40
126.12
145.60
150.00
128.12
149.12
125.52
142.32
130.72
138.60
127.72
144.40
133.92
151.92
126.32
141.80
171.60
165.20
129.32
147.32
149.12
146.00
156.12
150.12
119.20
116.20
115.52
150.20
111.40
120.40
169.00
119.20
128.72
122.12
116.80
124.60
121.72
120.12
154.60
130.60
135.52
139.40
133.60
135.20
130.32
116.52
118.32
117.80
119.00
134.00
118.60
143.12
144.80
120.12
129.20
117.40
114.60
137.00
119.20
129.60
117.92
109.32
113.00
132.92
123.20
119.40
130.32
111.32
118.00
121.12
117.20
118.72
113.40
115.20
117.92
125.20
117.72
141.80
128.40
118.12
119.00
120.40
120.32
123.12
123.00
165.92
121.72
133.72
125.80
131.12
133.32
148.60
131.20
131.72
187.92
122.60
137.12
131.12
121.20
112.60
112.60
119.12
144.00
128.72
140.72
126.72
129.40
130.92
135.92
136.00
150.52
126.32
136.12
126.80
124.60
124.60
153.12
134.00
149.60
182.32
126.00
124.92
116.32
115.00
140.20
115.00
115.92
131.52
112.92
129.92
129.80
122.20
121.00
113.32
124.80
118.12
117.60
119.60
100.60
112.60
117.40
145.32
116.72
128.20
119.12
135.52
130.80
134.60
135.12
146.12
126.60
137.52
146.80
183.60
128.92
137.00
111.80
118.60
120.60
119.72
107.52
116.20
137.92
145.92
118.32
116.20
138.12
116.40
118.40
134.40
118.20
123.80
108.32
116.72
122.52
118.00
118.40
142.00
153.60
119.80
143.80
118.80
151.40
116.72
126.60
119.12
121.60
189.20
149.60
135.12
134.60
137.72
125.40
143.20
146.92
129.52
134.60
127.60
167.32
167.72
139.92
151.60
182.20
168.00
173.80
225.12
226.32
196.92
184.32
166.20
153.32
169.12
129.32
141.00
122.92
132.72
137.80
122.00
125.40
145.12
129.32
151.20
127.32
115.80
118.52
116.00
126.60
141.60
128.00
134.20
117.60
116.32
118.52
118.60
113.92
119.12
118.32
119.20
114.52
107.32
121.92
138.72
118.60
118.00
117.92
118.00
130.60
121.72
118.20
120.80
114.40
117.12
144.92
116.00
135.52
147.40
117.80
131.12
118.72
118.00
116.20
113.40
177.92
120.60
119.40
119.52
139.20
112.52
118.12
119.92
127.32
117.92
112.60
134.32
126.20
120.12
117.72
134.92
112.92
118.40
129.72
120.32
118.32
113.40
115.20
118.20
123.00
134.20
109.72
212.20
209.32
152.00
130.20
148.00
132.32
126.32
132.00
139.60
134.80
129.52
110.60
112.20
128.92
125.80
134.92
149.00
125.32
141.80
134.52
136.92
118.40
129.92
131.72
152.92
126.00
124.92
152.32
126.80
127.72
127.72
123.80
125.00
112.52
138.40
154.32
117.92
118.20
150.80
107.40
122.40
139.20
117.32
116.80
117.52
118.32
122.52
118.20
119.20
141.72
118.72
130.92
140.60
118.40
125.12
130.80
168.92
120.32
121.80
118.72
111.52
108.12
118.80
141.00
117.32
120.00
145.00
115.92
133.92
166.20
119.80
118.12
140.40
117.12
139.20
127.20
123.00
127.92
113.80
118.00
135.92
116.20
117.40
116.40
115.52
117.60
119.00
118.40
152.92
1