Measuring voltage and current with INA219 ...
784.72
784.32
785.40
742.40
785.20
784.92
784.80
786.40
784.92
767.32
715.52
715.40
716.20
714.80
709.60
706.32
685.80
710.92
672.72
775.60
781.00
785.92
785.00
786.32
785.60
755.12
758.80
782.52
768.20
768.20
766.92
728.52
767.60
767.92
767.52
766.32
704.60
696.52
708.80
708.40
705.72
674.52
687.92
708.12
724.80
702.40
766.40
765.72
747.52
766.32
765.40
765.40
766.32
724.32
768.00
767.72
768.12
767.32
764.92
755.72
767.60
784.32
784.80
717.40
682.40
701.80
713.52
683.80
715.40
715.60
676.40
748.60
765.20
785.40
785.72
759.00
764.32
786.32
786.40
786.32
784.72
770.80
786.20
785.00
785.32
785.72
783.92
763.32
784.52
785.60
716.60
712.72
680.92
686.52
698.80
718.00
734.72
701.52
720.72
798.72
801.60
801.40
801.40
784.40
802.72
802.80
803.40
805.12
800.52
799.80
804.60
803.12
803.80
804.20
764.80
777.40
721.00
715.00
713.60
713.12
699.72
699.20
744.60
752.00
754.20
689.20
789.60
802.00
786.72
787.72
785.00
779.00
787.52
785.80
785.60
786.40
785.60
770.52
785.92
786.72
786.80
787.92
741.12
717.80
715.72
715.52
715.80
723.40
690.60
749.72
715.00
719.80
776.72
766.12
781.40
785.92
786.20
786.32
787.60
771.40
787.00
802.00
803.52
805.00
771.72
775.92
805.72
804.72
804.00
782.80
700.20
714.00
713.72
702.40
754.00
747.72
721.92
710.12
694.60
801.60
798.12
801.92
804.32
803.80
803.92
805.32
772.60
779.92
806.00
803.20
804.72
803.32
761.72
803.40
729.92
812.92
703.12
689.12
686.32
699.12
692.80
684.00
669.00
673.72
659.20
700.52
805.52
809.72
811.12
792.00
812.92
816.12
815.92
816.00
790.92
796.60
816.80
817.12
817.40
815.00
802.20
818.12
818.52
704.52
700.40
670.32
681.52
678.00
721.32
726.60
699.92
721.92
799.60
803.40
803.72
803.00
776.00
780.60
804.20
804.32
803.52
805.60
791.20
804.52
805.00
804.20
803.72
802.12
783.20
720.52
716.32
714.80
714.72
656.92
687.32
736.72
752.32
756.60
706.40
774.20
752.40
810.20
811.52
813.00
794.20
803.12
817.12
816.72
816.80
809.32
809.52
819.52
819.20
818.32
818.32
784.40
688.92
703.40
698.92
702.80
747.00
648.00
707.20
676.72
669.92
801.92
789.12
794.80
813.40
814.12
815.92
809.60
796.92
814.60
818.12
815.80
818.60
787.40
771.00
787.80
787.92
787.20
734.72
668.52
717.12
717.32
717.72
722.00
703.32
659.80
713.60
677.80
785.00
785.92
772.80
784.60
786.60
786.92
787.72
775.80
772.60
787.40
786.00
787.20
786.32
756.92
758.32
786.72
804.00
719.72
716.80
681.40
713.32
710.40
699.20
677.20
703.20
662.60
716.52
802.12
803.92
796.60
790.60
803.92
804.52
805.40
805.72
804.20
776.12
721.60
716.12
713.72
714.60
632.12
744.80
706.92
722.40
746.60
693.92
781.80
803.52
804.12
803.32
805.12
772.92
790.32
805.80
805.52
805.40
803.40
753.12
805.52
805.52
803.92
805.92
775.32
696.40
716.40
714.60
714.60
744.60
737.72
747.60
710.40
723.92
789.40
801.32
782.20
804.12
803.80
805.20
799.80
757.60
804.52
805.72
801.80
804.92
805.12
774.72
805.20
803.80
804.20
778.32
703.40
716.00
714.60
704.52
754.32
741.20
727.52
711.40
688.32
800.92
803.72
770.72
775.20
804.72
805.72
805.60
803.00
774.32
805.72
805.52
805.72
804.92
788.40
786.72
804.20
805.92
719.80
712.32
703.80
714.60
755.72
710.20
724.72
720.60
663.92
712.72
803.52
803.40
804.12
761.32
804.32
804.80
804.52
804.92
787.52
771.80
804.92
805.20
805.12
806.12
788.00
801.60
804.52
718.32
716.20
715.12
666.32
629.12
695.20
669.72
676.20
669.00
774.80
809.12
811.52
814.52
815.00
792.52
817.12
817.40
816.92
819.12
809.32
800.20
819.52
819.52
819.40
814.92
815.72
714.12
706.12
704.20
699.12
670.32
648.32
677.72
689.72
723.20
683.72
765.40
809.12
807.12
803.52
804.92
788.72
788.92
804.52
806.32
804.92
805.40
772.72
792.60
805.00
805.32
803.72
804.72
702.20
716.92
714.32
715.40
713.92
670.00
692.92
711.32
753.40
779.60
801.72
782.80
803.20
804.60
804.52
806.92
775.60
781.12
799.80
818.00
818.12
815.52
790.12
817.32
820.12
820.12
796.00
682.40
683.92
697.40
700.52
731.92
740.12
705.52
693.12
685.72
806.80
809.72
809.32
790.72
813.72
814.72
817.80
818.72
787.00
792.00
819.92
818.60
819.32
818.60
793.20
820.00
795.72
691.72
688.72
661.60
679.52
678.52
699.32
688.72
684.52
653.60
679.12
783.20
782.92
787.32
754.52
772.20
791.32
792.12
793.20
791.72
744.00
793.00
792.80
793.52
792.80
774.12
779.12
795.40
686.92
685.20
686.20
669.12
693.60
680.32
686.12
668.92
672.52
758.32
785.40
785.72
785.60
787.32
743.40
756.52
787.40
787.12
788.40
788.52
771.20
787.72
787.32
786.80
787.80
775.00
728.40
716.92
717.20
716.60
709.52
697.72
681.92
671.80
749.32
693.80
753.40
754.12
788.00
804.00
804.40
805.52
761.80
804.92
806.12
804.52
805.60
789.92
789.32
806.20
805.12
804.92
801.72
716.72
702.60
715.32
714.92
713.20
690.40
696.72
712.12
750.32
777.60
804.00
756.00
803.40
804.32
805.20
806.72
802.60
789.00
806.20
804.52
786.32
788.12
759.40
777.92
787.72
788.80
788.12
716.20
680.00
718.12
717.32
707.92
737.20
721.72
690.40
745.32
784.52
786.40
785.12
766.00
789.12
786.52
787.32
787.32
784.72
764.00
787.20
786.80
788.00
783.72
762.00
789.00
802.20
720.32
716.12
713.92
689.40
694.32
731.52
750.60
753.12
725.12
708.72
804.72
804.00
803.80
797.12
796.52
805.00
805.00
805.80
806.40
771.40
782.20
805.60
805.00
805.40
806.60
782.72
807.40
718.32
716.60
716.32
697.92
731.20
696.00
693.72
664.32
663.92
794.60
810.32
811.80
815.32
816.12
815.72
797.60
818.52
818.52
819.12
821.12
771.32
820.60
821.00
820.52
820.32
797.80
796.92
707.52
705.20
704.40
703.00
693.40
688.40
668.20
695.12
671.72
808.72
789.60
814.00
814.72
816.00
819.00
788.80
772.32
805.00
806.52
807.40
718.52
682.12
716.12
696.60
709.52
745.12
747.60
737.52
715.72
801.12
804.12
801.92
804.00
805.52
805.12
805.72
805.92
772.00
777.32
806.00
804.80
804.52
805.40
765.12
805.92
819.12
706.00
706.00
686.40
685.80
743.80
724.72
710.32
710.60
652.12
683.00
809.12
812.92
814.80
816.60
792.52
818.80
819.00
819.20
820.92
801.20
797.20
821.92
822.72
822.52
822.12
788.12
821.72
706.60
707.92
705.40
681.52
714.40
693.60
667.72
650.80
656.72
723.80
785.40
787.40
789.40
791.32
773.52
770.52
794.00
793.80
794.40
795.20
774.72
795.60
797.80
795.80
797.80
791.52
701.32
686.60
685.72
682.00
679.12
654.80
639.52
655.52
680.40
669.12
777.80
754.12
788.40
788.00
790.40
788.12
759.12
776.12
788.32
788.32
788.20
787.00
774.52
787.20
787.40
786.60
788.00
696.00
698.20
716.92
716.32
712.20
699.12
688.80
717.60
759.52
771.32
786.80
774.72
774.80
787.40
788.60
787.72
787.32
777.80
788.32
788.40
806.52
805.92
806.40
784.12
805.72
805.32
805.72
718.20
681.40
691.80
716.00
705.72
740.00
749.32
678.00
748.12
800.32
803.12
806.20
798.40
803.80
805.32
805.60
806.00
804.40
805.00
806.72
806.12
805.60
805.12
786.00
779.32
788.92
722.52
718.52
717.80
684.40
704.00
738.52
754.52
750.20
727.80
707.20
786.92
786.72
786.60
785.40
786.32
778.32
787.92
788.72
788.20
787.92
767.40
786.92
787.40
787.52
790.00
752.32
788.32
718.52
716.72
716.52
718.32
710.00
715.00
698.12
671.92
671.40
781.20
799.52
804.52
805.52
804.60
804.52
787.60
806.52
805.60
805.52
806.00
790.32
783.20
805.52
807.12
807.60
805.60
707.40
718.60
717.12
714.92
714.72
710.32
675.52
672.92
713.20
682.60
800.92
793.72
804.92
817.00
816.92
816.72
819.00
789.32
820.20
820.72
819.52
822.40
792.92
821.32
822.72
821.60
822.60
725.40
702.52
708.20
703.60
695.80
674.72
646.20
689.60
680.00
710.12
810.52
813.20
787.20
816.40
817.40
820.92
820.72
805.60
804.52
821.00
823.32
822.40
819.72
805.12
822.60
821.72
822.40
705.40
702.52
685.32
702.20
674.00
695.40
670.80
647.32
700.72
809.32
811.92
814.32
816.40
786.40
817.80
819.72
820.12
821.60
816.00
820.92
822.72
822.32
823.20
821.92
802.72
824.32
823.20
705.40
702.80
677.20
654.52
707.00
726.72
732.60
742.20
660.80
810.12
812.72
814.80
816.00
809.32
808.80
821.52
820.40
821.32
818.12
821.12
824.32
822.32
822.60
823.52
800.52
801.52
708.40
703.12
705.20
699.92
709.20
691.92
700.00
671.00
667.00
796.20
802.40
815.00
816.40
817.32
820.00
804.60
816.40
821.80
822.32
822.40
822.20
802.12
822.32
822.72
823.52
823.32
805.20
685.52
703.12
700.00
700.00
711.40
667.52
672.00
694.60
670.60
811.40
801.00
799.52
799.00
794.80
795.00
793.80
791.60
798.12
796.60
798.20
795.12
777.20
768.32
797.60
797.12
796.80
699.72
656.72
686.52
682.72
682.12
666.12
667.40
669.60
704.40
715.80
783.60
785.20
766.80
778.20
791.12
793.12
795.60
794.80
770.72
796.32
795.92
786.32
788.20
746.72
772.52
788.12
787.92
719.80
715.20
700.72
717.52
695.12
725.72
734.40
689.12
743.20
785.60
787.52
786.72
788.00
749.80
788.40
788.40
787.00
787.52
773.20
765.72
718.80
717.12
716.52
717.72
703.80
701.40
722.00
669.20
668.72
796.60
784.52
804.60
804.80
805.20
804.32
783.00
781.40
806.12
805.72
806.52
804.60
771.20
806.00
804.80
805.92
807.20
719.40
718.52
716.20
715.40
712.92
711.80
687.12
673.80
759.32
684.20
804.40
780.00
780.72
804.52
787.32
789.00
787.40
751.60
788.20
790.00
787.92
788.92
774.20
778.20
788.60
787.40
789.20
717.72
711.12
714.72
717.40
716.00
678.00
673.20
699.32
697.80
728.00
785.72
786.72
747.52
787.32
787.40
789.40
789.00
788.12
752.40
787.60
803.00
805.80
805.32
796.92
805.12
806.80
805.12
719.32
714.72
710.00
715.20
678.52
714.12
681.60
671.12
691.32
801.72
805.12
806.80
805.52
778.80
807.00
805.52
806.40
806.40
797.00
792.60
805.92
807.20
807.80
805.92
804.40
805.72
699.72
703.52
700.40
704.52
659.72
705.80
724.80
730.60
744.20
655.00
811.60
815.20
816.32
817.60
815.52
800.52
822.00
822.12
821.40
822.80
806.20
816.32
824.00
824.32
823.92
824.00
800.60
712.20
707.32
700.12
703.52
722.92
665.92
738.12
714.80
725.52
793.12
776.32
804.72
804.52
804.92
806.80
804.20
789.20
807.00
804.72
807.20
803.40
781.20
806.52
806.40
806.40
8