Measuring voltage and current with INA219 ...
791.60
809.60
809.20
733.60
726.12
675.72
704.12
708.00
693.32
674.20
674.00
702.12
701.20
805.00
806.92
807.52
776.40
798.92
808.12
808.20
809.12
807.60
783.00
809.00
808.40
809.12
808.52
780.72
768.00
791.40
724.20
724.40
719.60
705.60
718.92
669.20
683.52
720.92
717.20
728.32
788.40
789.60
790.92
786.12
764.00
762.72
791.20
789.92
789.72
789.00
767.72
791.12
791.40
790.20
790.80
765.12
790.92
722.32
720.52
720.80
717.12
666.32
720.20
704.32
706.80
753.40
768.80
784.32
810.00
808.20
807.40
810.32
765.92
809.80
810.52
807.00
809.80
791.52
796.72
809.52
810.40
809.92
804.60
717.92
722.92
723.80
722.00
710.12
758.00
754.20
764.00
748.72
719.12
807.80
711.32
830.92
829.32
832.60
831.12
830.72
804.72
832.52
830.80
830.80
830.52
812.60
827.12
831.80
831.52
831.72
718.72
709.12
715.20
712.60
763.12
701.92
716.72
679.80
712.32
813.72
827.20
828.52
789.12
830.12
828.40
829.00
829.52
801.00
789.80
810.40
807.92
807.72
802.00
799.80
807.60
805.72
769.40
721.52
720.52
683.40
719.72
765.00
750.52
726.52
677.12
678.20
810.00
811.92
812.72
800.72
800.72
817.40
819.40
818.52
820.80
787.40
802.12
820.40
820.72
820.60
820.00
786.72
840.72
771.32
720.80
718.00
697.12
686.80
744.00
722.60
721.80
673.80
695.40
825.20
825.72
827.80
828.52
828.20
808.52
829.12
830.32
828.92
828.92
780.40
829.12
829.32
829.12
829.52
803.72
791.80
716.12
710.60
710.80
710.92
731.52
690.00
679.60
656.32
662.92
800.72
781.20
807.92
810.00
812.60
813.92
784.52
787.00
820.12
821.92
821.40
823.60
810.32
824.12
824.40
825.32
825.52
810.52
697.12
709.12
706.20
702.52
698.52
678.32
666.20
695.20
676.40
807.52
775.52
779.20
810.32
810.40
811.20
813.12
766.72
811.92
813.00
814.72
815.32
797.12
800.12
816.40
815.60
816.32
717.20
680.72
692.32
697.00
691.32
666.00
660.12
677.52
677.00
701.92
802.72
805.12
781.12
781.40
812.80
813.52
815.12
817.60
801.52
816.80
708.32
705.20
704.20
685.52
690.00
680.60
695.00
714.12
698.92
669.20
811.32
812.92
815.12
817.32
789.00
793.00
818.12
819.52
818.92
819.52
786.72
817.92
816.40
816.00
815.92
809.20
794.80
700.40
700.20
696.12
692.92
687.40
664.92
670.40
660.72
672.72
762.92
745.00
766.40
766.20
767.72
767.20
731.52
766.60
767.20
767.40
766.92
763.80
754.72
768.12
767.40
768.92
769.00
680.32
693.92
711.80
710.20
702.92
684.92
622.12
667.20
732.60
696.52
770.80
772.92
776.12
792.40
795.00
792.72
785.72
780.40
789.60
789.80
788.72
790.92
789.00
769.52
788.12
789.20
789.72
717.20
670.72
717.32
717.00
716.32
700.40
722.72
695.80
759.80
774.20
785.80
786.20
776.60
787.32
788.32
787.52
788.40
786.52
767.32
765.92
767.52
767.40
767.72
736.60
741.80
769.00
769.72
710.32
709.20
666.32
708.32
708.52
731.80
747.52
694.40
719.92
768.32
770.92
769.52
763.52
769.20
769.12
770.72
770.00
768.52
768.40
741.92
768.20
767.00
767.92
767.60
735.80
786.52
719.32
715.52
717.80
714.92
689.12
739.72
759.12
755.20
744.00
688.72
778.60
786.12
787.12
787.60
786.20
770.72
788.60
787.92
787.92
789.52
767.60
766.80
790.92
792.72
789.40
789.00
770.12
720.92
718.20
722.00
719.60
738.92
694.52
708.60
678.80
672.00
802.80
785.32
811.40
810.92
810.20
811.72
811.12
793.60
811.12
810.00
810.72
809.40
791.92
809.60
808.52
809.00
808.80
730.00
700.80
721.60
718.12
717.72
721.40
667.12
646.80
715.92
681.92
805.80
804.92
760.20
788.72
787.32
788.32
790.00
775.12
771.52
789.40
789.52
789.60
781.32
780.32
791.52
789.40
790.52
720.60
718.32
695.12
718.40
716.60
681.40
667.92
667.52
692.52
723.92
788.72
788.12
763.80
772.32
789.40
790.00
788.32
788.92
774.00
805.12
807.32
808.00
809.12
807.72
784.92
809.32
806.40
723.20
721.72
691.60
688.92
681.52
716.92
679.32
693.52
689.72
804.20
808.60
809.72
810.92
799.80
790.00
811.40
811.40
812.72
801.80
799.92
810.80
810.32
811.20
812.52
778.20
807.32
720.60
713.92
713.60
712.32
646.20
707.32
731.32
751.20
761.92
692.12
812.72
829.40
830.32
830.40
831.00
797.72
814.12
832.20
830.52
830.12
828.92
811.32
829.80
830.20
830.60
830.60
786.52
698.92
713.32
712.32
711.00
725.12
695.32
766.60
719.00
743.72
797.20
774.92
800.20
809.00
809.52
811.20
808.92
759.72
810.60
810.60
811.80
811.12
784.20
790.20
810.40
809.52
811.40
811.40
714.00
720.60
719.12
721.20
698.72
731.80
718.60
711.92
766.52
805.60
804.60
790.60
797.20
829.80
829.40
829.80
828.92
802.20
830.40
830.72
830.72
831.00
817.20
830.52
829.92
831.00
795.60
712.72
708.52
711.20
696.80
753.52
742.40
696.32
684.80
709.32
824.72
828.20
830.20
782.60
830.20
831.20
830.52
833.52
816.92
817.32
819.72
817.20
817.72
812.52
810.60
809.00
816.40
705.20
702.92
699.52
679.52
742.72
688.52
700.92
675.12
622.40
797.92
804.00
807.12
809.52
811.52
790.32
812.12
813.60
814.40
814.32
799.20
808.12
815.40
813.80
818.12
811.80
798.12
790.32
719.40
717.40
717.72
690.92
700.00
703.92
681.00
716.72
674.12
766.20
788.20
788.12
788.32
789.00
779.00
768.60
789.12
789.60
789.32
771.60
705.20
717.60
717.32
747.72
667.72
759.12
720.92
721.92
696.20
786.72
787.92
759.20
809.12
809.60
808.12
810.00
798.32
796.52
809.00
809.72
808.52
809.12
776.72
789.40
811.00
809.32
722.32
718.72
701.72
717.92
713.32
764.20
715.00
712.80
687.92
717.52
808.40
808.80
804.00
796.00
809.00
811.12
808.80
809.60
798.60
764.92
790.60
788.32
790.40
790.00
741.80
789.20
789.32
717.12
718.20
693.32
690.00
691.92
714.52
669.00
683.00
696.72
784.52
787.12
789.32
788.72
788.72
764.12
788.60
788.92
789.12
787.40
756.80
758.12
787.32
790.32
790.12
788.72
779.12
728.92
719.80
718.60
720.00
674.00
662.32
673.92
689.12
724.00
704.00
807.12
809.72
807.12
807.80
808.60
774.12
790.20
809.80
809.32
810.32
810.32
761.52
808.92
809.20
809.00
810.40
793.52
708.12
721.20
719.72
718.60
718.92
651.72
678.72
711.92
725.92
765.80
824.72
799.32
830.20
831.52
831.92
829.72
805.40
805.92
831.12
830.32
830.20
830.00
800.32
831.32
830.20
832.00
827.40
694.12
705.52
712.40
708.92
733.40
760.60
722.40
703.72
721.92
825.00
825.80
801.92
780.72
809.52
809.00
807.72
809.32
781.92
807.52
808.52
809.40
810.32
806.40
791.12
810.52
810.40
725.32
718.12
689.20
691.92
710.52
769.40
761.20
741.20
700.52
717.20
807.72
808.52
809.12
778.92
807.00
810.72
810.72
809.72
804.52
821.40
830.32
830.20
830.20
832.12
805.52
810.12
831.52
716.72
713.72
713.00
674.72
765.80
704.12
728.00
693.80
674.72
804.20
826.12
828.40
829.80
829.52
823.60
826.92
830.92
831.72
833.72
831.60
811.92
830.52
831.40
832.40
831.12
789.80
760.92
715.60
714.20
712.32
710.12
709.12
727.52
697.12
760.00
667.52
817.52
826.00
829.32
829.32
830.00
827.80
827.80
830.52
831.72
832.20
829.60
810.60
807.12
831.52
831.52
830.40
831.32
690.32
715.52
712.20
709.40
709.32
663.52
663.80
712.20
710.72
749.32
821.32
825.72
829.60
830.72
830.00
830.72
830.40
811.80
831.60
831.12
832.12
833.32
788.92
830.32
830.92
829.52
831.52
714.00
699.52
712.12
710.20
672.20
707.60
678.40
682.20
743.80
822.12
825.00
827.72
787.52
813.92
815.40
814.12
814.00
801.12
793.20
816.00
816.12
815.52
815.52
791.52
815.80
815.72
808.60
703.12
699.00
680.00
683.40
726.32
728.60
720.20
695.40
687.60
802.40
805.52
808.20
810.60
777.20
812.72
812.60
814.80
814.72
801.92
815.52
811.52
810.20
809.60
805.72
791.12
809.32
724.52
720.80
720.52
700.20
750.32
714.40
720.40
712.32
703.40
770.40
808.52
809.12
808.00
809.60
799.52
798.72
810.20
808.92
809.40
804.72
802.12
808.12
808.80
807.80
808.12
808.20
810.52
714.80
711.12
708.72
709.92
712.52
743.40
715.32
706.40
672.00
815.00
817.60
828.12
829.80
829.20
830.92
821.72
831.60
832.20
831.92
832.00
830.20
814.12
831.92
831.00
830.52
831.00
741.00
689.80
712.40
712.12
704.32
730.20
672.40
721.72
670.00
715.20
809.20
804.00
794.00
806.92
809.40
810.52
806.80
804.20
809.12
808.52
808.92
809.60
788.80
787.20
811.20
808.00
810.72
723.32
695.32
719.80
718.80
672.20
716.40
688.80
692.12
745.32
804.20
806.80
809.40
786.92
792.92
810.00
808.00
823.32
829.32
804.92
831.92
713.92
713.00
712.32
680.52
675.60
701.92
716.92
710.32
707.00
790.80
825.60
827.92
828.52
830.32
811.52
816.92
830.52
831.52
830.80
831.60
791.32
831.32
831.20
831.00
830.72
808.52
798.72
704.00
703.20
699.72
697.52
708.12
741.00
728.12
686.72
707.40
801.60
787.40
807.32
811.32
811.92
811.80
782.60
784.32
814.32
815.12
815.40
816.72
782.40
816.60
817.20
817.40
817.20
703.60
702.60
697.80
698.92
685.60
730.20
727.20
726.52
712.00
715.72
789.00
764.80
765.20
787.72
789.60
789.00
788.92
745.60
788.32
788.92
789.92
789.40
783.12
784.52
788.20
790.72
789.40
713.72
715.00
710.32
716.32
711.00
714.52
665.80
651.00
687.60
786.32
786.00
787.92
768.80
808.52
809.52
808.52
808.52
809.60
784.32
810.40
808.92
810.72
810.00
797.80
802.52
808.72
731.40
722.60
720.52
698.80
704.80
684.00
6