Measuring voltage and current with INA219 ...
763.80
719.72
715.72
715.32
715.60
677.00
741.12
713.80
717.00
705.32
703.72
781.52
784.32
785.52
784.92
785.52
768.60
780.52
784.60
784.72
784.80
784.72
768.12
785.92
784.32
785.92
786.72
745.92
716.72
715.40
717.12
715.32
752.12
682.52
702.80
675.00
668.52
798.72
792.72
803.72
804.32
804.00
805.32
802.32
792.52
803.20
804.92
804.00
804.12
785.60
783.80
803.92
803.12
804.32
734.52
688.80
715.92
714.00
715.32
723.00
696.60
663.40
710.72
676.60
784.92
782.00
776.80
785.12
785.40
784.40
784.80
785.80
770.52
787.12
785.20
786.92
784.72
753.52
785.60
786.12
786.72
724.40
715.32
704.40
714.32
712.12
687.32
668.20
694.92
669.52
715.52
783.40
784.40
783.72
750.92
785.80
802.52
804.80
805.60
792.72
788.72
806.00
805.72
804.60
805.92
788.12
804.12
805.80
719.32
718.00
714.92
696.92
680.92
716.80
721.12
702.52
725.20
800.92
805.12
806.20
804.92
804.20
774.40
806.20
805.52
806.60
808.00
798.40
806.20
822.80
826.60
828.60
829.80
810.40
831.92
712.00
711.92
708.92
658.60
671.00
717.20
742.00
764.92
701.12
790.40
825.60
828.00
827.72
829.80
821.80
821.20
831.00
832.32
831.32
830.12
827.92
830.92
829.40
830.12
831.12
829.20
697.60
720.20
717.12
717.12
728.00
663.52
761.40
713.20
756.80
792.32
793.80
803.52
806.12
806.32
806.32
809.60
794.00
806.72
807.80
807.12
809.00
808.20
793.80
809.20
811.12
811.00
811.00
706.00
697.92
719.80
719.32
746.32
771.40
746.92
713.80
727.20
821.72
824.52
813.32
812.20
830.72
831.32
829.52
828.80
821.40
830.60
830.32
830.12
829.00
808.32
802.72
830.72
827.72
755.12
711.32
675.92
707.80
700.72
726.00
705.52
708.60
656.80
704.20
820.32
824.72
823.80
805.20
812.40
809.20
809.40
810.52
811.20
788.80
811.12
811.80
811.32
812.60
778.20
797.40
813.40
703.00
701.40
696.60
690.40
714.80
688.40
668.72
659.20
645.20
784.40
803.12
804.12
805.40
806.12
767.60
807.80
809.20
810.52
810.20
795.20
795.80
810.00
786.72
788.00
784.92
782.20
789.12
717.00
717.12
716.40
704.20
670.12
667.80
669.92
712.60
697.92
757.52
787.32
786.80
789.00
788.60
787.40
752.92
790.12
788.00
789.80
789.40
709.00
717.20
718.20
719.32
695.40
760.92
756.92
713.52
716.92
805.32
808.80
786.72
781.20
811.00
808.00
808.60
808.80
766.80
807.00
807.00
807.32
808.92
797.40
799.12
808.32
807.80
722.60
717.20
713.00
716.52
713.32
735.32
733.12
716.20
691.20
714.72
807.40
806.40
808.20
769.12
808.40
788.00
788.20
789.32
789.32
769.12
788.52
789.72
788.32
790.72
779.00
788.20
789.00
715.20
718.40
717.60
709.40
720.00
715.20
676.72
667.40
660.72
757.00
786.40
789.92
787.80
788.40
759.80
787.12
788.72
787.72
787.60
781.20
772.52
807.72
807.52
808.92
805.32
804.52
730.72
720.12
717.00
716.52
711.20
672.32
675.40
668.72
714.52
694.00
771.80
807.12
806.92
806.80
808.52
801.92
798.40
809.40
808.20
809.12
808.40
789.00
798.60
810.12
809.72
809.40
809.32
700.60
721.52
708.52
707.72
708.52
659.52
656.52
711.20
689.32
724.20
819.40
813.80
827.20
827.00
828.52
828.00
828.72
818.12
827.60
829.80
829.20
829.52
798.32
828.60
828.32
827.92
829.60
701.80
692.20
710.12
706.52
671.12
707.32
668.20
686.52
712.20
800.80
808.60
807.32
795.52
806.72
808.20
810.20
807.92
787.52
786.52
809.12
807.60
809.12
808.40
790.00
811.32
808.60
722.20
721.00
701.60
709.20
701.12
732.92
760.60
761.72
755.92
714.00
804.52
806.32
807.00
783.80
785.32
763.00
828.32
827.92
829.40
789.92
829.80
830.20
829.52
829.00
822.80
820.80
829.80
715.52
712.92
709.80
694.20
735.52
696.60
749.00
703.40
726.32
786.92
822.20
825.92
827.80
829.92
788.00
799.80
829.40
830.60
829.32
830.00
798.80
815.72
812.32
813.52
813.40
807.00
793.20
701.32
698.72
696.60
694.00
724.00
736.92
716.40
684.40
686.40
783.00
777.40
804.80
806.40
806.52
808.00
773.52
810.60
810.92
811.52
810.60
805.40
800.40
812.12
811.20
809.60
808.20
697.00
698.72
697.00
715.12
715.12
694.12
648.00
717.32
681.40
715.52
786.00
750.72
785.92
787.52
787.60
788.40
787.92
766.92
788.00
789.20
788.60
787.52
770.92
780.80
788.20
788.40
788.32
716.52
688.52
717.20
715.00
687.72
714.60
660.20
667.32
703.52
800.52
807.72
807.00
786.20
808.52
807.92
808.72
809.00
808.52
793.12
808.80
808.60
808.52
807.72
779.92
807.32
807.32
727.80
720.52
720.20
699.80
684.20
670.80
672.32
686.92
702.52
703.80
806.72
807.52
808.20
806.00
790.32
809.12
788.00
788.12
788.40
768.12
766.20
789.40
788.12
790.40
789.20
767.92
787.92
716.32
716.92
717.32
709.60
717.00
706.12
754.92
715.72
741.32
770.40
786.60
786.52
787.60
788.12
788.00
766.00
788.40
789.32
788.12
786.40
748.32
789.32
806.52
807.60
808.80
798.52
793.60
719.60
720.60
719.00
717.72
736.20
768.60
768.32
712.12
733.12
804.12
787.92
809.60
807.60
807.12
808.20
789.40
784.52
808.60
807.60
809.20
808.80
782.72
808.60
808.32
807.60
809.12
789.80
708.80
720.40
707.52
693.00
745.00
743.00
738.80
727.32
705.32
822.32
798.12
797.52
828.60
829.12
828.80
828.80
790.00
829.20
830.40
829.72
829.80
824.92
818.12
830.00
828.92
829.52
717.32
688.80
698.20
707.60
762.92
700.52
735.60
677.32
695.72
810.20
807.52
809.32
766.92
786.20
809.00
808.20
809.00
807.80
780.12
807.72
721.52
720.32
718.72
698.80
714.72
746.32
717.72
715.32
715.72
764.72
807.20
807.72
807.60
807.52
790.92
786.40
807.92
808.92
808.00
808.80
793.40
808.72
812.40
827.52
828.80
829.20
812.32
712.40
710.92
708.60
689.00
709.00
734.92
747.40
700.40
732.52
821.80
792.72
826.20
827.32
829.40
830.20
806.72
828.12
828.60
828.80
830.60
829.40
825.20
829.92
828.80
830.60
828.20
696.60
691.72
699.92
697.60
730.32
685.52
686.72
719.00
715.72
686.12
799.92
795.72
792.80
808.52
807.92
809.32
809.00
805.80
811.92
812.80
810.92
812.80
810.12
792.52
811.32
811.32
812.12
701.32
662.92
697.20
694.60
702.40
687.32
670.00
622.80
661.20
798.12
800.92
787.60
777.92
786.52
787.52
787.00
789.12
787.40
785.32
788.20
787.72
788.20
789.60
768.80
766.32
789.40
724.80
718.40
717.32
690.72
713.32
691.52
669.60
667.92
737.12
685.32
787.80
786.72
788.92
786.52
788.80
791.32
807.00
805.92
809.40
805.80
786.32
806.32
808.52
809.80
809.32
763.52
807.20
723.12
719.60
719.20
710.80
703.32
671.80
670.40
717.40
704.60
722.00
797.80
807.12
807.12
807.80
808.20
787.20
806.80
808.52
808.00
808.20
794.80
785.60
807.00
788.32
789.32
789.20
766.80
718.60
715.52
714.92
669.92
665.40
695.92
693.20
701.72
734.80
784.00
768.52
786.32
786.72
786.52
788.92
771.80
765.32
788.40
788.60
788.32
788.92
768.52
788.20
789.12
787.52
787.92
717.72
702.40
718.00
716.72
699.32
741.20
740.80
742.12
755.40
714.32
807.52
807.32
787.00
807.00
807.72
808.80
809.00
798.52
797.80
807.52
808.40
809.32
805.20
798.00
806.32
807.72
807.60
722.92
697.12
698.52
717.40
757.60
710.72
761.12
679.20
724.12
799.20
806.80
808.72
798.72
796.20
808.52
808.52
808.72
808.52
799.32
807.00
809.12
808.60
808.92
808.60
788.20
808.20
780.72
721.12
720.32
681.40
689.72
767.32
759.92
737.12
728.12
656.40
805.92
806.92
808.72
807.92
800.12
808.72
807.60
807.72
808.00
805.72
808.20
808.72
808.80
807.12
809.20
786.72
779.00
721.12
721.20
719.12
717.92
678.32
691.52
668.92
719.12
686.20
714.92
797.52
807.32
807.52
808.40
805.80
807.60
798.00
808.20
808.72
809.60
807.52
784.60
807.72
828.52
829.92
830.40
792.20
712.60
711.20
709.32
708.20
686.92
683.60
669.20
676.92
696.80
819.12
805.32
820.40
828.40
829.40
829.20
828.40
806.32
830.72
830.32
829.52
831.52
815.12
808.60
828.80
830.52
830.00
725.60
689.80
711.80
698.60
661.80
663.52
664.52
659.92
702.20
682.52
798.60
801.20
788.60
807.80
806.72
809.00
809.32
810.00
773.20
810.20
811.20
812.40
813.40
785.52
812.60
812.12
812.92
700.40
693.52
691.60
695.40
707.00
683.72
727.52
673.40
695.72
776.00
801.52
788.00
786.12
756.60
788.80
788.00
787.32
788.92
779.20
775.60
788.20
788.60
790.80
786.92
779.32
788.80
780.60
717.72
716.92
714.80
697.60
751.52
762.00
746.12
713.20
673.72
785.92
786.00
786.40
788.92
776.12
754.32
789.80
805.80
807.72
807.92
800.12
808.12
808.80
807.32
807.72
807.72
787.32
723.40
720.12
718.52
717.12
691.52
736.52
758.00
740.32
714.40
715.60
774.72
807.72
807.72
807.20
808.00
799.60
799.52
808.32
809.00
810.12
720.32
718.80
719.60
717.00
699.00
703.52
695.12
691.72
719.80
682.92
785.80
786.60
749.92
786.60
789.12
787.80
788.72
780.40
779.60
788.20
788.40
786.72
788.20
768.32
780.52
787.52
789.72
719.20
716.52
693.92
716.52
727.52
754.80
758.32
703.80
719.72
778.60
806.20
806.80
805.92
783.12
808.12
807.92
808.00
808.72
793.20
801.12
809.12
807.60
810.00
806.12
785.40
809.60
747.80
718.80
718.20
703.00
690.32
740.72
722.32
699.00
715.52
649.60
804.80
807.52
808.40
808.60
805.52
790.92
809.52
827.40
829.80
827.52
815.12
807.12
830.72
830.60
829.80
830.20
794.72
715.32
710.80
711.60
708.80
708.32
707.80
684.72
714.20
6