Measuring voltage and current with INA219 ...
827.52
828.52
827.40
827.80
828.32
806.20
828.92
828.92
713.52
709.72
691.60
701.40
710.40
703.60
678.72
683.12
646.72
794.52
799.40
801.92
804.92
776.52
780.32
808.12
810.12
810.20
810.32
791.40
808.80
809.92
809.32
812.12
802.80
786.72
729.60
697.12
694.00
689.32
675.92
691.72
671.40
694.12
662.20
653.00
765.72
799.52
787.12
787.32
789.32
749.80
787.12
787.12
787.72
787.40
776.20
774.72
788.20
788.40
786.32
787.92
753.60
701.40
719.40
717.92
717.32
677.40
699.20
714.12
707.52
757.20
772.60
762.92
767.92
788.92
789.20
789.80
785.72
773.40
802.60
807.60
807.92
808.72
774.92
795.60
807.52
806.40
806.12
808.00
678.00
718.52
718.12
679.60
696.60
692.60
722.52
769.20
764.60
803.20
804.60
795.80
804.60
805.52
806.52
806.20
807.00
781.12
805.92
743.20
720.00
716.60
688.40
686.32
696.52
720.92
708.80
762.60
719.00
786.40
786.52
787.72
788.00
776.80
772.32
787.00
787.72
788.32
783.00
785.40
788.40
789.32
788.12
791.00
759.12
758.60
722.40
718.80
720.52
720.40
678.32
677.80
742.92
719.00
742.72
745.12
776.32
812.52
812.40
812.72
812.72
788.40
806.72
812.12
811.20
810.60
811.32
789.12
809.40
808.00
808.00
808.72
758.32
699.92
720.00
718.80
720.20
679.20
695.00
713.80
705.72
761.52
803.92
783.80
800.72
805.92
807.60
809.00
804.72
783.20
808.72
829.92
831.00
830.52
804.52
802.12
834.32
833.20
832.60
834.00
691.52
712.52
713.20
673.20
689.80
702.60
718.52
763.52
701.80
826.72
828.00
811.32
803.00
833.32
832.12
831.80
831.60
797.52
831.20
830.52
829.80
830.32
798.12
828.40
810.52
808.92
725.72
719.80
707.60
719.80
723.32
705.20
752.32
691.60
744.80
794.12
807.60
808.40
806.72
764.12
808.00
810.52
810.52
810.80
789.80
792.80
811.12
810.80
811.32
808.60
799.12
812.40
812.52
723.40
722.60
720.40
700.20
731.40
758.00
750.00
699.92
680.72
824.72
825.12
829.20
829.60
831.20
811.40
829.92
829.92
829.80
830.80
819.00
828.52
828.80
829.32
828.72
830.20
826.12
817.92
714.72
711.60
710.32
662.92
718.32
749.60
736.80
726.60
705.52
803.52
813.92
807.80
807.52
809.40
795.32
795.60
814.72
812.92
814.12
811.20
813.12
814.60
814.92
815.20
815.52
813.80
688.92
701.20
696.40
697.32
713.72
644.20
665.80
657.32
663.92
796.32
786.20
789.20
804.40
805.92
806.12
808.80
784.52
798.00
812.52
810.12
789.92
788.20
768.80
788.12
788.32
788.00
789.12
696.80
698.80
718.00
706.60
687.40
668.12
658.52
743.20
702.20
788.32
789.12
785.52
767.72
791.40
790.80
792.12
788.72
764.32
789.72
789.72
789.00
790.92
761.72
764.40
791.20
809.00
728.60
722.32
700.52
718.40
716.92
672.60
676.72
714.92
691.00
747.40
804.72
805.92
808.20
772.92
782.92
810.20
809.72
809.12
807.32
778.40
808.80
809.32
807.72
810.72
787.92
796.80
807.80
725.12
722.92
715.80
710.40
674.40
716.80
701.12
707.52
709.80
743.72
787.80
788.72
789.52
790.60
742.52
789.92
789.00
789.52
790.20
769.60
775.60
790.20
789.60
788.60
789.12
772.12
787.52
718.72
716.60
717.32
671.72
665.60
708.20
728.20
756.52
760.00
757.72
757.12
807.32
807.92
808.00
809.00
784.12
810.72
809.60
808.60
809.60
799.12
792.00
808.60
808.12
809.00
806.20
723.60
721.00
721.92
719.00
719.12
675.72
704.52
719.80
771.00
712.32
807.60
764.72
808.00
807.52
809.60
808.92
797.40
792.60
806.12
828.32
830.32
826.00
798.60
813.52
829.12
829.92
831.20
713.92
679.92
710.52
707.52
702.92
743.60
702.52
698.00
741.00
794.00
824.80
824.32
813.40
832.12
830.72
830.20
830.52
800.80
818.72
831.00
831.00
830.60
831.00
794.80
831.20
810.52
805.52
724.00
699.80
697.52
708.52
759.12
766.80
756.00
704.20
727.00
805.92
806.12
808.12
806.52
787.40
808.40
808.40
809.12
807.40
776.40
808.52
809.00
808.92
808.32
808.72
780.12
810.12
722.40
722.20
719.72
700.52
771.20
696.92
740.52
734.20
717.60
701.80
824.60
827.00
828.40
829.12
798.32
801.32
831.52
832.32
829.92
831.72
685.20
712.00
710.72
709.20
673.60
732.52
736.52
709.80
706.32
743.72
818.00
819.72
829.32
828.40
830.92
829.60
829.72
803.20
816.32
814.12
814.00
814.52
771.32
813.92
813.32
813.60
813.00
701.20
683.32
696.60
694.00
696.40
726.00
711.40
679.72
708.92
800.00
802.72
803.80
796.52
808.60
807.12
807.92
812.52
784.80
776.32
811.32
811.32
811.00
812.40
777.92
812.72
812.32
782.60
721.00
709.52
701.72
708.80
759.52
712.60
741.32
695.00
716.52
788.00
787.80
787.52
789.20
771.52
792.12
787.52
787.80
788.52
753.00
788.92
790.92
789.92
790.00
777.00
775.52
788.32
721.80
717.60
718.60
688.72
750.32
712.92
747.60
712.80
702.32
765.32
808.72
806.40
806.72
807.60
785.40
790.40
810.12
809.52
808.40
806.80
791.12
808.52
808.80
808.52
810.32
809.80
784.60
722.80
721.92
719.40
712.52
663.32
680.12
670.92
717.92
695.40
784.52
770.72
802.72
787.52
789.12
789.32
781.60
788.72
789.12
788.80
790.12
790.40
766.32
789.00
791.00
788.72
789.72
697.72
690.92
719.20
717.40
716.20
668.72
649.52
717.72
708.52
737.40
787.80
775.40
775.52
790.80
788.92
789.52
786.60
786.72
809.12
808.92
809.80
809.72
777.92
774.40
808.52
810.20
810.60
725.12
680.80
718.72
719.12
673.12
717.52
675.52
685.92
737.80
804.72
807.52
809.12
787.20
803.60
809.60
807.80
807.92
809.12
780.80
809.40
809.60
809.12
809.80
782.12
778.00
822.52
829.80
713.00
712.32
680.00
664.12
673.20
685.12
705.60
725.20
688.72
823.12
824.72
828.20
826.20
811.60
830.72
829.00
830.40
829.32
802.12
796.92
831.92
830.80
830.60
831.00
799.12
829.32
721.52
713.40
711.20
700.32
689.72
699.52
730.52
716.92
765.92
682.52
783.32
808.00
808.52
808.80
808.72
772.92
808.80
809.20
810.40
809.92
773.80
809.20
809.00
809.60
810.40
805.20
799.72
722.20
721.32
719.92
720.92
683.60
730.00
766.80
712.40
756.60
795.32
764.12
809.32
827.72
829.80
829.40
809.12
810.32
829.60
830.00
830.32
826.32
819.60
830.00
830.72
829.40
830.72
828.52
689.52
713.20
711.60
689.20
733.32
703.20
746.12
699.00
726.72
824.52
825.32
794.52
828.52
829.52
829.72
830.32
823.32
821.32
813.80
815.00
814.12
812.92
812.20
814.40
814.00
813.40
703.00
668.40
669.12
695.12
732.32
683.80
720.32
673.92
707.52
685.32
799.80
804.20
791.20
792.00
808.80
808.92
812.92
810.20
809.60
811.40
811.00
810.60
812.12
811.72
782.80
811.00
813.00
720.52
721.00
671.80
715.40
706.20
682.52
667.72
670.20
671.20
784.12
787.72
787.92
790.20
762.80
780.72
788.72
789.12
789.80
788.60
756.40
790.32
790.92
789.12
788.20
764.52
758.12
727.12
719.00
720.92
716.20
693.12
678.12
668.92
674.40
716.20
696.32
784.52
806.92
810.00
809.20
806.80
787.72
808.40
808.20
807.80
810.32
809.72
783.20
807.92
810.72
810.00
806.92
782.92
723.32
722.12
721.60
720.40
692.32
714.92
739.20
719.00
767.32
792.60
775.12
783.12
789.20
789.80
788.60
789.92
756.72
789.40
789.52
789.72
790.60
774.20
777.92
788.80
789.00
788.52
787.20
711.20
718.40
718.80
702.12
731.92
752.00
736.92
714.12
736.72
787.52
789.40
744.60
789.00
788.92
789.52
790.32
773.92
773.40
809.60
809.40
722.20
721.52
707.72
713.80
729.92
722.92
722.72
716.52
666.92
807.52
808.20
808.92
808.52
779.12
778.20
808.60
809.72
810.12
809.20
777.40
809.72
808.80
809.80
806.92
797.60
795.12
726.72
719.92
720.32
715.80
714.32
694.92
698.12
709.20
742.92
749.80
788.52
826.12
828.40
829.52
830.00
784.52
830.00
832.60
831.32
829.40
815.80
814.32
831.00
831.32
830.40
830.92
800.60
701.80
712.92
711.72
708.60
746.20
733.20
740.72
700.32
704.80
824.12
805.32
802.92
808.52
808.80
810.12
807.32
794.00
809.00
808.60
808.20
810.00
781.00
796.52
809.60
810.60
808.60
773.20
694.12
720.60
718.20
712.80
762.32
728.32
714.80
702.72
717.72
805.32
807.20
797.20
807.80
809.32
809.00
808.40
807.20
791.60
809.12
820.00
831.00
828.72
807.40
807.40
831.52
830.32
716.40
713.20
681.52
708.52
702.52
708.32
666.92
655.72
686.80
720.32
824.72
827.32
826.60
827.00
830.12
829.60
830.60
831.12
806.80
806.92
832.20
830.72
831.32
831.72
794.60
818.80
814.40
701.20
698.60
683.40
686.92
709.32
699.72
673.80
684.92
649.32
792.12
803.60
805.80
808.00
808.80
789.00
810.52
811.52
813.00
811.00
773.80
813.72
811.72
814.20
812.20
814.00
774.92
730.12
699.60
696.12
694.80
677.32
684.40
670.32
719.60
680.92
689.72
782.80
787.60
787.72
788.60
789.60
770.12
761.72
789.32
791.20
789.20
789.20
760.32
790.80
789.80
789.40
789.20
784.72
707.72
720.20
718.92
717.40
691.00
710.52
672.20
684.12
717.72
728.92
789.12
762.60
809.72
809.40
808.92
809.40
777.20
808.92
809.40
808.52
807.80
806.72
792.20
808.92
806.92
809.00
809.40
701.20
707.80
719.72
688.32
674.72
675.72
661.80
697.40
726.20
805.20
807.92
797.60
792.52
809.12
809.60
808.12
809.12
791.92
809.20
797.52
790.72
790.72
788.92
773.80
791.52
789.20
723.32
718.00
683.60
720.12
722.20
709.00
756.52
760.72
734.32
714.80
787.72
788.20
788.92
784.92
790.72
790.32
789.00
789.32
788.80
769.60
787.52
789.00
787.52
789.32
766.40
768.12
808.80
721.32
720.52
719.40
695.20
739.60
769.72
766.52
718.60
741.52
788.80
808.20
809.20
809.52
805.60
805.12
808.72
808.80
808.00
808.60
808.12
786.32
809.52
809.72
808.12
809.60
769.40
795.80
722.80
721.92
718.60
704.20
756.20
768.92
756.40
715.92
711.12
793.52
802.20
809.32
808.60
809.20
809.52
789.40
809.32
809.52
810.32
809.72
793.92
784.72
809.60
807.60
808.32
808.00
707.52
723.32
719.52
719.60
729.72
706.32
744.60
721.52
713.60
717.72
807.40
793.00
808.52
807.20
808.72
809.80
791.00
782.40
808.92
809.40
809.12
810.72
783.60
808.80
808.52
806.72
808.92
718.32
707.12
719.80
707.40
696.12
7