Measuring voltage and current with INA219 ...
700.00
747.60
702.20
718.60
786.72
755.92
770.12
790.40
790.72
790.60
788.12
777.52
789.12
788.72
804.12
807.32
769.40
807.32
807.52
806.52
807.40
726.12
718.20
721.80
720.80
738.92
718.80
661.60
654.32
678.60
800.80
805.12
807.52
774.32
808.80
807.20
808.60
808.12
785.80
793.60
806.20
806.40
809.00
807.52
794.52
806.80
807.00
790.52
724.60
723.20
707.92
721.52
752.20
738.52
716.92
690.20
676.40
783.12
787.80
788.80
788.52
760.12
789.52
790.00
788.20
789.60
772.20
789.32
792.32
789.80
789.92
788.32
787.52
790.00
730.80
722.60
722.72
691.72
687.92
675.92
675.52
721.80
704.12
722.72
806.12
805.72
806.32
807.40
792.92
795.32
807.12
806.92
807.72
806.72
807.52
808.20
807.40
807.52
807.52
806.80
790.32
724.72
724.00
722.12
720.40
640.72
718.20
692.20
698.92
734.40
759.40
791.92
805.60
805.80
824.92
824.52
798.20
816.20
826.52
826.92
827.72
826.60
800.00
827.80
827.60
825.72
827.20
799.60
691.00
712.12
710.52
686.00
717.92
723.80
742.52
744.80
731.92
821.72
823.20
797.72
825.32
827.32
826.32
824.52
795.80
827.20
824.72
807.20
807.60
807.92
774.00
808.52
807.20
808.20
729.32
704.92
723.72
721.60
756.40
712.20
759.60
705.72
739.00
719.12
805.72
808.52
774.32
784.12
808.60
809.40
810.72
809.20
790.72
810.52
810.72
811.12
812.60
794.00
798.32
814.32
804.80
716.60
711.92
705.52
712.72
726.12
707.52
681.00
667.92
659.40
822.92
829.32
830.40
831.60
781.32
830.52
830.40
829.40
830.00
808.40
819.52
827.92
828.40
829.40
828.60
810.40
824.92
737.52
715.60
712.00
709.52
683.20
695.92
662.20
662.60
682.00
645.80
767.12
799.52
802.12
806.12
808.60
789.80
810.72
810.20
810.40
811.12
803.40
792.72
812.72
813.40
813.72
811.80
810.32
702.00
699.32
697.92
696.32
652.52
662.40
663.92
693.72
680.92
703.80
763.32
801.92
803.20
805.12
806.12
781.00
775.12
790.52
791.92
792.00
790.92
756.52
774.52
790.72
790.72
791.40
790.92
711.52
722.12
720.92
673.92
676.92
651.80
682.60
707.20
740.12
788.20
787.40
777.32
791.72
791.40
791.72
793.20
762.12
778.00
794.60
794.12
812.60
812.00
767.92
811.92
812.92
812.80
732.12
702.20
705.00
723.60
722.32
691.92
704.52
718.12
760.12
713.60
806.52
808.12
807.52
788.80
808.92
809.32
809.20
807.00
766.00
780.80
809.32
809.80
809.40
808.92
776.40
809.52
807.72
724.92
724.00
708.80
720.40
761.40
716.60
751.60
719.40
718.00
786.12
791.12
793.12
793.20
761.00
765.12
792.80
794.20
792.00
794.60
751.20
792.32
791.92
792.40
794.72
778.32
778.40
793.60
724.92
722.20
721.20
702.00
715.20
756.20
763.72
713.52
749.00
778.72
807.52
808.32
808.60
808.12
765.92
808.92
808.60
809.72
810.20
809.40
709.40
725.52
722.20
719.12
728.60
670.12
719.32
678.92
691.80
808.80
807.12
782.60
809.72
811.52
811.12
811.52
785.20
783.32
810.72
811.52
812.52
810.60
792.60
809.32
810.92
810.00
729.00
722.40
706.12
721.80
721.00
693.80
731.72
701.32
770.52
783.40
807.20
807.00
808.60
778.32
808.72
808.92
809.60
809.00
780.12
809.80
809.12
809.92
808.32
808.00
803.20
810.40
810.72
727.00
726.92
689.32
699.92
766.20
771.52
754.52
717.80
694.80
801.20
808.72
808.80
810.52
791.00
795.92
810.80
809.32
810.40
806.40
799.72
808.80
809.00
808.40
810.00
808.00
788.20
775.32
725.00
722.72
722.52
671.20
760.52
744.60
726.12
699.72
683.12
801.20
826.60
827.92
828.60
828.80
818.72
829.92
830.12
831.20
830.92
830.20
809.72
829.80
831.20
830.80
830.80
799.52
686.52
712.60
711.20
709.52
755.72
674.12
712.00
676.00
678.80
702.40
812.72
809.72
829.20
809.32
810.52
806.32
809.00
809.40
810.60
809.20
809.40
810.00
785.60
809.12
809.32
809.32
809.80
658.40
695.32
694.00
693.72
699.12
679.60
654.12
685.20
662.00
790.52
798.20
770.00
788.12
807.72
808.92
807.12
810.20
778.32
809.80
811.00
804.52
791.92
767.72
769.40
791.72
791.12
731.20
719.72
707.20
723.72
720.40
687.92
734.32
692.52
676.12
715.40
789.60
791.00
790.72
762.20
792.32
789.60
791.40
791.40
763.92
765.72
792.92
792.72
791.12
790.80
777.12
792.32
799.60
724.72
723.52
721.00
700.12
691.52
719.92
678.12
723.92
676.20
712.72
809.00
809.52
808.60
808.00
776.92
809.80
809.20
810.32
807.60
788.00
797.40
810.12
809.40
809.20
805.40
803.52
810.60
725.80
723.60
722.60
664.80
686.52
739.72
759.20
715.52
749.80
750.00
790.32
791.52
789.80
792.80
771.52
777.92
791.60
790.20
791.80
793.12
772.20
784.72
792.60
790.40
790.80
790.92
701.40
722.20
721.60
721.00
758.52
676.12
702.72
724.72
689.20
718.92
788.20
761.60
791.20
809.32
809.32
809.72
791.60
805.72
809.80
810.72
810.60
808.00
793.32
810.00
808.60
809.32
809.12
696.72
697.80
722.32
721.32
746.92
720.32
680.92
679.60
675.32
801.72
807.40
802.12
788.20
808.60
809.60
810.72
807.00
799.20
786.92
810.92
823.52
828.60
828.72
788.92
829.72
830.40
746.72
714.60
680.52
709.12
706.92
720.32
703.92
674.12
694.52
675.72
825.92
825.80
827.60
807.00
812.00
829.52
828.20
829.40
831.72
793.00
830.32
829.40
829.80
828.52
818.12
816.92
829.92
728.32
723.12
722.92
710.32
720.92
688.80
707.32
720.32
753.32
761.92
810.00
809.52
808.32
809.60
775.12
809.52
809.40
809.52
810.12
810.80
773.72
810.20
809.12
810.00
810.32
804.12
810.40
726.12
725.52
723.32
721.80
693.40
733.52
738.12
693.80
745.72
803.92
797.32
828.20
828.52
829.60
828.72
799.80
829.00
828.52
829.20
830.00
821.40
819.52
829.40
828.92
828.52
826.92
718.20
715.52
710.72
710.40
684.12
706.12
707.12
742.80
750.00
698.12
827.12
797.40
828.60
815.40
810.00
811.00
800.52
783.72
810.20
810.52
811.72
811.12
793.80
801.92
812.00
810.52
813.92
698.00
678.00
693.20
692.12
707.40
681.12
705.72
670.12
704.00
762.72
798.40
802.72
780.12
807.40
805.20
808.40
809.40
810.12
789.52
810.20
697.80
722.32
721.52
703.72
748.00
715.32
718.52
687.92
718.52
707.32
789.72
790.92
791.12
791.32
776.92
790.60
791.92
790.60
791.20
792.60
774.32
793.00
791.00
793.80
791.52
770.00
767.32
722.40
722.72
722.12
692.72
677.52
711.72
752.52
675.12
764.60
795.72
798.12
810.32
809.32
810.40
809.00
803.60
810.12
809.72
810.72
808.12
790.92
793.60
810.12
810.52
809.80
809.52
699.12
726.00
724.52
723.12
732.40
698.12
751.00
721.80
762.32
717.92
808.12
800.72
808.40
808.00
808.80
792.60
791.20
773.12
793.12
793.32
790.72
790.52
775.00
766.60
792.00
791.32
791.52
724.80
695.92
723.12
721.12
747.40
765.52
746.92
707.40
728.52
782.60
789.20
788.60
787.40
791.40
791.60
792.92
792.32
772.60
765.60
790.80
809.80
810.80
810.12
782.32
810.60
809.60
743.40
723.00
717.32
708.80
717.40
728.20
702.00
685.00
700.72
663.72
808.20
807.80
809.00
808.12
780.72
810.40
809.32
810.20
810.60
776.00
795.60
809.20
811.92
809.80
809.12
791.32
809.40
726.72
711.72
711.00
686.32
708.12
704.20
675.20
713.32
677.32
678.00
826.12
829.52
830.12
830.40
818.92
812.20
828.92
831.52
829.92
829.92
825.20
829.12
831.00
829.12
828.60
828.00
809.72
714.60
712.12
710.52
691.80
649.52
680.72
671.72
688.20
710.32
805.12
774.60
808.80
809.52
808.92
809.40
806.80
808.80
810.12
810.20
809.80
809.40
808.20
809.12
810.72
808.80
809.20
713.52
699.12
724.32
723.40
723.40
707.32
703.72
759.60
772.40
715.60
808.72
800.32
800.80
808.00
810.52
823.72
825.72
827.80
820.80
829.12
829.52
829.20
830.12
807.32
829.92
829.40
829.60
715.60
681.00
711.20
708.52
711.12
694.20
742.92
685.40
735.60
803.00
825.92
828.00
812.52
823.72
829.80
829.60
829.80
829.20
806.32
830.72
814.12
814.20
812.80
797.92
792.32
813.80
753.12
697.00
696.00
658.60
683.32
712.92
706.12
684.00
680.60
643.80
796.92
800.80
802.60
806.12
791.60
807.12
808.80
810.00
810.72
808.52
778.00
811.72
811.00
811.60
812.80
792.20
812.60
697.00
696.20
720.20
721.12
715.32
712.80
690.92
721.40
679.32
700.92
765.00
792.20
791.52
792.52
791.12
763.32
791.72
792.32
791.20
792.00
781.12
780.52
793.32
791.52
792.80
787.00
784.80
722.80
720.72
722.72
721.80
680.60
702.12
713.00
705.52
758.12
805.52
774.52
809.80
807.80
809.12
810.00
798.00
776.72
809.80
808.72
809.72
811.12
802.12
808.80
812.32
809.80
809.40
728.72
710.40
724.12
723.72
680.52
697.20
699.60
714.40
769.80
715.20
808.92
810.00
777.52
807.80
808.72
794.12
792.12
786.32
777.00
791.52
792.92
793.72
789.60
787.60
792.60
792.80
792.80
722.60
700.12
699.32
721.72
722.92
711.52
749.20
688.20
755.12
780.72
790.32
791.00
785.32
778.40
791.52
790.72
790.60
791.12
773.72
777.72
793.60
809.80
810.12
811.52
784.60
809.32
768.40
725.72
724.32
711.12
703.92
763.20
750.00
726.00
717.52
668.92
806.60
807.32
808.72
807.40
788.12
786.40
808.52
810.80
810.52
809.20
776.60
809.80
809.60
809.52
809.80
795.80
790.12
728.20
700.32
711.12
710.40
693.00
731.12
711.92
718.00
676.20
703.00
805.40
829.40
829.80
828.20
830.52
810.12
805.12
829.12
830.72
830.20
723.00
694.72
710.92
710.60
677.72
729.32
720.52
730.52
705.32
672.40
826.00
828.60
826.80
829.52
829.12
811.12
809.12
789.80
785.60
811.20
809.60
810.00
812.20
772.80
811.12
810.12
810.20
726.52
716.72
712.40
721.92
768.52
764.92
753.40
700.40
703.32
801.12
807.40
809.40
809.12
786.12
811.32
808.80
810.20
809.12
777.20
810.00
809.12
816.60
829.80
831.12
804.00
829.80
779.72
713.92
711.52
699.72
691.40
743.40
728.60
716.20
705.20
665.52
825.92
826.12
828.32
828.80
8