Measuring voltage and current with INA219 ...
390.92
370.32
414.20
405.40
401.40
401.12
372.72
382.72
388.00
408.40
403.20
391.52
379.60
395.72
403.32
389.32
434.60
372.12
373.40
397.92
395.20
382.60
405.20
349.52
389.72
402.20
379.20
399.20
403.12
383.00
378.40
401.92
389.32
405.32
371.92
374.12
404.80
378.40
371.00
392.80
363.92
407.72
388.72
397.40
409.72
351.12
372.60
399.32
386.40
390.40
396.72
424.72
427.12
412.60
398.20
394.60
359.32
384.80
398.80
388.60
389.00
397.72
359.52
400.80
404.20
350.60
396.40
388.72
377.60
454.52
454.20
416.72
431.52
579.20
398.20
439.32
391.00
441.40
401.52
370.80
430.12
390.00
396.92
414.12
362.80
436.32
416.32
410.00
434.52
418.92
367.40
403.52
456.40
416.80
447.40
373.80
392.80
510.12
458.92
466.52
504.40
512.80
525.72
527.72
446.92
599.72
560.80
540.40
606.72
712.92
644.32
647.60
425.12
508.60
447.32
451.72
622.00
548.12
586.72
501.80
477.72
467.80
596.32
435.32
449.00
447.92
453.40
497.20
472.80
430.80
463.52
450.00
482.52
553.60
532.12
469.52
502.20
431.32
532.40
535.40
421.12
436.52
361.92
377.72
477.72
342.20
364.80
377.92
372.12
430.80
434.52
327.20
396.00
424.20
532.00
634.80
495.20
467.92
608.52
520.00
499.20
604.80
535.80
702.32
665.32
666.92
666.12
665.40
603.32
575.72
654.92
581.92
638.72
574.20
635.32
738.92
736.92
738.32
726.80
706.80
738.60
739.52
739.00
739.72
714.92
729.72
740.80
740.80
741.72
739.80
718.92
676.00
637.00
396.12
666.32
439.80
548.60
555.40
415.80
546.60
552.92
417.32
455.72
451.40
436.52
678.92
707.72
506.00
426.60
421.72
453.80
481.20
379.72
444.40
473.40
438.72
467.12
390.92
402.12
428.40
418.12
664.32
555.80
439.40
677.40
440.20
397.92
545.60
733.32
717.80
737.92
736.80
724.20
522.32
387.80
416.92
483.52
414.60
452.00
426.32
624.72
736.80
737.32
738.80
674.32
447.00
422.80
656.72
667.92
614.72
497.92
516.40
496.12
445.20
488.60
596.20
433.52
476.12
485.52
520.20
507.92
705.92
423.92
422.92
548.72
594.72
722.00
476.80
460.60
495.80
454.20
522.32
644.00
431.12
429.92
567.52
427.72
601.40
530.52
454.20
550.60
438.92
438.52
714.80
397.92
449.92
440.12
431.80
530.40
655.32
441.52
450.60
430.72
449.60
579.60
440.20
451.60
412.40
456.60
531.80
643.12
480.32
441.00
406.00
432.12
555.00
610.60
436.00
455.40
427.72
466.00
451.20
410.20
432.52
435.72
439.12
481.40
405.40
436.12
535.32
461.12
492.92
481.92
404.80
531.92
500.92
448.72
503.20
534.60
422.00
457.32
433.12
448.32
458.00
429.72
436.60
444.00
444.12
459.60
449.32
443.32
439.00
442.40
445.52
441.52
419.12
411.60
384.52
399.32
336.20
372.20
364.52
388.12
378.12
457.92
401.12
364.00
380.52
457.80
369.32
384.60
366.32
377.92
401.80
384.40
362.60
382.80
378.72
360.20
385.32
364.80
365.92
365.12
339.32
373.52
357.72
355.60
413.72
379.40
376.52
405.92
370.92
400.52
391.72
353.52
375.80
390.40
392.60
384.12
354.40
358.12
397.52
422.40
380.52
399.92
352.00
389.80
376.80
384.52
366.80
384.40
385.32
384.52
365.72
392.92
387.92
375.40
369.52
454.60
373.60
393.20
394.00
400.40
403.40
360.92
367.40
399.80
352.12
356.60
393.12
389.80
395.52
390.60
379.00
386.92
402.60
449.40
405.60
437.40
369.80
392.00
371.20
373.12
387.12
357.32
363.00
374.40
371.40
418.40
427.00
382.20
404.60
423.40
396.72
389.12
372.92
403.60
393.60
388.52
385.40
377.12
348.00
390.60
360.60
384.92
399.52
370.40
362.72
371.20
405.52
427.32
491.00
349.32
386.72
397.40
388.72
419.60
384.12
396.32
375.80
371.40
376.12
366.12
365.40
367.12
389.80
359.20
354.32
391.20
378.52
428.72
393.40
412.80
449.60
367.12
393.00
407.40
375.52
382.72
354.60
358.60
377.92
358.20
390.80
420.80
414.60
373.00
411.92
410.20
393.40
396.52
356.92
400.92
392.40
392.60
472.12
398.12
379.60
414.72
387.32
390.32
375.00
369.92
404.72
361.80
382.12
437.12
378.80
374.00
387.60
386.40
389.72
377.32
375.52
377.12
375.80
375.72
364.72
400.00
417.80
392.00
367.32
368.60
377.00
374.72
417.80
353.72
369.92
405.00
396.20
360.60
380.12
371.20
369.80
396.40
369.00
358.00
361.00
363.40
359.72
381.80
343.12
396.92
380.80
369.72
394.00
364.60
370.40
400.32
384.92
367.80
374.00
390.92
408.00
340.12
343.80
427.92
396.92
354.72
370.00
373.32
368.20
371.20
351.00
357.92
369.92
375.80
392.72
378.80
430.40
385.80
379.00
401.32
395.32
358.12
362.32
382.72
388.92
351.52
395.92
392.80
508.00
431.20
480.52
494.32
422.12
413.00
477.12
388.60
366.52
372.20
382.20
401.60
388.92
371.60
386.92
366.72
372.60
370.92
375.20
341.80
377.12
324.32
369.40
358.52
355.72
364.60
356.80
360.72
393.00
380.40
385.72
403.12
374.40
472.00
564.60
446.00
514.52
509.40
567.32
612.72
672.32
555.92
591.32
578.72
543.80
763.00
688.20
686.80
517.52
487.12
502.60
454.12
442.20
452.60
385.60
425.32
449.00
445.32
469.52
408.52
399.00
442.20
426.12
416.32
446.20
405.00
427.52
496.20
432.20
423.00
431.00
465.60
481.92
447.92
454.12
464.20
431.92
417.12
424.32
416.12
458.40
407.80
393.40
398.92
466.40
420.60
418.40
429.40
413.40
433.52
427.32
429.52
436.32
409.52
435.32
441.52
439.12
457.60
444.60
436.80
484.32
404.20
403.80
406.52
416.00
427.20
422.40
441.52
547.00
431.92
385.40
432.52
412.00
429.12
431.20
421.00
406.12
426.20
424.32
408.32
414.72
425.72
440.72
423.92
423.40
427.32
419.12
417.00
447.72
419.12
436.32
412.12
355.80
444.20
412.72
516.92
445.60
412.40
412.20
446.52
420.60
489.20
459.00
393.72
402.20
428.92
420.12
464.60
465.92
418.12
418.80
429.20
414.32
417.72
400.00
424.32
422.80
419.80
395.20
393.92
361.52
444.32
422.32
427.40
443.72
404.80
387.72
401.80
428.20
470.72
442.80
408.32
431.92
464.60
419.12
437.40
419.40
499.60
510.92
455.92
455.60
548.52
395.80
382.72
385.40
369.92
413.20
380.92
376.80
385.00
399.72
396.52
405.52
349.72
358.20
388.60
400.72
357.32
377.80
349.20
397.92
384.92
357.60
375.40
379.60
361.92
403.72
401.12
386.92
378.12
414.92
454.32
383.20
387.20
392.60
365.40
373.72
398.80
413.52
388.52
373.80
319.20
366.52
376.52
373.72
392.32
371.80
375.12
445.60
411.12
415.40
404.80
365.80
388.80
405.40
383.52
379.00
384.80
364.92
446.72
395.92
382.00
382.40
352.60
384.40
451.80
370.72
368.40
379.12
390.40
411.52
439.32
387.60
383.80
366.80
367.40
397.32
401.72
366.60
363.52
329.20
379.80
363.00
374.52
403.12
351.52
350.60
382.80
379.12
364.72
377.40
377.72
379.60
379.80
422.72
407.60
390.32
374.12
396.32
422.80
364.20
373.00
327.00
362.60
379.20
374.60
350.12
386.92
340.60
399.40
380.72
379.92
379.52
383.92
385.72
375.52
385.40
374.12
376.60
378.52
371.92
346.00
377.12
374.60
346.72
359.72
387.12
379.80
367.00
387.72
331.12
362.12
390.20
426.60
408.92
371.32
375.72
394.40
365.92
357.12
361.40
355.80
388.32
444.92
375.20
365.72
367.92
365.92
408.80
382.32
390.20
395.52
362.72
384.52
393.20
388.72
378.60
389.40
355.32
386.52
385.72
380.12
377.12
357.12
364.00
361.32
381.20
426.20
383.72
428.92
463.00
453.00
412.12
376.32
363.60
371.12
385.00
364.20
346.60
366.32
394.72
392.40
357.60
351.52
397.12
369.52
384.40
391.60
384.80
363.20
392.80
329.12
360.32
384.60
382.40
403.00
376.72
369.32
393.40
369.60
372.52
416.20
368.60
368.40
378.72
363.40
384.12
382.52
381.20
381.20
420.20
405.80
396.32
362.12
375.60
362.40
382.72
399.12
348.20
340.32
398.00
369.80
393.00
426.20
381.92
366.32
419.60
448.32
416.12
432.32
381.00
4