Measuring voltage and current with INA219 ...
503.40
389.12
427.60
417.80
438.40
407.12
417.20
453.20
436.52
392.92
400.60
419.20
397.32
411.92
409.20
411.12
387.32
404.52
396.00
388.80
394.72
418.52
403.60
407.92
370.72
402.00
381.12
404.92
405.00
427.92
455.20
458.12
469.92
471.32
472.40
496.60
527.40
488.32
463.92
462.20
379.60
402.12
388.20
405.32
400.20
412.20
448.32
429.52
397.92
425.20
403.12
400.12
407.60
409.60
409.20
434.12
408.80
429.12
391.40
380.00
385.20
377.12
382.92
385.12
390.12
380.32
392.40
395.92
395.32
441.40
482.60
460.80
495.32
481.52
423.32
474.52
422.60
432.80
406.40
387.80
423.32
404.40
443.12
419.00
401.80
365.20
424.32
399.92
411.20
441.00
400.32
408.72
425.72
406.40
413.80
402.52
393.92
420.20
417.20
393.60
481.52
402.60
440.60
527.92
458.80
466.00
558.20
585.00
551.32
556.80
500.60
640.32
505.12
648.32
660.52
701.12
579.40
697.52
508.32
475.92
471.20
523.80
702.60
525.20
605.20
467.72
466.32
544.52
470.20
474.80
581.72
434.92
484.00
519.32
454.00
451.00
461.00
458.80
504.72
580.52
486.12
577.72
459.12
380.52
422.00
425.40
375.92
360.40
379.60
410.80
361.20
362.12
411.00
364.20
367.92
391.20
370.60
374.92
365.72
364.20
398.72
481.32
341.00
391.12
358.00
366.40
438.92
376.00
388.80
368.00
350.60
366.12
435.32
361.40
362.20
426.52
444.12
683.00
474.52
512.60
636.40
476.32
535.72
513.60
481.40
563.80
580.00
653.32
583.72
594.92
642.32
557.40
628.32
560.00
675.20
729.92
640.92
755.12
754.80
747.00
743.00
757.20
759.12
758.72
749.80
755.32
760.52
761.60
761.92
761.20
761.60
678.72
692.52
489.40
403.80
407.12
618.00
477.12
541.60
490.00
475.00
490.52
586.20
513.00
449.40
443.12
452.20
524.80
485.60
640.72
462.72
498.40
487.32
484.12
490.80
501.92
456.72
437.52
530.80
491.80
426.32
448.32
410.32
439.60
654.92
546.80
470.20
449.52
735.40
716.12
730.40
746.60
492.52
432.40
441.12
523.40
427.72
424.92
430.92
662.00
667.40
669.00
656.12
697.12
464.12
434.20
602.60
743.12
757.32
612.20
566.12
530.60
707.92
597.92
463.20
458.72
441.20
592.40
532.00
446.52
454.32
434.80
588.80
730.20
437.60
442.72
462.20
438.00
648.00
432.00
461.40
483.80
436.72
465.60
597.12
449.00
436.52
516.00
460.80
576.32
592.00
447.12
467.52
458.72
471.20
593.32
460.32
450.60
431.20
417.80
480.92
639.52
447.32
441.12
470.32
448.12
483.00
464.32
538.72
474.60
466.60
457.40
522.72
468.32
447.20
481.72
498.40
565.60
441.52
412.52
451.12
483.52
421.60
488.12
424.92
484.40
417.52
438.92
501.00
487.40
465.12
458.92
474.80
472.60
561.12
463.52
449.72
491.72
493.72
447.80
431.92
420.60
448.20
421.80
417.72
413.40
425.52
492.20
453.00
451.32
462.32
442.12
442.52
470.12
439.40
446.40
425.00
457.92
421.60
374.72
368.72
364.80
357.72
391.12
366.72
368.40
376.92
402.52
394.20
435.00
470.20
432.12
382.72
374.40
380.32
378.52
397.60
370.60
371.32
354.60
380.00
390.12
372.52
363.12
358.00
384.92
396.52
415.32
440.60
372.32
377.32
379.20
405.40
397.92
387.80
358.60
404.52
385.72
385.20
398.80
352.80
346.80
372.92
392.20
415.92
443.12
420.20
448.00
397.00
383.12
380.52
399.92
395.60
404.80
399.60
383.40
367.32
436.80
350.72
376.92
379.72
368.72
371.52
353.60
357.40
363.20
371.00
377.72
372.20
379.00
388.20
420.20
385.40
388.40
402.32
590.20
405.52
442.72
468.92
391.60
367.32
381.40
418.60
388.20
390.72
385.40
372.60
401.72
517.32
470.12
471.52
465.32
484.40
472.00
528.60
530.00
446.20
386.40
367.32
398.32
400.32
386.20
401.20
372.92
379.40
380.00
378.72
393.20
364.72
383.20
523.72
419.80
426.60
416.80
382.72
382.40
400.52
371.32
417.40
369.00
366.12
376.20
372.32
380.40
363.52
368.20
371.20
363.40
398.80
366.20
375.20
395.80
409.32
378.52
395.92
406.72
366.92
377.12
376.12
366.00
402.40
380.12
388.92
388.52
367.40
381.12
410.92
471.92
435.00
402.20
428.40
399.12
429.72
397.80
376.60
404.72
409.20
382.52
336.80
368.52
380.20
396.52
378.12
369.40
367.92
358.72
370.52
396.00
398.52
393.92
382.52
414.72
394.52
375.80
380.80
406.00
369.80
384.32
404.92
408.52
363.40
385.80
410.80
363.40
389.60
327.20
356.00
379.00
361.00
371.12
371.20
372.60
361.72
402.20
375.32
402.92
397.72
364.80
362.32
361.12
361.92
356.60
366.80
389.40
360.72
386.32
364.00
362.00
373.00
372.60
388.52
403.60
361.00
354.12
442.12
427.52
401.32
375.32
355.92
377.20
386.92
406.92
365.52
376.00
372.12
457.32
413.60
388.80
404.52
403.92
361.92
413.12
419.32
425.12
402.80
373.40
376.92
387.40
366.32
359.20
347.12
347.12
354.60
360.32
359.00
366.00
365.12
368.52
387.60
452.00
370.52
361.00
363.00
378.60
392.72
375.52
385.52
360.20
373.92
358.60
378.32
381.92
391.92
373.60
356.00
363.20
382.20
409.32
421.72
410.20
376.60
421.40
372.52
391.20
346.40
376.52
392.40
395.52
380.72
375.60
378.32
362.12
388.40
411.72
363.52
372.40
352.32
366.52
378.72
381.52
384.00
383.12
376.32
425.52
367.52
405.80
385.32
362.32
367.72
368.20
381.00
357.40
373.00
365.12
365.80
359.40
389.52
372.80
364.92
390.60
399.60
369.40
408.80
358.80
408.60
374.92
379.12
467.00
389.60
353.12
363.40
376.92
371.32
399.60
387.12
369.12
372.32
415.52
389.80
364.20
361.00
375.92
395.20
399.32
383.32
345.40
359.80
376.20
423.92
406.12
401.52
366.32
381.80
383.40
378.80
363.32
419.92
374.52
387.60
394.00
381.40
424.60
372.40
402.52
396.80
375.40
391.00
392.12
338.52
361.92
375.80
383.40
387.80
378.12
406.80
342.60
356.72
387.20
369.52
367.40
367.60
412.72
381.72
372.00
363.32
375.80
372.20
391.32
369.60
365.20
339.12
373.40
390.80
369.60
382.92
393.72
388.32
384.00
382.80
379.92
368.32
376.52
350.80
391.72
395.60
374.80
376.32
362.60
364.52
359.92
360.52
364.52
326.60
361.40
367.60
360.32
381.32
377.80
353.40
373.12
462.32
382.32
389.92
373.80
378.60
402.92
372.80
378.32
333.12
383.12
409.40
496.80
526.00
422.72
393.40
423.12
419.52
471.00
466.92
437.60
478.60
427.80
500.40
464.52
438.40
431.12
445.12
438.80
417.72
432.00
398.80
411.60
411.40
411.32
386.52
395.72
421.60
419.12
470.60
428.92
523.40
438.12
352.52
424.72
424.60
370.52
371.92
388.40
353.40
367.32
377.00
357.80
390.72
335.60
356.72
355.40
383.72
377.00
403.72
363.60
383.80
397.80
400.32
391.60
386.60
365.72
403.40
382.80
365.52
355.32
353.40
361.80
395.80
385.72
360.80
363.92
342.92
377.72
448.00
470.12
360.00
350.00
378.32
407.40
418.32
373.12
408.00
368.92
392.52
376.20
381.60
390.60
375.40
370.20
356.20
357.32
358.72
377.20
349.80
458.40
459.52
385.32
397.00
411.80
408.72
457.00
465.20
470.32
461.00
423.72
377.20
396.12
414.12
363.40
360.32
383.20
374.20
366.20
375.92
362.20
356.32
389.40
443.20
391.80
397.60
362.52
360.60
365.20
370.12
359.20
354.20
373.80
363.20
378.12
359.20
408.72
391.20
360.32
386.72
375.92
373.72
410.60
365.00
377.92
372.32
379.32
437.32
392.40
362.80
361.12
395.32
363.12
352.00
373.72
350.92
347.80
360.20
362.72
367.12
370.20
373.60
424.40
385.60
362.92
366.60
394.00
395.92
379.32
393.12
354.32
358.32
391.52
385.92
357.00
383.60
354.12
364.12
397.92
376.20
384.72
421.40
375.72
372.52
374.52
374.72
373.80
386.72
398.72
363.60
378.40
352.80
353.20
369.52
364.92
364.72
339.00
359.80
393.52
368.00
380.52
384.12
371.52
370.60
365.32
372.20
369.72
368.00
367.80
367.60
352.72
361.20
380.52
382.80
386.40
406.40
363.52
383.40
375.72
392.32
379.00
426.40
385.80
399.72
425.00
406.52
382.92
387.20
397.12
364.32
363.52
366.60
368.00
395.40
358.40
369.40
362.52
373.32
361.80
368.80
395.40
377.12
396.00
404.60
399.32
419.00
393.72
408.12
352.52
382.40
438.00
405.92
428.12
371.92
349.00
377.20
360.60
389.92
391.20
393.32
366.80
376.80
400.52
398.92
412.80
395.00
380.00
377.32
373.12
373.72
352.72
383.60
406.00
403.20
362.52
361.80
385.92
395.20
385.92
383.72
384.60
352.92
387.60
394.80
442.72
377.40
379.20
385.20
364.12
394.80
379.40
360.52
357.92
334.12
373.92
347.80
376.72
366.52
388.72
389.80
368.12
392.92
393.40
416.92
382.92
376.72
367.52
386.60
374.20
374.20
347.20
380.72
372.52
374.52
372.52
375.12
340.80
386.92
424.40
377.92
360.72
350.60
388.52
369.12
398.60
375.52
395.72
370.92
373.92
373.12
360.60
357.40
369.00
362.20
378.80
379.00
364.32
375.32
371.92
438.92
369.12
391.80
359.72
364.20
432.32
368.20
363.72
365.72
389.92
379.52
381.00
401.52
486.20
384.52
349.40
387.00
381.12
351.32
360.20
386.20
350.72
370.12
396.12
372.40
391.72
370.00
383.20
395.12
370.40
368.52
343.40
366.20
360.60
401.00
377.40
370.12
377.92
367.72
378.12
396.40
386.20
367.32
363.32
370.32
374.40
389.32
434.60
441.40
447.32
415.72
415.80
386.00
367.52
388.72
366.92
378.00
384.52
399.80
388.12
367.80
366.80
395.92
403.60
426.52
413.72
391.92
383.72
366.32
387.00
368.92
365.20
386.72
421.80
378.20
396.32
372.80
348.32
404.00
426.80
415.92
428.72
448.12
382.40
379.72
390.52
378.60
400.32
385.20
390.00
406.40
420.20
381.60
426.00
454.20
466.00
430.12
472.00
449.20
579.80
4