Measuring voltage and current with INA219 ...
441.52
405.52
482.92
448.80
350.60
367.32
363.52
383.60
392.40
378.00
381.52
377.52
398.00
395.80
405.60
436.20
391.52
395.12
392.72
378.92
379.80
363.00
386.32
395.12
367.60
338.12
360.20
378.20
378.52
389.92
348.80
342.20
387.40
411.80
394.60
386.12
402.52
421.00
478.72
390.92
410.20
395.12
362.40
384.12
380.40
368.80
376.12
387.00
384.60
423.60
381.20
383.00
386.40
366.60
373.72
386.72
393.60
427.80
390.52
380.20
390.20
404.72
409.00
374.92
351.40
366.92
354.72
367.20
384.72
370.12
343.00
380.72
380.12
410.32
396.20
357.12
429.32
395.00
392.12
394.52
382.80
388.00
389.72
424.80
385.52
383.60
362.40
385.40
374.72
374.92
367.60
370.00
350.60
384.40
387.60
367.40
384.20
391.00
376.32
384.12
386.92
447.72
366.72
368.72
369.00
366.00
371.12
375.40
371.80
363.60
382.80
363.00
396.72
384.80
348.12
393.32
395.32
404.72
390.32
387.00
400.32
435.72
381.00
375.20
375.92
371.92
388.40
367.52
374.52
366.32
367.80
354.12
385.40
392.20
386.20
384.40
394.92
363.72
354.00
379.20
359.80
394.52
369.12
380.20
373.40
381.32
373.52
376.80
378.60
367.12
389.00
397.72
447.80
361.52
369.20
388.20
399.72
377.72
379.12
418.12
434.60
373.72
398.52
383.32
379.52
390.00
388.80
372.12
387.60
380.52
385.32
373.92
392.20
406.20
396.92
394.52
402.40
383.40
393.12
384.00
390.32
358.92
384.00
401.60
427.80
490.20
491.80
476.92
373.12
371.80
371.40
373.72
376.92
385.32
395.32
373.60
361.92
384.40
393.60
383.32
394.20
406.12
381.52
357.92
363.60
385.60
361.92
395.40
371.32
390.32
371.80
399.12
423.72
414.00
407.52
376.40
391.72
419.80
395.92
407.20
478.12
416.40
414.60
441.20
386.12
374.00
368.40
385.40
391.20
379.52
385.92
367.60
384.80
413.52
402.52
389.92
375.40
405.00
397.60
369.00
405.32
390.52
370.12
408.72
383.20
369.12
372.52
368.60
393.80
379.52
384.32
380.00
401.92
403.40
448.32
386.00
375.40
380.80
386.92
379.52
381.40
393.40
403.12
363.92
333.00
384.72
379.80
380.20
374.32
382.12
344.52
374.72
400.60
416.72
400.40
381.32
403.52
394.80
392.72
385.00
395.32
399.72
449.20
385.32
366.20
365.80
386.32
406.32
430.92
443.00
363.92
360.92
358.20
387.32
402.60
371.20
389.32
395.12
414.12
391.20
424.12
395.40
398.92
358.40
365.12
385.52
347.40
378.20
390.32
325.92
368.00
376.00
409.80
392.80
394.72
394.00
398.72
388.52
410.52
396.92
391.60
408.92
425.00
425.20
371.80
369.72
375.32
430.20
380.12
373.60
370.92
376.32
388.52
385.00
383.12
400.12
395.20
397.72
388.40
396.40
391.60
387.92
392.92
399.40
395.72
391.60
379.72
368.92
372.20
403.00
455.80
488.40
493.80
447.92
419.80
426.52
485.20
485.92
449.32
470.80
445.20
440.92
439.00
387.00
401.80
390.52
441.40
424.00
367.52
367.40
331.52
360.60
363.72
353.00
363.72
365.20
380.12
369.60
372.52
374.52
359.20
379.72
392.60
376.00
395.52
368.52
374.60
388.92
380.60
385.00
414.40
433.00
400.60
401.40
431.32
394.20
377.72
363.80
420.20
393.00
399.40
410.92
393.52
364.92
381.32
381.20
361.52
369.12
376.72
397.52
407.52
391.40
395.32
382.52
406.72
371.00
383.20
439.00
417.72
416.40
377.80
422.52
449.40
391.40
408.00
477.00
396.92
388.12
395.12
383.32
374.72
375.52
386.72
393.32
415.92
401.52
399.72
389.52
400.80
385.52
394.80
393.92
384.60
375.12
375.92
368.32
352.00
398.20
396.92
347.52
380.00
380.52
379.52
396.32
401.72
382.32
391.92
389.40
410.32
424.60
403.00
388.92
409.80
376.60
371.20
373.00
371.40
396.32
372.40
382.00
360.72
381.52
383.72
410.52
403.32
392.32
399.60
415.52
386.60
413.40
389.52
369.92
369.00
383.12
371.72
371.00
367.32
375.20
375.60
372.60
370.80
386.40
390.52
439.32
515.32
442.52
404.20
456.72
404.72
405.52
485.80
482.52
459.80
418.12
372.80
372.12
375.92
378.00
370.92
367.52
373.52
386.60
408.40
387.00
402.92
389.80
394.92
374.32
389.92
388.92
357.72
370.72
385.40
399.60
373.52
369.92
373.52
428.92
461.40
408.20
385.52
390.52
392.32
374.60
387.80
393.12
378.60
432.72
398.32
396.92
415.80
396.20
382.52
347.80
377.12
372.32
368.40
367.52
362.92
371.92
370.52
387.60
396.92
385.80
386.40
407.60
400.40
400.80
382.92
379.20
351.92
423.92
422.00
379.00
372.80
356.32
381.00
397.20
417.80
417.00
364.60
410.92
410.52
441.80
413.40
364.60
449.72
377.40
433.00
370.00
395.60
369.92
386.60
383.80
420.00
400.20
408.80
371.12
384.00
411.92
409.32
421.40
376.20
404.72
430.00
419.00
385.60
404.92
368.00
410.00
400.20
418.60
384.92
404.00
387.60
375.60
376.32
414.60
409.40
396.92
385.32
435.92
452.12
435.60
472.60
442.32
671.92
470.12
459.72
502.00
461.00
481.72
467.80
458.80
433.00
431.00
456.52
438.12
450.20
474.20
487.40
392.20
412.32
457.80
452.52
436.32
441.40
412.00
428.32
448.40
446.20
462.12
461.60
450.32
481.12
454.40
457.20
505.52
576.60
575.40
568.80
523.60
434.00
427.80
382.12
381.52
368.92
382.20
372.00
383.80
379.60
395.80
421.72
386.80
441.32
620.80
498.12
555.52
442.52
438.32
411.12
435.80
435.52
473.92
454.52
432.60
408.12
420.72
426.00
430.40
428.40
420.40
400.60
427.60
453.12
427.80
439.72
484.20
449.80
453.32
446.60
446.12
445.92
483.40
441.20
410.80
384.92
396.92
411.92
370.72
372.32
383.12
379.92
375.80
387.72
384.20
382.52
453.00
434.60
345.40
353.00
394.60
405.52
389.32
390.40
360.80
422.00
373.40
382.72
376.40
358.80
366.80
370.12
421.52
378.80
384.60
459.20
392.92
390.20
386.60
387.92
390.40
436.00
390.20
386.92
382.52
367.00
370.00
367.40
379.12
400.32
370.92
387.12
368.00
387.72
414.80
405.20
379.80
409.40
398.52
388.20
407.00
393.92
420.12
384.00
431.72
369.00
378.92
367.92
333.80
350.80
384.80
382.20
379.20
387.40
392.20
447.52
397.20
403.12
392.12
384.80
374.40
410.60
397.92
405.40
398.00
448.00
456.12
496.72
479.00
470.20
439.80
434.12
415.72
410.72
421.72
382.20
413.60
401.52
418.60
423.52
364.80
376.52
364.60
387.00
370.40
366.20
375.00
355.92
357.20
379.72
403.00
366.60
380.12
371.32
380.20
368.72
388.40
391.40
397.12
378.92
394.92
397.92
365.40
386.92
389.00
371.52
369.12
362.00
367.20
369.40
352.72
389.72
357.72
387.00
380.72
382.32
367.20
394.80
435.32
363.52
376.12
357.00
395.52
455.40
372.60
365.92
383.52
413.20
373.12
378.12
404.32
371.60
360.52
397.20
366.60
384.40
386.32
420.32
480.80
444.32
415.32
386.20
389.72
369.40
362.00
371.92
366.32
372.12
377.20
353.52
371.80
395.52
374.00
363.20
398.20
394.20
379.52
402.52
429.60
426.20
393.72
389.40
403.20
378.20
373.60
390.60
376.00
367.60
374.32
365.32
382.72
357.32
381.20
396.32
380.60
375.32
366.40
395.52
412.72
401.40
382.32
386.80
354.20
384.60
340.60
378.20
378.92
375.00
375.40
359.40
362.00
378.00
419.20
381.00
384.00
370.72
373.40
378.52
366.40
351.72
379.72
407.40
404.20
392.92
338.52
357.40
378.80
368.20
363.20
369.80
357.20
363.20
395.72
375.12
384.32
395.60
396.12
397.92
421.80
381.20
375.40
364.32
377.52
378.40
362.52
370.80
422.72
372.80
364.20
368.60
373.12
367.80
372.40
386.72
354.60
380.20
403.20
397.00
380.52
408.40
389.72
414.60
411.00
364.60
370.20
388.32
373.40
360.80
364.80
391.12
369.00
396.20
366.40
380.80
378.32
380.60
402.60
390.80
380.40
401.80
438.12
399.40
392.20
377.40
392.12
362.60
386.72
397.80
365.40
372.00
363.92
357.72
363.92
370.72
381.00
389.32
401.72
383.92
395.40
382.00
373.20
388.32
369.32
397.12
378.40
391.60
397.12
352.20
331.92
388.32
387.32
359.80
369.52
371.80
445.52
359.92
384.32
377.00
384.40
376.00
384.52
402.92
376.12
383.60
359.20
375.00
366.12
383.32
374.80
385.20
352.72
352.52
364.20
388.52
367.60
376.12
386.52
381.00
389.60
3