Measuring voltage and current with INA219 ...
601.52
489.32
544.80
462.32
480.80
469.00
434.60
431.12
473.92
450.80
404.80
380.40
407.32
392.92
388.32
395.92
397.52
417.92
430.00
450.60
451.12
407.00
383.92
374.12
405.12
405.20
403.00
417.32
351.80
394.00
406.92
393.00
376.20
395.52
388.60
374.20
410.52
439.12
367.00
398.12
395.00
438.92
437.92
432.00
426.20
391.20
432.72
373.32
395.32
425.80
362.92
414.00
411.60
459.20
410.12
429.20
390.12
411.92
415.92
377.12
400.60
398.80
376.52
355.20
382.72
403.80
430.12
366.40
379.20
426.20
366.32
397.72
595.32
574.32
576.92
586.72
604.92
568.20
364.72
387.92
375.20
394.52
390.12
397.20
438.60
395.60
401.40
434.60
378.32
371.32
369.32
378.12
350.20
347.12
363.92
340.12
395.92
394.80
393.92
383.52
377.00
389.12
409.80
367.32
385.60
417.52
363.12
375.72
430.00
395.12
366.52
377.40
357.32
366.00
390.32
386.72
410.92
376.92
388.32
398.00
399.52
395.60
496.80
369.00
377.72
360.40
361.92
362.60
352.52
386.20
391.80
384.32
373.20
354.60
361.20
381.20
387.32
408.60
386.60
345.52
386.12
375.40
383.12
387.00
390.12
366.60
401.20
411.00
392.60
390.72
360.20
368.20
366.20
372.60
356.40
447.40
443.80
392.92
387.72
380.60
387.32
379.20
380.52
386.92
386.20
387.00
402.92
382.72
443.12
393.60
380.72
385.32
350.52
382.32
347.80
398.00
383.12
377.00
347.20
401.92
409.72
386.32
384.12
394.60
350.00
363.72
394.80
377.00
377.52
401.12
411.72
378.32
372.12
371.12
405.72
365.00
384.52
442.52
441.40
400.52
369.72
349.20
380.80
398.60
358.80
397.60
399.52
377.52
377.12
384.20
370.80
352.20
358.20
381.72
373.92
373.32
390.72
383.92
386.72
399.80
386.52
388.72
369.60
410.32
401.80
383.60
385.80
351.72
325.80
383.12
389.32
352.00
370.92
393.12
361.40
373.20
395.20
383.32
408.60
359.40
359.32
377.12
402.40
401.40
405.00
349.80
394.52
391.72
371.52
380.00
360.80
378.32
377.92
378.80
348.20
391.52
367.20
403.52
433.40
405.12
368.92
378.12
378.12
392.92
386.32
454.00
416.20
373.32
392.92
456.32
400.60
393.52
440.00
384.00
372.72
418.60
433.80
478.00
386.52
379.52
395.60
387.20
415.52
392.32
375.40
385.52
400.60
389.92
414.40
379.92
377.72
349.00
441.00
374.52
383.00
353.40
363.80
382.80
385.20
390.52
388.40
384.92
427.40
457.32
492.00
508.92
502.20
487.20
461.00
460.60
454.20
414.92
446.60
422.80
413.60
443.60
418.60
390.00
451.20
507.72
444.52
386.60
402.72
370.52
362.12
421.72
438.40
375.72
364.92
385.52
385.20
354.60
380.60
399.52
379.92
431.40
383.80
380.80
419.52
363.92
342.92
352.20
383.32
362.12
434.40
378.52
387.80
371.20
387.72
380.60
365.00
363.72
365.52
360.80
355.12
373.92
364.52
372.92
382.00
393.80
431.52
457.72
374.40
377.72
386.20
388.20
391.20
340.92
374.72
400.12
371.12
371.92
358.00
349.20
366.80
360.60
382.40
424.40
378.92
379.12
423.92
381.92
391.00
390.72
390.60
354.72
397.92
367.32
384.32
352.52
374.32
346.72
379.40
391.20
452.80
359.20
391.80
391.60
393.80
390.00
381.20
361.20
386.00
382.60
407.60
398.92
397.80
379.60
368.20
383.32
389.72
358.80
365.00
388.60
354.92
381.60
402.92
361.00
378.32
450.00
382.40
430.40
438.60
403.60
422.92
406.80
414.20
426.32
408.20
446.72
406.52
391.40
372.72
389.72
382.20
403.52
436.20
398.20
404.60
374.60
423.20
358.72
479.00
439.32
438.72
375.52
402.80
371.40
360.72
386.92
355.12
374.52
383.60
380.00
391.80
398.40
338.80
389.32
406.92
373.52
381.12
395.60
391.20
394.00
417.80
407.32
413.80
402.12
407.72
401.20
371.92
385.72
426.72
430.60
395.00
398.60
412.72
414.80
354.12
418.60
396.92
439.52
388.40
399.20
384.92
441.52
415.40
388.12
375.92
377.12
463.00
402.52
415.80
385.92
389.60
371.20
413.20
454.52
375.20
384.12
360.40
374.32
419.60
399.12
385.92
419.20
354.20
373.12
391.52
391.20
382.60
391.40
367.00
374.80
365.12
375.40
405.00
360.52
383.52
399.52
381.40
384.60
391.00
360.12
382.32
416.52
385.40
376.92
330.12
381.00
411.72
417.52
377.20
383.40
371.32
367.00
389.52
361.80
354.40
358.40
383.12
400.92
382.00
376.60
386.52
411.80
392.00
408.60
380.40
383.00
368.32
379.20
389.60
370.00
364.20
389.40
373.92
380.00
379.72
391.40
380.52
408.72
375.92
359.20
370.72
426.92
413.00
359.12
410.40
392.60
366.32
371.72
381.92
356.32
386.72
381.20
390.72
394.40
376.12
399.32
385.52
388.12
371.12
401.80
353.60
384.80
456.92
392.92
374.72
357.52
326.32
355.32
368.52
378.52
381.52
335.72
384.12
367.92
382.52
423.92
390.92
374.92
368.40
381.40
382.52
400.60
379.20
380.52
371.80
402.12
365.20
369.20
372.52
424.52
405.00
472.40
429.20
411.12
514.40
438.40
423.80
421.40
552.40
428.60
425.00
450.00
445.72
426.92
404.20
432.52
442.12
420.40
425.40
429.60
4