Measuring voltage and current with INA219 ...
787.80
787.00
787.40
787.40
787.20
787.52
787.80
787.72
788.60
789.12
787.12
789.00
711.00
710.12
709.72
709.80
706.72
695.20
713.72
708.32
762.32
774.52
787.32
785.60
785.92
809.72
810.92
810.00
810.20
810.92
809.80
809.52
808.80
808.52
811.32
811.40
811.20
811.32
793.52
716.52
714.40
713.20
712.92
765.40
768.80
754.60
708.60
710.00
806.20
810.60
808.00
809.20
809.40
810.40
809.72
809.52
809.32
810.60
790.80
789.60
786.80
788.20
726.72
786.20
786.72
713.32
709.32
711.12
710.40
704.80
755.80
742.20
721.12
699.12
707.52
786.72
785.32
787.52
787.40
787.32
787.80
787.72
785.52
787.40
787.72
786.32
786.32
787.52
787.92
786.20
786.72
807.00
714.00
713.80
712.80
713.80
714.92
710.20
664.72
665.40
680.72
803.52
807.52
810.52
810.40
810.52
811.32
810.00
809.52
809.92
809.52
710.40
810.00
810.60
809.60
810.12
809.60
809.92
726.60
716.20
714.52
713.00
701.92
688.52
667.00
665.32
705.40
689.52
811.92
813.60
817.92
820.32
818.80
820.12
821.52
816.20
820.40
820.40
822.60
821.92
822.40
821.92
821.60
822.12
823.00
715.12
711.12
711.52
706.80
708.72
666.20
664.00
709.92
691.80
726.12
813.52
816.32
818.32
811.20
810.40
809.72
811.20
810.32
809.32
809.12
809.72
808.92
810.00
810.52
809.60
810.52
810.60
717.60
716.00
713.60
712.80
665.52
711.52
681.32
694.92
725.80
804.20
809.80
810.20
809.60
811.12
812.80
809.20
810.40
810.60
809.12
762.72
820.20
737.20
820.12
820.72
822.52
823.52
823.72
711.92
709.80
708.80
663.60
666.32
674.32
690.60
724.80
695.92
814.32
816.20
818.32
818.32
818.80
821.40
822.40
820.60
822.40
821.72
737.20
711.60
708.00
709.00
734.32
708.40
720.20
704.52
696.92
664.92
801.60
802.80
805.52
806.32
806.32
808.12
808.40
810.92
809.00
810.60
810.00
809.12
808.60
808.80
809.00
809.40
809.80
705.20
703.72
704.80
699.40
705.72
695.32
665.40
700.80
668.60
695.40
800.72
802.52
806.52
808.72
806.92
787.80
787.32
787.40
788.00
788.20
787.72
786.12
786.72
787.00
787.92
789.12
788.92
711.52
710.20
709.72
660.12
677.92
708.00
714.32
703.20
760.00
782.92
787.52
785.40
786.00
786.92
789.00
787.80
787.20
786.92
786.12
786.40
808.40
809.40
811.60
810.12
809.60
809.72
720.92
713.92
714.32
714.40
712.52
689.92
716.40
741.00
770.80
707.60
808.72
809.20
808.60
810.32
809.60
810.00
810.12
810.52
810.80
808.12
809.32
810.72
810.52
810.80
810.40
810.92
810.40
711.92
711.80
712.00
708.60
761.52
707.12
744.12
710.60
701.40
779.92
786.00
788.60
785.60
787.92
787.32
787.32
786.60
787.92
786.32
787.20
787.32
786.72
789.32
788.92
788.00
786.40
789.52
711.40
712.00
712.32
708.72
713.20
741.40
759.40
705.20
754.72
808.12
810.20
810.12
809.52
810.00
811.52
810.00
811.20
811.20
811.72
810.00
810.20
811.12
808.92
809.40
811.12
809.20
718.60
715.52
713.52
712.40
709.12
757.40
737.40
726.12
690.92
711.72
809.40
808.40
810.32
702.12
819.52
822.52
820.52
821.32
822.52
821.80
822.20
822.20
821.80
823.20
809.52
822.80
822.80
713.20
711.00
710.72
708.32
755.40
706.00
714.20
679.92
666.92
807.92
813.60
817.72
819.20
817.40
822.12
821.52
822.12
822.40
820.00
823.00
810.52
810.72
810.20
811.12
810.92
809.12
739.32
716.92
714.12
711.92
714.60
740.40
717.12
690.52
711.52
665.40
806.00
808.72
809.40
810.20
809.52
812.40
811.00
810.12
812.52
810.00
810.32
810.60
810.12
811.40
810.12
811.52
809.80
715.00
710.20
712.52
711.52
710.20
659.20
673.80
711.32
715.40
743.32
786.72
786.72
786.32
777.52
787.12
787.72
786.72
786.12
785.40
785.72
786.60
786.52
787.52
786.32
697.52
788.40
785.40
709.32
711.12
710.52
710.00
659.40
708.60
695.00
699.32
743.72
806.00
809.12
809.72
809.00
810.32
809.80
809.20
809.40
810.80
809.32
810.92
807.12
810.32
812.00
810.52
809.40
811.72
720.60
716.32
714.92
713.60
663.32
675.40
692.00
716.60
749.00
706.52
808.40
808.40
809.92
809.52
810.00
817.00
820.12
820.12
820.40
822.00
822.92
822.12
811.00
823.52
822.40
822.12
822.80
713.20
711.92
711.32
708.40
736.32
700.20
755.00
706.60
733.00
800.40
814.20
817.52
818.32
819.12
821.12
822.40
821.32
821.80
822.92
823.20
818.32
810.52
811.72
809.20
810.40
810.52
799.52
715.52
715.00
712.72
712.32
761.92
770.20
758.40
709.92
715.20
806.80
808.72
810.60
809.00
809.20
810.00
810.52
810.80
810.60
811.12
810.80
809.72
809.60
811.12
810.12
810.40
809.00
787.00
712.80
711.00
710.40
705.80
758.72
746.60
725.00
703.00
708.12
785.72
787.20
787.32
785.92
786.80
782.52
786.60
788.00
787.80
787.92
786.80
785.52
788.20
787.80
787.40
787.00
762.72
712.80
710.32
710.00
710.80
717.72
703.52
755.60
711.92
757.32
793.72
808.80
807.72
809.00
809.80
810.80
809.72
811.60
810.20
809.12
810.20
717.12
713.52
713.00
713.32
718.40
724.60
675.92
766.80
712.40
709.00
808.40
809.92
810.92
811.00
810.12
810.80
810.12
810.12
809.72
810.32
787.52
820.32
820.80
822.32
821.40
822.20
821.40
712.60
709.72
707.92
705.12
712.72
708.00
663.52
662.40
677.00
809.12
815.12
816.12
816.92
817.92
820.00
821.12
821.60
821.52
821.72
819.52
820.32
821.92
822.52
822.20
822.40
821.40
718.72
714.92
714.40
714.72
665.32
682.40
701.60
727.60
758.80
707.40
809.00
810.20
809.60
809.60
809.60
812.20
810.52
809.80
810.32
809.40
811.40
809.72
809.60
811.32
810.12
809.00
809.72
715.20
714.52
712.32
712.92
710.60
696.00
727.00
708.32
754.60
781.52
813.12
817.20
817.80
819.52
821.00
821.32
820.32
821.00
820.80
819.92
822.92
821.92
821.40
822.40
823.20
823.80
822.52
712.20
710.72
710.00
708.72
691.80
725.20
736.32
697.52
750.72
812.72
814.40
817.80
818.80
818.72
808.80
808.92
809.32
809.32
807.92
808.60
809.32
809.00
809.00
809.80
809.00
808.32
706.40
700.80
699.52
700.00
690.40
739.20
730.92
717.12
699.80
694.72
801.72
803.72
804.40
806.00
806.12
806.80
810.40
809.52
808.60
810.60
808.80
805.92
787.12
788.72
788.00
786.40
789.80
711.40
710.40
710.60
711.72
756.92
708.20
708.72
691.80
670.72
779.20
786.20
787.60
787.52
787.72
785.32
787.60
787.00
787.32
785.60
787.32
787.12
786.80
786.32
787.72
788.80
787.00
728.00
714.52
712.80
713.32
712.20
750.92
731.60
705.80
710.72
664.40
806.52
810.12
809.80
808.72
808.80
810.92
810.72
810.32
809.32
809.72
810.40
810.40
810.00
810.00
808.80
810.32
809.80
717.12
715.52
715.60
712.40
712.72
663.00
670.00
710.60
704.72
735.12
786.92
786.92
787.12
787.72
785.60
787.20
786.32
788.00
788.20
786.72
742.80
787.60
786.52
787.40
787.80
787.60
787.60
710.72
711.20
710.00
706.40
657.12
707.92
681.52
696.12
728.40
783.32
786.72
786.60
787.20
784.92
784.52
809.32
810.20
811.32
809.60
809.52
810.92
811.12
809.92
809.60
810.32
809.80
722.60
716.92
714.80
711.72
660.92
668.40
683.40
705.00
735.80
707.12
807.60
809.20
810.12
809.52
811.40
809.40
810.32
811.32
811.12
810.72
808.72
808.60
809.60
808.12
807.80
810.40
810.72
720.00
715.20
714.12
713.72
712.32
684.00
732.12
713.20
760.32
780.32
809.12
810.20
809.32
808.80
809.60
810.72
810.40
811.00
808.92
807.72
810.00
810.12
809.12
810.60
810.92
811.12
809.12
716.52
715.80
713.00
712.52
750.20
772.12
763.12
707.52
724.80
805.40
809.40
811.32
809.00
810.12
810.32
810.92
810.32
809.12
812.12
808.40
809.52
809.20
809.20
811.12
811.72
810.20
793.52
715.80
715.20
714.40
705.60
769.20
764.32
739.00
724.52
705.92
813.60
817.00
818.52
819.80
820.40
821.92
820.92
819.80
822.60
819.40
823.60
823.52
824.32
823.20
822.40
823.00
823.00
716.00
711.00
710.20
708.00
765.72
700.32
739.40
703.72
700.32
804.40
816.60
817.60
819.20
818.32
820.92
808.92
808.00
808.20
809.20
809.72
809.32
811.32
810.20
810.12
810.00
810.12
809.92
706.12
700.80
698.60
702.80
738.12
736.32
713.32
695.92
669.20
800.32
802.60
804.00
807.52
805.92
807.80
806.20
810.00
809.40
809.72
810.20
703.20
711.60
710.80
700.92
703.52
743.00
762.52
707.40
712.12
785.12
786.72
786.32
787.72
787.80
785.72
787.92
786.80
788.00
787.12
786.52
784.92
787.40
786.12
786.92
786.40
788.32
715.72
711.32
712.12
711.32
701.92
738.92
707.40
753.20
681.32
710.40
808.12
809.00
810.60
809.40
809.52
810.72
811.00
812.12
808.72
809.60
809.80
810.12
808.92
809.52
810.40
811.12
811.00
714.52
714.32
711.80
713.52
756.52
709.60
709.12
676.80
664.72
803.00
809.80
810.80
811.12
809.00
805.40
787.72
787.92
786.40
787.80
787.40
786.32
787.80
786.12
787.12
787.92
788.00
720.72
710.72
710.40
711.00
710.40
719.32
698.20
672.52
706.12
664.80
786.32
786.32
786.52
788.80
786.72
786.72
788.52
787.52
787.20
787.12
786.52
806.20
808.92
809.80
810.60
810.52
810.60
716.40
715.52
713.60
713.60
711.12
707.32
681.80
716.60
670.32
710.52
796.12
809.00
810.20
809.52
809.72
809.32
810.12
808.52
809.80
809.52
809.20
749.20
809.60
810.60
810.72
809.32
809.52
659.60
709.00
706.20
707.00
665.52
706.52
691.52
691.80
737.60
811.20
815.20
816.80
817.60
819.12
820.72
820.92
821.32
821.92
820.72
823.80
821.72
822.52
823.00
822.00
823.32
822.72
720.92
711.80
709.40
709.12
662.40
675.72
691.12
713.60
756.20
707.80
809.00
805.20
810.40
810.80
809.72
811.20
810.00
810.60
811.32
810.32
810.72
810.92
811.52
809.52
811.00
811.32
810.00
717.92
714.00
714.12
713.20
710.00
697.40
725.60
712.40
766.80
788.12
810.00
810.52
810.52
811.12
809.00
819.60
821.20
820.32
820.32
821.92
821.40
823.80
822.92
822.92
822.40
822.80
803.20
714.12
712.80
709.20
708.32
757.00
761.52
740.52
705.32
703.00
813.52
814.80
818.32
817.72
819.32
820.20
821.52
821.40
820.32
821.12
823.92
822.72
812.32
811.92
811.00
812.60
811.32
779.72
708.00
700.40
699.32
691.00
737.72
727.20
716.40
700.00
694.52
801.32
803.80
806.32
804.40
808.20
807.40
809.32
809.12
809.00
807.40
807.80
809.40
808.40
811.52
809.40
810.12
809.40
706.32
711.52
709.32
707.72
761.72
704.20
723.00
689.72
673.72
808.92
815.00
815.92
817.92
818.80
821.20
819.52
821.20
822.20
821.52
822.12
822.92
823.92
822.72
823.00
822.92
823.20
822.32
714.40
709.40
711.40
707.52
739.60
724.60
700.32
706.12
665.00
808.80
809.00
810.80
809.32
810.60
811.00
809.40
810.32
810.52
811.20
811.20
809.40
810.12
809.52
810.72
809.80
808.00
722.92
716.80
713.60
713.52
712.92
663.00
672.00
714.92
713.72
746.72
808.80
809.12
808.72
809.20
809.12
818.12
820.60
820.32
821.72
822.52
824.12
823.00
823.20
821.40
750.92
822.72
823.20
715.72
710.00
710.32
708.52
666.32
706.32
681.92
691.92
725.40
810.60
815.40
817.12
817.12
818.60
821.12
821.40
821.20
821.32
822.00
816.52
821.40
812.12
811.12
811.20
811.00
811.12
810.60
708.40
705.00
700.52
657.52
666.40
677.12
692.12
726.40
687.00
800.80
801.80
803.52
807.32
806.00
807.40
810.40
809.80
808.12
809.32
809.12
808.12
810.60
808.80
808.12
808.40
808.80
707.72
705.00
705.80
711.32
710.60
690.40
714.20
709.00
758.72
772.92
784.72
786.60
787.20
788.00
787.52
788.92
786.60
786.92
787.20
786.60
710.52
708.92
711.20
710.20
697.20
745.32
759.32
711.80
710.92
716.60
786.52
787.20
787.92
787.00
784.60
808.52
809.52
809.12
810.80
810.12
810.92
757.72
808.12
809.60
809.20
809.12
809.12
717.20
715.12
713.60
713.40
683.72
708.52
667.72
683.60
707.12
806.52
809.80
810.80
809.52
809.32
809.92
811.40
807.60
810.40
810.80
810.80
807.80
786.52
787.32
785.92
785.80
787.52
714.72
708.92
708.80
710.72
679.40
703.40
726.12
750.20
762.52
705.52
785.80
786.72
785.72
788.80
789.20
788.80
786.52
788.32
787.32
788.40
786.12
786.20
787.32
782.00
787.40
787.52
786.92
711.00
715.80
713.80
714.40
717.20
704.60
754.72
713.12
759.92
794.60
807.80
809.60
809.20
809.12
809.72
810.32
811.52
810.80
810.40
809.20
810.72
809.00
809.32
811.20
810.80
810.12
763.60
715.20
716.20
713.72
713.00
763.00
749.00
723.92
710.52
670.20
808.60
810.00
811.60
810.20
811.80
811.80
810.32
811.80
810.20
808.60
810.00
809.20
810.40
810.72
700.52
810.52
810.40
718.00
715.00
712.12
713.72
709.12
743.52
720.80
718.92
706.92
711.32
807.72
809.12
810.00
810.12
808.00
811.12
810.00
809.80
810.20
809.12
810.52
810.60
808.80
809.32
809.40
809.60
811.80
716.72
715.72
713.60
714.12
674.20
711.00
673.52
690.32
714.12
807.12
810.00
810.60
809.60
809.80
811.00
811.12
809.12
809.60
810.60
809.80
810.00
766.80
821.32
821.80
823.00
822.80
735.20
709.52
710.20
709.00
709.00
717.32
696.32
666.92
706.80
672.60
813.12
815.92
817.52
818.00
818.00
821.00
821.72
821.52
821.60
821.20
823.20
822.92
823.80
823.52
823.72
821.80
821.92
721.32
711.00
704.00
700.12
698.12
666.12
680.00
699.80
716.60
750.40
800.32
803.00
806.40
806.72
807.20
793.60
809.60
811.32
809.80
808.80
809.80
808.72
809.40
808.92
810.12
809.40
809.60
706.92
704.72
700.32
700.00
669.12
698.52
697.20
689.00
752.72
810.92
815.12
817.12
817.92
816.92
820.92
820.40
820.60
820.32
821.80
821.00
822.20
822.40
822.72
823.80
823.60
822.20
821.92
712.00
710.00
708.72
669.52
687.60
708.00
731.80
765.00
699.80
814.72
815.72
817.72
817.60
820.32
820.20
811.40
810.12
808.92
810.32
808.32
810.52
809.80
809.20
810.60
810.00
809.20
718.20
715.40
712.52
713.52
772.12
708.60
754.12
710.20
706.92
801.12
809.80
810.40
810.12
811.00
810.92
809.80
809.40
810.80
810.52
809.12
810.40
809.52
821.00
821.20
822.20
823.72
823.00
712.80
710.60
707.52
707.80
755.40
750.32
725.80
704.92
679.20
815.20
815.12
818.60
818.00
819.00
819.92
820.80
823.40
757.40
821.12
822.00
823.52
823.52
824.12
824.00
823.32
822.92
766.32
713.20
704.72
703.52
694.92
733.72
719.00
710.52
680.52
695.12
801.92
802.00
805.72
807.52
807.80
807.20
808.72
810.40
809.52
810.80
809.80
810.12
810.12
798.72
802.40
809.80
810.12
705.80
707.72
704.60
700.60
682.32
697.00
662.12
669.52
684.92
799.12
801.20
805.32
807.32
806.40
807.20
808.52
809.40
810.40
810.52
810.12
808.92
808.92
811.12
809.40
809.32
811.60
810.00
708.12
702.40
698.92
673.60
662.80
663.40
672.00
701.80
685.52
798.72
804.72
804.80
806.80
807.60
807.72
807.20
811.52
810.60
811.40
796.60
717.60
714.80
712.72
712.00
665.32
768.52
755.40
709.72
698.32
807.12
810.20
810.72
812.20
810.92
800.12
810.80
811.12
810.32
811.32
810.20
810.12
806.72
810.00
811.40
811.00
810.80
718.40
715.60
714.60
713.80
693.80
719.60
746.40
767.32
767.80
708.92
809.40
810.72
810.52
810.12
810.92
810.32
811.80
810.80
810.20
809.12
809.00
810.52
810.32
811.80
810.40
809.40
810.20
715.60
715.72
712.40
713.92
771.00
707.32
734.00
699.12
682.12
772.12
814.00
818.32
819.32
818.72
819.20
822.20
820.80
821.32
820.40
822.80
823.40
822.40
822.52
824.12
822.60
822.12
758.72
710.60
708.12
710.00
708.20
746.72
733.00
708.20
708.72
663.12
814.72
816.12
817.40
818.80
820.72
821.32
811.40
808.92
810.12
810.00
810.52
810.40
809.80
811.20
810.40
810.72
810.80
716.72
715.40
715.60
712.52
709.00
733.72
709.00
715.72
663.52
711.12
808.80
810.60
809.72
810.32
809.20
809.20
811.32
810.12
810.32
811.32
811.20
810.00
818.80
821.20
820.60
824.12
822.52
714.52
711.32
710.72
708.00
668.12
706.52
674.92
687.00
712.60
811.92
814.80
817.52
818.80
818.60
819.80
821.32
820.80
822.12
822.40
823.60
823.92
822.92
822.20
822.20
823.40
822.92
822.72
714.00
708.80
700.12
660.52
663.32
669.92
681.60
716.72
686.92
800.00
800.72
803.00
805.60
807.80
808.80
808.92
808.52
809.00
808.40
808.20
810.12
810.20
809.72
810.00
809.52
811.32
709.00
701.80
700.32
703.12
699.12
668.60
679.92
699.00
718.40
751.20
814.72
816.72
817.00
817.20
818.80
821.32
822.32
821.60
821.92
822.40
822.40
822.40
823.80
823.40
822.72
822.00
823.92
715.52
710.52
709.80
708.52
673.72
707.80
706.32
693.80
754.32
814.12
814.72
818.32
818.72
818.32
821.20
810.92
811.60
808.72
809.60
811.00
810.80
810.92
811.00
811.92
811.92
809.40
802.00
716.72
717.12
713.60
706.12
767.32
767.20
754.72
731.40
709.92
810.40
809.80
810.72
811.32
810.80
809.40
810.40
810.72
810.12
810.00
809.12
810.52
730.12
821.80
822.12
821.40
823.32
717.40
712.12
711.12
709.12
764.72
700.52
745.72
707.92
707.40
804.12
814.40
815.72
818.20
818.32
819.32
819.92
821.20
822.20
822.20
823.40
824.52
823.92
823.40
823.00
823.92
824.12
822.92
713.12
710.72
702.52
701.32
741.40
742.40
718.32
695.72
680.80
800.40
801.72
802.52
806.32
807.12
807.92
809.80
809.80
810.12
809.20
810.12
810.32
810.12
810.60
811.00
809.72
810.20
721.92
702.00
700.72
700.12
697.20
686.40
664.00
699.92
670.60
699.00
799.80
816.12
816.12
818.60
818.52
819.92
819.72
821.40
822.00
823.52
822.40
823.92
823.52
823.92
823.32
823.20
822.60
715.12
713.00
709.32
708.12
696.32
708.20
662.80
670.40
690.60
810.32
814.92
816.92
818.32
819.92
820.72
822.32
820.92
822.20
823.20
822.80
822.92
823.32
823.32
824.60
823.32
822.92
821.80
713.80
711.20
710.60
684.32
668.60
665.60
672.72
707.32
693.32
811.32
815.12
817.72
819.40
817.40
820.80
821.20
822.00
821.20
821.60
822.52
824.32
823.60
823.60
821.92
822.60
822.72
717.72
710.72
710.00
708.92
708.12
693.80
728.00
707.80
754.12
701.20
813.60
797.92
817.60
820.40
821.92
820.32
821.72
822.72
822.32
824.20
713.52
710.00
710.60
708.52
741.92
697.00
687.32
745.72
708.12
709.12
801.20
803.72
805.92
806.12
807.20
806.80
809.00
810.12
809.52
811.80
809.80
810.12
810.40
808.92
809.80
810.92
809.20
707.92
700.92
702.32
701.40
662.00
696.60
675.80
683.12
710.32
799.60
803.40
804.40
806.52
807.12
809.92
807.72
809.12
810.60
810.80
810.92
810.40
810.72
809.40
810.52
810.00
809.80
723.32
716.00
714.80
712.00
659.92
672.12
689.92
712.40
693.80
706.80
809.00
810.12
810.40
810.92
809.40
810.40
811.92
810.80
808.92
810.52
810.52
811.12
808.52
821.72
821.92
821.00
824.72
719.00
711.92
709.72
708.92
708.80
680.80
700.92
707.52
749.72
775.40
813.72
817.60
818.60
819.00
822.00
821.40
821.20
821.92
820.60
823.72
822.20
822.92
822.72
822.60
823.00
823.92
823.72
714.40
711.32
714.60
713.60
690.12
723.92
738.92
705.60
766.52
807.00
810.12
810.20
808.12
810.20
812.40
811.12
809.00
811.32
809.60
810.60
810.92
810.20
810.20
812.72
809.12
809.00
785.40
717.20
715.60
713.92
707.32
768.60
757.32
738.72
716.60
710.20
809.20
816.52
817.92
818.52
819.60
805.20
821.52
820.40
822.40
821.52
824.00
823.72
823.32
823.92
823.20
822.60
824.52
717.72
712.12
710.00
707.32
767.32
703.80
732.32
698.00
690.32
806.12
814.00
818.00
817.80
819.40
821.52
821.32
810.60
810.00
809.52
811.20
811.32
810.12
809.20
810.72
810.00
810.40
811.12
707.20
701.40
700.20
703.92
736.80
728.60
704.72
696.60
663.40
801.80
802.72
803.60
806.12
805.60
807.60
807.00
808.92
809.80
809.32
811.12
809.52
810.80
811.80
810.92
810.20
788.32
727.20
710.40
709.00
711.00
708.32
725.60
719.20
712.00
706.00
708.52
786.12
786.60
787.00
787.12
786.72
787.60
786.20
787.32
789.52
785.52
786.72
785.92
787.12
784.92
786.92
787.20
788.20
712.80
709.32
708.72
711.72
672.52
711.32
675.60
693.12
716.52
805.60
809.52
808.60
809.00
810.12
809.20
810.52
809.72
811.40
811.00
811.52
810.32
810.92
811.00
809.40
783.60
744.60
808.72
716.52
714.80
713.40
669.72
665.92
675.12
693.72
726.92
704.20
785.80
787.20
785.12
785.20
786.72
787.00
786.72
787.12
786.20
786.40
787.52
787.60
788.72
788.40
786.92
785.80
785.52
716.60
711.72
710.40
710.40
707.52
673.12
691.92
710.72
736.40
762.20
787.52
786.32
787.52
787.72
787.72
788.92
804.52
807.92
811.92
810.60
810.92
810.12
811.32
808.80
810.32
810.92
809.20
717.80
716.00
714.40
713.80
735.80
766.32
768.20
708.92
737.80
799.32
808.60
811.12
811.72
811.12
812.72
812.20
810.92
810.32
809.00
810.72
812.12
809.12
808.60
820.32
820.52
823.52
754.12
710.80
710.52
708.40
703.52
736.52
718.52
715.80
670.12
662.12
814.12
815.52
818.72
817.32
820.72
821.00
820.12
821.52
820.12
822.12
821.72
822.40
822.92
796.60
823.00
823.00
823.32
714.52
711.20
711.32
713.52
763.12
709.72
759.92
712.80
727.32
709.92
808.40
810.52
808.92
810.40
810.00
810.20
810.52
809.80
810.00
811.40
810.20
810.80
809.40
812.40
811.32
810.52
810.40
717.72
713.80
713.60
715.72
725.52
701.92
673.32
711.40
670.20
806.12
814.32
816.60
818.52
818.92
820.92
821.20
822.20
822.00
821.40
822.12
712.00
710.80
710.72
710.00
738.20
721.52
742.72
696.52
711.92
811.92
815.40
818.72
818.52
820.52
819.72
820.60
821.32
821.20
821.20
822.60
822.12
823.00
821.72
812.32
812.72
811.32
711.32
703.60
703.52
702.32
679.12
697.80
718.40
737.80
746.72
690.80
800.92
803.92
804.00
805.92
807.00
809.00
809.40
775.32
808.60
809.12
810.00
810.92
809.40
808.80
810.12
810.40
810.60
708.00
705.32
705.80
701.20
710.60
704.52
760.20
710.20
738.52
778.40
786.32
784.80
785.72
787.52
787.92
785.12
786.92
784.60
787.12
788.00
788.60
787.00
787.00
787.32
788.00
785.80
787.52
711.00
710.40
711.20
709.20
737.20
763.60
7