Measuring voltage and current with INA219 ...
407.80
395.60
378.60
386.92
378.60
383.40
440.72
379.32
415.32
397.92
414.60
392.32
401.12
394.72
396.52
405.40
389.92
379.32
401.92
411.40
382.00
377.12
410.92
400.40
398.72
428.12
419.92
387.92
395.52
398.20
414.92
357.32
372.32
428.12
402.12
393.52
398.32
403.00
383.92
445.72
425.60
392.40
391.80
391.40
373.00
388.60
388.12
396.52
396.80
391.52
408.20
403.52
407.72
392.60
407.60
407.52
404.92
377.92
400.60
410.00
409.92
409.52
388.92
412.52
389.32
435.60
403.32
400.20
393.80
406.40
423.52
401.12
467.72
472.00
402.60
396.72
389.00
408.60
391.80
390.40
373.92
387.92
374.20
403.52
408.60
389.80
420.80
376.92
378.20
399.60
408.12
386.20
401.60
401.80
390.92
405.20
374.00
399.52
391.40
396.72
399.00
395.52
377.40
405.12
398.52
414.80
452.32
386.00
382.00
373.52
425.12
485.80
395.92
389.40
422.40
399.20
380.52
408.80
391.20
395.40
393.00
385.60
428.52
391.32
391.80
409.92
376.32
411.72
404.60
391.92
389.00
399.80
390.20
394.40
390.92
394.92
410.32
405.52
374.00
425.20
417.92
378.32
391.80
401.80
390.60
380.52
390.12
417.60
400.52
455.52
447.32
398.92
385.72
408.32
392.80
434.12
391.32
393.00
393.00
406.92
392.72
413.52
382.92
401.00
382.32
401.20
403.12
361.80
382.00
428.12
411.92
400.20
456.60
449.52
371.72
407.00
389.72
409.32
390.40
391.32
396.72
390.40
391.32
404.12
406.80
378.32
419.72
384.40
390.32
380.32
384.72
372.52
385.80
380.32
415.72
408.00
373.60
408.32
373.12
396.12
410.12
377.12
387.20
394.12
376.20
428.92
433.72
392.92
415.72
373.60
409.92
412.40
388.20
372.92
400.60
398.72
397.32
399.52
392.32
415.52
376.52
401.92
427.20
405.92
393.60
402.72
429.20
376.52
377.52
397.12
400.00
429.72
433.80
432.32
377.32
391.12
384.80
423.52
382.92
449.92
442.40
352.60
377.00
388.52
393.60
372.32
390.52
413.12
376.12
395.60
383.40
385.92
390.20
410.72
389.20
436.60
407.80
392.60
431.80
394.20
407.92
425.32
392.20
422.80
403.60
411.92
453.92
483.92
398.40
399.92
434.20
408.20
451.32
454.20
389.00
389.60
413.00
426.72
423.60
418.00
408.12
403.12
411.00
419.80
399.12
406.80
474.60
467.60
472.52
508.20
501.92
426.60
421.32
428.40
407.60
404.32
370.60
426.80
384.40
378.32
401.80
396.80
396.72
399.32
380.52
406.00
428.40
368.80
394.40
388.12
400.92
406.92
391.00
374.52
377.92
393.92
405.32
399.32
400.12
395.72
384.72
377.32
439.52
393.52
396.60
386.80
375.12
408.60
389.20
393.40
413.32
397.80
374.60
418.20
381.20
404.80
413.60
405.00
373.72
440.20
413.40
398.32
369.32
387.60
410.52
386.72
377.40
427.60
391.92
383.52
419.92
394.60
391.32
425.32
410.92
430.80
410.52
389.12
409.80
385.60
408.92
448.00
404.40
381.72
404.92
401.20
408.12
408.80
406.20
418.00
426.12
424.20
458.92
436.12
385.40
402.80
372.40
396.40
373.20
398.00
395.52
374.12
394.32
402.00
379.12
379.52
411.12
381.12
399.92
402.40
419.80
391.12
392.00
372.00
401.20
391.52
375.72
436.60
395.72
369.72
424.92
393.72
383.92
405.20
398.20
435.12
447.92
391.00
403.20
389.72
413.20
413.52
374.20
391.00
376.72
397.60
393.32
395.20
370.52
385.40
388.40
396.60
425.92
388.72
368.40
384.00
355.00
402.40
384.00
396.92
411.92
395.52
392.32
437.80
397.12
396.12
403.80
382.92
384.92
445.72
431.60
374.72
388.20
366.00
369.00
388.00
424.60
407.60
410.20
393.72
403.52
394.00
427.32
440.52
419.52
495.12
403.40
415.80
436.20
412.12
425.20
420.20
398.60
408.80
421.52
404.72
413.20
393.12
405.60
408.52
421.92
404.00
462.12
438.20
391.80
398.60
358.40
371.20
384.80
400.60
378.52
397.92
396.20
447.92
386.20
409.00
426.72
387.72
404.12
384.32
406.20
383.80
399.20
398.60
387.32
408.52
390.12
429.72
398.60
402.20
388.32
398.00
385.00
405.52
359.00
400.80
439.20
391.52
410.52
399.72
415.80
403.92
400.52
397.80
400.32
399.20
385.00
386.12
398.20
398.60
401.80
385.92
446.72
399.60
398.72
411.60
384.60
387.32
401.20
381.20
388.40
377.12
375.20
428.40
390.00
404.52
420.60
415.92
377.32
448.60
408.60
393.80
396.12
397.40
415.12
386.00
394.32
398.60
406.20
398.00
418.00
398.52
413.80
407.60
393.00
436.00
391.32
413.80
420.92
413.20
423.52
433.40
391.20
406.32
408.00
388.80
425.00
424.40
405.92
438.20
422.40
395.12
455.92
449.52
372.12
406.20
393.20
406.60
378.40
381.00
383.40
383.52
404.00
406.40
394.80
427.12
412.00
410.12
394.32
407.52
457.72
484.00
474.00
448.72
414.20
431.92
423.20
435.60
417.32
423.40
435.80
417.80
419.52
427.12
402.00
444.52
480.12
448.92
438.92
372.20
433.52
414.60
448.32
408.12
430.12
486.40
467.32
449.12
439.80
519.00
462.92
442.92
470.52
438.72
439.60
484.60
480.92
449.40
463.80
588.80
486.20
444.32
434.00
484.52
427.00
451.72
485.00
519.32
501.20
573.92
581.72
432.80
419.40
461.52
479.20
467.40
451.40
452.80
425.52
530.32
715.00
715.00
718.20
521.80
518.72
514.80
500.00
474.00
514.52
505.00
463.60
608.00
716.40
716.72
532.00
538.20
557.80
513.20
517.12
508.12
566.32
520.92
715.20
715.00
713.00
467.12
475.72
528.40
503.32
444.52
456.00
476.80
456.00
398.12
444.52
414.60
449.12
417.00
455.52
449.80
448.60
425.72
446.40
606.40
421.12
391.20
471.12
448.80
378.80
401.40
435.32
400.20
397.72
415.72
395.92
415.92
481.32
444.60
418.00
411.32
423.40
437.92
406.80
491.00
487.60
516.60
491.12
479.12
504.20
449.20
488.72
405.72
447.40
401.60
385.72
423.32
401.72
396.00
379.80
404.32
405.52
414.60
414.72
425.40
408.80
415.72
470.20
441.00
376.52
492.60
452.20
389.00
387.00
395.60
440.80
433.60
392.12
429.52
409.72
393.80
427.80
412.60
407.12
424.20
403.32
454.60
428.80
408.60
427.20
428.60
425.20
433.20
426.40
436.20
431.12
399.32
417.40
427.32
412.60
421.52
417.12
413.40
473.72
470.20
421.20
408.32
395.80
410.72
445.40
417.40
400.32
403.40
415.92
432.92
410.52
422.00
450.80
426.60
428.72
439.52
436.72
457.72
450.52
457.52
412.52
402.60
389.12
420.32
387.72
431.20
409.00
398.72
397.92
393.92
391.80
440.72
457.52
385.12
424.20
379.00
424.92
390.20
376.20
405.00
401.20
392.72
416.92
419.72
456.92
408.52
395.92
400.00
436.80
382.92
405.80
451.40
389.92
413.52
391.00
427.40
413.12
384.72
409.72
453.80
401.40
394.92
412.92
389.20
406.20
460.52
461.52
403.92
403.32
377.32
385.72
418.32
381.52
430.32
403.60
401.32
399.80
406.00
405.40
403.12
419.80
419.60
420.40
399.92
433.52
398.40
418.40
427.00
418.60
399.00
403.32
416.72
409.52
387.60
380.32
386.52
382.12
376.80
464.92
462.00
409.32
407.40
383.60
433.12
397.12
398.20
399.52
382.60
382.00
394.92
384.92
407.52
410.32
383.92
396.80
400.60
396.52
393.60
401.52
403.00
398.20
389.60
385.32
405.52
415.12
378.92
395.52
431.60
389.80
400.20
403.52
403.00
439.32
417.52
383.80
379.12
427.60
422.32
399.52
412.12
405.20
406.92
371.12
385.72
418.00
408.20
414.80
403.60
434.32
410.52
418.80
405.72
406.12
402.32
383.52
398.80
409.92
385.92
383.80
409.60
384.60
386.92
429.52
386.92
414.00
454.20
430.20
396.20
384.12
404.72
396.32
410.32
405.52
426.20
384.72
413.72
433.20
394.00
392.60
397.32
431.52
428.52
422.00
415.12
437.40
394.72
416.32
438.40
395.60
406.92
395.52
396.40
416.12
411.32
387.60
424.12
391.72
412.80
441.72
448.20
391.32
423.60
417.72
399.32
409.12
380.00
388.72
399.52
382.12
423.92
403.72
417.40
430.72
413.60
386.20
409.32
386.92
395.12
398.40
399.00
395.52
389.32
383.12
420.80
403.60
399.80
438.20
384.72
393.40
388.32
403.12
450.80
441.72
379.40
391.80
389.92
418.80
390.32
383.52
399.80
412.60
387.92
408.12
403.12
401.20
383.00
417.52
383.40
427.00
398.72
383.32
443.72
417.40
407.60
424.40
404.40
360.00
384.72
399.20
428.52
389.80
404.20
407.92
406.32
405.40
436.40
474.32
399.40
399.60
398.52
399.40
414.00
396.80
425.80
379.72
412.72
406.72
386.60
401.52
407.80
418.60
419.52
385.72
421.40
423.72
424.40
429.12
423.52
397.12
406.60
406.20
388.40
388.52
415.32
420.00
469.52
431.12
416.32
476.20
480.72
392.92
396.72
368.20
415.40
402.12
379.00
379.52
402.20
395.00
372.00
401.00
454.72
408.12
387.92
401.72
393.12
401.52
394.60
393.92
396.32
421.20
401.52
382.00
406.92
386.72
403.40
411.52
395.72
403.12
383.00
400.60
459.40
466.92
418.00
394.72
373.80
402.00
406.32
377.52
376.52
397.32
403.40
383.40
408.20
408.00
390.92
397.20
397.52
444.72
394.20
396.20
407.80
461.32
417.00
385.32
373.72
423.92
396.40
398.12
408.00
393.52
398.32
412.40
416.40
423.12
492.12
527.72
492.12
497.20
489.52
481.80
394.52
378.80
407.52
375.40
396.80
419.00
388.60
398.32
420.60
399.92
402.72
389.32
386.72
445.00
411.40
415.12
418.20
395.20
404.60
396.80
416.40
407.72
409.92
386.80
400.00
415.72
396.52
468.72
439.60
382.20
411.12
403.32
408.32
377.52
378.92
383.00
381.12
401.00
409.80
381.12
390.60
418.40
421.32
399.40
388.52
382.00
401.40
395.52
389.52
417.60
383.00
381.20
418.72
397.92
395.12
425.20
379.20
387.92
398.20
398.12
417.40
452.20
385.12
414.00
400.12
422.80
422.32
404.52
395.60
394.60
400.92
381.92
385.80
393.20
378.12
395.92
393.52
413.40
394.72
394.40
400.80
380.00
399.92
394.60
378.12
411.40
406.12
380.12
431.40
399.72
409.52
482.00
404.52
384.72
461.52
465.72
374.92
394.20
378.40
398.12
425.32
376.52
416.20
375.00
398.72
403.40
398.40
391.00
435.72
402.00
402.00
394.60
395.12
414.32
391.60
413.20
431.12
398.20
411.32
386.00
393.80
405.12
393.20
402.52
384.40
388.00
404.80
464.80
460.32
396.80
400.80
388.92
415.20
398.92
392.72
393.32
377.40
401.80
381.20
379.92
413.52
412.52
415.52
383.20
374.72
399.92
388.52
393.92
394.72
417.72
381.32
394.32
417.72
392.40
395.72
386.52
382.20
375.80
394.52
380.40
433.32
465.20
395.72
381.40
391.92
397.12
409.52
394.60
394.80
377.52
404.32
373.40
393.92
401.72
401.32
428.32
374.52
443.80
394.00
391.00
433.00
450.20
393.00
392.32
392.72
401.40
375.80
389.60
417.80
395.00
377.32
421.52
389.32
404.80
462.80
457.00
378.32
403.40
428.12
427.20
425.80
411.00
410.20
398.80
406.92
399.40
396.20
395.12
411.72
391.20
408.80
397.32
410.12
417.60
395.60
407.40
419.20
398.72
401.40
411.32
418.72
406.52
397.60
413.00
421.92
426.52
391.52
439.80
427.72
383.00
418.92
391.00
395.40
397.32
420.72
374.12
397.32
392.40
410.00
394.52
387.12
418.72
400.72
378.00
407.40
401.60
376.72
398.92
392.72
370.00
419.00
400.20
409.60
375.92
383.12
420.72
403.52
396.80
399.12
417.32
438.40
444.20
400.20
407.92
373.00
417.92
404.12
376.72
396.80
413.40
380.00
397.52
394.60
377.40
405.52
377.80
374.72
463.32
402.60
370.32
427.80
378.72
408.20
396.12
382.60
397.20
377.20
392.72
439.12
412.60
396.32
397.60
397.32
374.20
447.80
467.72
388.92
385.12
392.40
384.80
399.80
376.80
398.20
394.80
383.80
375.92
378.32
406.92
420.80
462.12
418.60
393.72
398.92
414.72
391.00
411.60
423.00
409.92
460.60
409.40
410.92
405.60
401.60
384.40
421.32
404.40
401.40
451.72
456.52
396.52
359.00
386.12
377.32
406.92
389.60
408.32
375.32
399.00
379.12
375.60
419.12
415.80
433.92
399.12
380.80
404.80
376.32
395.20
395.00
396.40
404.00
386.00
406.80
356.72
381.60
412.80
378.00
394.92
377.80
377.92
437.52
455.92
403.92
389.00
376.72
379.60
418.40
401.72
376.00
396.20
398.72
416.20
381.32
374.40
393.52
396.80
375.72
407.80
372.20
365.12
423.00
389.60
377.80
392.20
396.20
402.60
388.32
379.52
415.72
379.92
400.12
427.20
393.92
401.60
419.12
418.40
381.60
384.52
386.20
397.32
426.52
393.32
402.52
393.72
353.52
365.32
384.60
407.00
415.20
410.00
466.20
412.12
388.72
432.72
402.72
409.72
424.92
455.60
406.20
434.20
464.80
482.40
480.20
481.40
513.52
533.32
464.80
443.00
444.32
407.40
412.80
407.80
434.12
403.52
426.32
384.60
393.60
390.92
387.92
392.12
400.92
386.80
381.92
395.52
409.12
374.32
393.72
384.40
400.52
393.72
401.92
376.12
417.00
378.92
398.32
430.60
379.80
394.40
419.12
425.40
414.00
461.80
384.80
412.12
396.60
416.40
400.00
376.92
388.72
409.12
380.80
394.80
388.40
402.52
376.32
395.20
396.40
444.12
391.32
393.32
399.72
397.52
399.60
405.12
384.40
393.20
392.80
390.60
444.72
373.60
397.80
404.72
378.52
393.92
449.60
449.20
375.00
390.20
384.32
409.32
405.00
395.72
417.92
374.92
383.60
407.52
407.60
393.60
411.80
394.00
451.52
444.52
396.32
389.12
409.92
390.12
468.40
437.00
398.00
399.60
408.00
420.52
406.40
399.60
382.60
439.00
400.80
457.92
434.12
368.32
387.32
376.52
398.80
377.72
376.12
393.20
398.20
363.32
362.60
378.00
371.52
423.20
391.92
377.52
397.72
414.40
391.92
407.12
379.60
415.32
379.32
395.52
406.32
405.80
393.32
437.20
388.80
387.60
392.00
392.20
414.80
436.20
423.92
355.32
378.52
390.52
380.00
415.52
376.40
395.60
399.20
396.72
391.52
391.52
388.40
375.32
392.60
431.72
375.40
389.52
398.92
375.92
391.52
374.80
374.52
395.92
390.60
394.52
429.72
385.12
374.92
418.80
432.20
416.92
452.20
462.92
372.60
392.80
386.80
410.00
426.92
379.72
381.52
392.80
371.92
417.92
407.32
410.80
421.52
410.80
423.40
408.20
411.40
412.72
412.80
409.80
416.00
403.20
362.20
400.60
382.20
445.20
385.20
407.00
411.32
394.60
409.32
461.12
462.52
405.32
432.60
403.72
415.72
451.92
452.00
422.60
410.80
480.60
452.00
414.92
400.12
440.20
409.32
453.52
485.60
433.20
415.12
438.00
408.00
439.40
415.52
426.00
472.40
408.60
431.52
440.80
406.32
423.12
421.52
429.40
430.80
470.52
393.40
426.32
398.72
417.60
438.00
428.00
412.60
435.92
436.72
401.52
454.12
457.72
450.40
431.92
419.52
491.12
407.52
433.80
437.32
430.52
437.60
404.60
422.32
434.52
410.40
444.40
467.12
419.12
433.60
444.12
432.32
442.00
472.00
503.52
409.60
420.92
423.00
389.40
410.12
413.52
430.12
411.52
431.60
444.52
411.20
395.00
413.20
430.92
405.52
399.60
434.92
409.32
411.12
426.20
429.72
431.32
397.72
404.60
413.72
423.32
421.52
394.32
375.20
390.92
420.32
460.80
475.92
435.72
461.72
426.72
420.00
416.40
397.32
417.52
399.92
413.80
383.72
452.72
432.80
442.92
418.72
390.12
392.32
418.52
398.60
415.32
405.72
408.40
364.80
387.92
410.60
419.00
453.20
425.52
385.32
402.92
392.20
405.80
434.72
431.80
398.60
389.32
375.12
372.32
423.20
412.32
399.52
423.12
379.20
416.32
400.60
381.92
418.32
402.40
383.60
441.60
404.60
417.72
535.12
500.60
469.92
456.72
467.20
441.00
569.32
553.80
575.32
499.40
435.80
473.60
475.00
442.40
481.92
537.52
469.52
420.40
423.60
400.32
461.92
432.92
441.52
475.00
496.72
502.80
447.12
502.60
527.12
491.52
476.40
473.80
459.40
464.80
499.60
488.80
480.00
617.80
494.20
506.72
477.12
482.92
488.32
428.40
466.40
596.40
497.32
591.92
540.52
543.20
508.52
439.40
502.60
515.80
450.60
446.32
446.12
444.12
486.00
465.60
449.00
475.00
457.00
447.52
505.60
474.32
458.00
473.72
519.80
522.92
569.00
553.60
593.80
573.00
524.32
565.60
520.40
450.60
548.40
670.32
466.40
552.72
492.00
521.92
510.20
417.32
527.52
513.92
548.12
532.92
467.00
470.92
551.00
620.72
428.80
442.40
449.80
474.60
429.92
404.40
466.00
425.72
463.52
535.52
506.12
472.80
457.92
459.60
484.92
507.12
645.12
461.60
456.32
441.80
541.60
619.32
505.80
518.80
434.32
466.12
532.92
681.32
490.72
450.52
441.92
556.20
541.52
462.80
451.20
438.40
426.80
555.40
678.80
448.80
465.92
437.52
506.12
513.80
521.92
494.00
452.80
474.20
542.80
594.92
459.72
457.72
510.40
563.00
559.92
671.00
469.60
445.32
421.00
518.32
606.52
428.20
486.80
437.40
464.92
505.00
728.80
456.40
457.32
433.40
540.60
532.32
449.52
425.92
404.12
458.12
519.72
622.72
427.72
415.00
402.52
534.72
441.40
462.92
463.00
421.72
466.92
506.52
705.80
426.20
439.32
402.40
453.00
419.20
433.32
453.20
422.20
419.32
417.92
427.92
410.72
420.20
419.12
471.52
542.32
455.40
444.20
413.60
393.80
473.80
424.20
449.80
439.12
410.12
464.72
443.40
521.80
497.60
515.40
475.40
573.00
473.72
485.20
465.12
428.00
477.32
482.92
426.00
458.20
436.12
426.40
471.20
453.52
411.80
461.52
419.40
463.00
476.72
496.00
431.72
436.52
440.60
479.32
451.20
416.92
458.40
425.92
444.12
463.20
436.80
446.40
463.80
430.00
480.40
482.20
452.40
497.12
425.60
449.92
515.00
445.60
444.32
475.40
453.92
495.72
514.72
500.32
476.72
416.52
419.00
511.92
470.12
666.80
518.32
428.92
440.72
484.80
488.20
452.12
422.52
427.80
494.00
470.32
607.32
528.00
451.00
443.72
529.60
566.32
454.92
480.32
476.00
517.80
487.60
522.32
389.12
400.60
411.00
448.80
594.32
432.52
381.12
401.40
489.00
509.12
508.00
425.72
400.60
411.12
473.92
500.92
438.12
420.72
424.80
470.20
483.92
589.32
492.80
398.92
411.12
450.92
581.32
493.52
396.32
469.00
452.52
452.00
629.40
421.72
414.32
407.12
500.12
500.52
429.72
413.00
383.92
405.60
475.92
605.12
413.12
395.92
407.80
502.00
458.80
445.60
422.12
424.20
451.92
476.92
546.80
449.92
415.72
396.12
486.00
450.80
587.12
437.80
382.00
405.60
461.52
607.92
390.12
397.00
412.12
448.40
492.00
675.40
417.40
415.92
425.00
468.32
559.00
408.72
403.20
417.00
493.60
453.20
683.32
407.72
383.20
382.00
559.12
634.60
402.52
428.20
425.72
470.20
463.32
639.52
436.92
393.80
412.52
505.40
478.32
529.52
391.40
397.12
414.32
422.92
414.60
413.52
402.40
401.80
396.72
418.40
449.92
424.12
424.00
404.80
416.40
410.92
419.80
397.00
419.92
456.80
393.80
385.92
392.00
445.40
429.92
454.80
479.20
402.00
480.12
428.12
394.52
399.72
416.72
428.20
409.80
412.92
422.72
394.92
412.72
415.72
385.12
408.40
390.92
399.20
402.20
380.20
411.80
408.00
400.12
381.92
404.60
416.12
398.72
416.52
397.72
404.52
397.20
409.52
475.00
479.20
402.20
406.80
384.72
421.00
393.72
398.80
399.32
401.52
386.20
395.72
418.40
399.20
445.40
411.32
399.00
441.32
370.20
431.52
403.20
399.52
399.72
402.40
400.20
423.92
380.12
425.40
390.52
405.52
421.20
430.60
420.40
426.32
461.12
411.32
440.72
394.80
395.60
425.60
411.40
388.32
432.80
411.20
386.52
401.00
431.40
413.32
495.32
513.32
570.52
499.72
515.80
510.72
487.20
423.12
418.20
416.00
391.80
394.20
411.12
427.80
435.60
403.00
421.40
395.72
398.80
402.00
424.40
393.20
410.20
405.00
439.40
397.12
412.52
428.32
479.12
433.40
426.72
410.80
411.40
421.92
408.32
380.52
404.32
407.00
391.40
405.20
397.72
419.72
429.40
418.00
425.00
435.12
431.40
421.32
408.40
394.00
443.92
451.00
450.80
467.72
386.40
398.12
404.32
409.60
378.12
395.40
397.72
385.20
380.32
402.12
411.80
411.72
414.80
424.52
401.80
426.40
442.40
414.80
399.40
415.12
407.80
396.52
381.60
414.40
385.20
413.20
432.60
373.32
395.72
412.20
391.00
436.40
461.40
391.92
421.40
401.52
405.32
425.72
422.52
397.20
435.20
393.20
405.80
412.20
521.32
513.52
482.52
437.20
443.12
369.60
390.52
430.72
396.12
477.32
420.40
409.52
424.92
389.60
403.40
446.40
407.60
410.12
417.32
388.00
392.20
450.72
467.52
391.32
399.52
393.20
414.80
408.92
414.92
431.92
420.32
407.20
472.80
425.72
407.20
406.52
383.32
416.92
403.60
399.00
391.40
394.40
379.92
416.40
410.60
402.20
415.80
414.40
396.60
415.80
407.80
414.12
412.32
394.32
447.52
441.00
382.52
435.12
392.20
403.20
394.40
401.52
408.20
399.32
391.32
412.12
415.92
393.60
444.12
438.40
411.00
448.40
417.20
395.52
399.12
406.80
398.92
396.52
382.80
414.12
384.32
412.00
404.32
399.72
411.00
421.00
419.60
395.12
468.00
398.92
396.00
393.40
419.20
433.32
420.12
410.60
383.00
405.92
406.52
390.32
398.00
396.32
400.40
394.52
442.92
417.32
394.52
427.00
383.80
398.20
409.60
403.92
404.40
438.12
412.60
430.00
383.00
378.40
430.32
391.72
399.20
450.32
438.00
396.40
411.60
418.52
418.80
413.52
413.00
403.32
402.72
402.20
414.20
413.12
425.20
453.80
432.60
404.20
435.80
403.80
394.20
425.92
392.72
419.12
383.12
394.20
401.20
396.60
426.12
410.92
393.60
422.00
413.40
412.60
439.12
468.92
402.12
419.52
382.40
408.32
403.60
415.40
412.40
393.92
390.20
394.32
427.32
412.00
413.00
402.60
390.12
505.12
417.00
392.32
405.32
392.60
400.12
384.80
410.40
409.00
389.32
394.32
407.00
403.92
395.32
398.80
414.52
432.72
480.40
406.00
415.40
420.72
366.52
422.60
397.00
403.80
397.60
399.72
380.72
397.12
393.20
397.80
396.20
395.40
416.40
412.52
396.80
436.00
391.12
406.60
375.20
382.60
394.00
415.52
421.52
449.60
388.20
401.92
412.80
391.12
395.60
448.92
462.00
375.12
419.00
391.72
401.92
398.80
424.32
435.52
413.40
415.12
404.72
443.92
394.52
407.00
391.52
371.52
424.92
412.12
408.60
392.40
436.72
422.60
392.12
394.00
437.60
396.92
396.00
426.72
408.00
422.12
420.12
418.92
468.92
464.52
378.80
427.20
386.72
393.40
419.72
385.60
393.12
382.72
415.32
395.00
404.92
426.20
421.60
406.20
426.12
448.32
414.60
424.52
421.00
424.40
433.00
397.80
402.52
419.20
401.52
403.60
396.80
390.12
405.00
433.00
468.20
419.80
463.60
416.92
409.60
400.80
391.20
422.92
396.80
452.60
391.52
403.00
407.20
395.60
395.32
398.20
381.12
398.80
455.32
414.00
396.32
430.72
468.80
423.40
415.20
407.80
386.40
413.12
417.80
430.60
400.20
398.60
416.52
414.12
401.12
464.80
453.72
426.52
406.32
409.40
421.52
405.00
464.40
504.32
508.60
510.60
487.92
452.80
409.92
417.92
396.20
419.72
410.72
382.20
398.60
384.32
376.40
414.52
375.12
408.12
421.32
409.72
401.80
411.52
441.92
413.00
394.12
409.40
446.40
468.92
400.12
409.80
398.80
403.52
378.00
394.40
393.12
374.92
396.92
406.20
396.00
418.60
403.80
386.20
402.00
405.12
386.80
393.80
391.52
401.00
407.60
398.40
382.60
401.40
390.12
390.20
454.20
390.00
383.12
412.12
395.52
432.32
4