Measuring voltage and current with INA219 ...
556.32
694.52
575.52
514.80
444.92
637.20
605.40
657.20
439.20
445.12
490.80
509.20
638.12
526.92
442.20
502.32
517.40
557.60
694.32
543.60
455.72
443.52
580.40
687.40
593.72
470.32
503.92
527.92
469.40
680.60
501.92
444.52
440.52
525.20
599.20
627.52
445.40
421.12
472.80
472.72
651.12
510.92
435.60
480.00
596.12
685.80
510.20
494.92
457.60
454.32
543.40
491.92
514.72
549.92
637.60
684.32
698.12
487.00
441.32
444.12
445.12
494.92
580.00
434.60
449.72
473.52
502.80
636.92
464.72
509.00
456.32
433.92
504.60
650.32
466.12
486.60
507.52
573.52
693.60
451.00
451.60
449.20
485.20
524.80
501.20
443.40
494.80
511.52
471.52
650.12
501.60
455.60
425.20
433.60
544.32
502.80
436.00
494.92
462.12
498.40
557.32
476.12
456.00
473.20
468.20
529.00
494.12
544.72
543.00
493.92
457.32
565.80
504.00
463.12
446.20
451.40
492.32
585.72
460.20
454.20
451.00
443.92
524.52
508.72
465.20
425.52
471.00
524.00
637.80
475.60
508.60
454.00
403.92
512.40
510.80
455.60
451.40
442.40
466.20
567.20
499.40
516.20
453.60
448.32
534.60
457.60
454.80
451.12
438.32
454.60
537.40
473.60
527.40
455.32
451.60
536.52
559.80
451.92
439.72
437.52
461.00
505.00
648.80
475.80
457.32
538.12
531.92
584.60
499.20
472.00
439.40
474.12
520.72
512.80
488.12
446.52
473.92
480.40
553.60
428.40
471.00
430.92
474.80
548.72
470.60
427.52
476.40
482.40
513.92
541.00
482.60
470.32
498.80
460.72
496.80
521.00
443.00
495.20
474.52
478.00
562.00
434.32
477.80
476.80
507.20
537.52
566.52
473.60
452.32
449.92
499.00
491.20
463.80
482.80
496.80
477.40
538.52
562.52
541.72
524.80
460.72
442.40
514.52
526.52
493.72
483.32
453.00
537.32
555.92
468.12
496.12
431.80
494.92
538.52
480.12
482.12
520.80
562.00
495.92
676.20
470.60
516.60
439.80
483.52
529.72
617.20
475.92
491.60
457.60
524.32
537.00
460.60
443.80
429.40
441.60
589.80
640.60
504.40
515.12
516.00
470.20
540.52
477.80
481.72
480.92
471.12
534.92
560.60
554.32
500.20
509.20
442.12
507.80
472.92
431.40
493.92
457.40
487.92
634.60
503.80
548.12
447.72
465.80
513.72
522.60
448.40
469.80
462.60
522.60
673.12
473.00
450.40
449.60
443.80
477.60
565.32
471.32
489.52
425.60
462.80
548.12
507.40
466.52
470.12
439.12
429.32
530.40
439.80
427.32
424.52
423.72
507.80
449.12
439.40
451.52
448.40
517.00
566.60
453.52
456.32
480.00
514.00
532.40
500.00
449.72
480.20
450.20
458.32
615.72
421.40
447.80
438.52
443.92
546.72
410.60
453.20
447.40
441.40
446.72
551.20
458.40
471.20
492.52
462.00
501.40
518.52
473.00
437.40
438.00
404.20
521.80
455.80
494.60
490.52
460.92
490.32
480.52
448.52
462.32
463.92
523.80
518.72
457.60
471.32
525.52
538.60
471.52
609.12
467.32
460.00
467.20
429.40
541.12
456.20
513.20
492.80
466.60
503.40
605.92
423.12
447.32
427.60
464.52
478.12
503.80
521.52
494.32
463.92
521.72
540.92
467.20
451.00
421.52
428.72
491.92
548.52
476.20
451.80
440.00
460.92
558.40
450.00
449.12
493.20
479.80
481.20
593.52
437.60
505.00
447.92
443.72
536.20
455.92
478.92
451.40
436.80
476.12
677.72
480.32
460.20
450.40
444.32
506.72
491.52
491.72
464.00
445.72
505.52
580.20
501.92
445.00
418.12
474.52
434.00
524.00
454.40
448.12
446.72
497.92
631.00
439.12
456.20
453.60
462.00
520.52
553.32
482.32
455.32
473.72
511.32
551.72
458.92
462.20
462.00
435.40
484.60
635.92
412.20
423.92
462.40
465.52
486.72
454.92
449.92
465.92
446.92
532.52
564.40
449.60
487.40
505.20
458.60
523.52
532.40
490.20
479.12
455.80
485.40
655.72
526.32
531.92
547.72
543.12
588.92
484.80
440.00
419.20
455.12
507.52
584.40
540.40
520.20
472.32
462.12
465.80
518.32
472.52
454.32
459.00
426.32
569.40
483.72
445.92
499.20
456.80
457.52
500.32
533.80
438.20
438.52
455.52
497.80
524.80
502.32
510.12
476.20
495.32
650.32
453.60
454.20
448.52
457.52
522.00
474.80
501.80
455.92
406.52
459.12
639.60
448.32
451.40
450.20
430.20
516.72
507.80
495.32
473.20
437.80
436.72
500.60
473.80
510.12
429.00
448.40
484.32
635.60
493.32
452.52
444.60
477.60
486.20
582.12
479.52
491.60
451.72
545.40
564.20
503.40
434.52
478.40
422.60
457.00
547.80
467.32
444.92
438.00
459.12
501.60
476.32
450.60
450.52
476.80
476.80
578.92
525.72
454.12
447.20
539.40
544.00
571.92
481.92
510.32
439.80
487.00
683.80
451.20
453.40
445.12
498.00
490.32
619.60
471.32
432.00
404.52
513.80
642.32
458.60
450.72
484.60
520.40
538.12
557.12
485.52
494.92
453.72
474.32
537.40
460.32
451.12
479.60
468.32
480.00
541.92
470.20
425.60
441.72
469.40
539.52
476.80
503.32
483.20
476.32
469.92
634.12
499.92
450.52
438.32
488.80
513.20
518.12
476.40
481.20
475.72
527.20
610.32
535.52
459.72
446.40
530.72
499.92
509.92
530.60
492.52
445.20
500.20
491.72
436.60
453.40
453.40
425.00
485.40
541.00
494.32
454.60
458.52
474.92
623.20
472.80
457.40
449.92
456.52
456.20
606.72
524.80
516.32
417.80
514.80
546.52
513.00
460.32
460.00
441.12
525.20
665.40
500.60
497.12
499.40
501.20
554.92
483.72
531.00
476.32
433.32
528.60
670.32
521.60
472.72
445.72
500.12
501.92
558.80
429.00
437.72
416.32
475.32
652.12
408.20
398.60
414.52
453.12
475.52
556.12
507.32
469.80
486.52
549.92
652.92
480.92
457.60
480.00
459.40
468.32
622.00
434.92
454.80
425.92
505.20
521.72
490.20
458.72
437.40
453.12
443.80
619.80
495.72
425.72
444.32
498.52
572.92
480.80
519.20
507.60
428.20
480.00
578.60
435.92
449.92
476.52
453.32
543.40
621.20
542.40
458.12
491.80
511.12
534.12
477.80
520.32
531.32
541.12
523.12
497.80
519.92
424.40
489.20
506.60
571.32
467.12
471.80
521.32
461.20
555.32
483.60
434.12
487.52
445.80
522.40
666.20
468.32
512.20
497.00
466.00
543.80
509.00
477.12
493.60
472.72
494.80
622.60
497.20
529.32
518.80
489.40
482.52
486.80
456.20
545.60
473.40
520.60
621.92
535.32
557.92
560.52
470.20
549.92
574.12
497.12
474.32
461.40
447.32
597.00
494.92
462.92
480.52
470.92
511.60
561.12
492.60
507.12
487.32
527.12
558.00
517.12
554.20
509.20
491.20
526.12
630.72
497.80
476.92
449.20
451.80
443.00
552.12
479.00
472.92
472.52
444.60
574.92
464.12
553.52
466.32
475.40
578.12
571.32
533.20
443.20
511.40
531.72
521.00
592.60
518.40
455.32
438.60
537.92
642.72
458.20
459.12
434.72
440.72
530.80
462.20
477.32
448.32
517.32
549.60
576.60
494.92
514.20
455.32
426.60
495.80
465.40
469.60
464.20
486.32
483.00
563.52
434.52
470.12
453.72
429.00
474.72
506.92
466.52
465.12
505.20
541.52
590.20
468.52
472.20
454.52
437.72
487.00
512.92
449.20
456.92
493.52
459.60
536.72
434.72
456.60
422.72
452.12
510.80
455.32
449.00
499.40
457.20
489.60
506.72
518.92
509.52
510.20
507.00
594.72
592.52
587.12
696.80
695.32
666.32
664.20
460.60
415.92
484.20
561.52
535.92
453.72
561.72
521.72
422.32
479.12
621.72
465.32
464.12
516.80
435.80
469.72
566.32
494.00
469.20
446.52
403.60
435.40
474.72
449.52
478.92
459.32
476.32
540.72
532.80
554.20
452.92
496.12
547.12
588.40
447.92
473.92
457.40
484.12
505.80
487.80
454.12
448.80
457.80
502.12
541.32
411.00
465.92
470.12
436.92
555.92
515.80
483.32
452.32
448.20
500.32
589.52
472.20
469.20
446.80
425.32
511.12
513.32
460.32
447.72
452.32
458.60
514.80
500.20
459.52
433.60
475.32
510.92
518.20
469.52
456.40
421.72
513.52
564.20
431.20
447.60
450.20
455.12
543.20
524.52
427.72
449.92
442.60
456.32
527.52
457.32
504.92
487.92
495.12
488.92
638.52
446.72
506.92
432.32
449.00
456.40
454.32
432.80
451.12
479.72
489.20
558.60
451.92
468.92
443.40
428.12
494.72
485.20
477.12
488.32
493.72
493.20
593.12
470.92
454.40
423.20
417.60
486.00
510.60
422.52
460.52
422.52
455.00
628.92
461.72
487.40
462.00
464.00
496.20
568.72
496.12
501.52
535.80
482.20
548.20
470.40
455.80
461.00
468.60
476.12
473.12
449.00
455.52
442.12
408.20
450.32
450.72
478.60
477.12
528.00
433.12
584.60
498.20
500.20
452.80
455.00
545.40
547.52
453.72
452.20
442.72
507.52
555.72
479.52
467.92
444.80
406.92
516.00
561.60
430.40
533.60
450.80
452.52
609.80
516.72
499.60
468.72
468.12
490.72
478.72
444.60
441.40
441.52
454.12
541.60
481.72
452.92
451.72
465.92
466.40
550.40
500.92
465.60
445.12
501.00
533.72
508.12
500.92
488.92
454.00
518.92
580.80
438.12
437.80
434.40
468.80
505.00
468.60
457.20
455.00
449.72
415.20
578.80
475.20
467.40
466.12
510.00
514.20
515.52
495.92
485.60
456.92
476.12
532.72
469.12
477.12
470.20
483.12
488.20
511.32
476.32
457.80
466.92
443.20
636.92
471.32
464.40
493.00
550.60
509.72
581.20
478.72
457.00
455.72
498.52
538.92
437.12
476.12
490.72
415.20
466.92
593.12
443.92
434.60
458.12
450.12
465.32
457.40
510.20
491.12
501.00
508.92
572.12
456.40
458.00
443.12
446.12
507.92
558.40
562.60
468.92
442.72
502.52
624.20
477.72
431.00
449.00
501.32
475.92
537.52
488.92
441.52
421.52
450.80
550.60
453.52
456.92
464.60
462.40
501.32
607.92
469.52
454.80
450.32
444.52
487.80
440.72
457.40
483.60
430.92
500.52
596.52
480.20
501.72
436.60
445.80
467.40
513.60
432.40
432.60
429.80
485.12
656.60
454.32
443.12
440.60
457.40
502.12
553.32
475.60
455.52
456.72
468.40
615.52
529.40
451.32
456.12
472.60
498.80
626.60
454.80
475.80
486.12
503.72
528.52
466.20
469.72
489.52
488.32
490.20
571.80
503.12
475.52
460.32
485.12
515.20
466.92
455.60
468.72
439.00
457.80
616.92
454.80
449.12
436.00
489.60
484.00
547.40
480.72
449.72
439.20
448.32
636.00
466.52
485.80
490.80
461.72
483.92
630.12
463.32
426.92
424.60
489.72
521.52
465.20
472.00
461.72
449.40
481.72
490.80
444.92
401.40
428.12
469.52
474.60
456.00
493.80
510.52
525.12
478.00
610.80
468.32
453.92
443.52
470.52
479.52
484.00
450.12
485.92
441.80
505.32
635.72
441.72
443.52
490.52
470.12
461.92
499.92
462.40
453.80
426.00
446.40
569.20
455.92
471.20
449.12
521.72
562.80
578.40
567.40
566.32
561.52
591.72
571.52
531.92
534.20
482.52
483.20
476.40
583.72
502.92
471.12
457.12
459.72
531.20
423.32
459.92
442.32
455.32
505.32
600.20
468.32
454.60
450.60
450.72
512.40
454.00
508.40
463.80
456.40
471.92
637.32
531.40
475.72
474.00
452.00
465.40
504.92
492.00
492.80
440.92
553.32
545.20
432.00
470.92
446.80
475.60
522.40
518.40
477.52
451.12
495.60
510.80
616.52
457.60
459.00
477.52
466.00
492.80
594.72
444.12
450.12
441.12
485.40
511.20
438.40
445.32
465.32
457.52
563.32
640.40
458.92
461.52
503.12
487.52
460.32
485.60
525.52
506.72
451.40
479.80
595.32
455.00
459.40
469.40
480.20
472.72
480.12
458.12
443.00
432.92
491.80
644.72
443.80
495.12
476.32
500.00
448.60
584.72
472.20
428.52
447.52
500.60
580.92
469.12
555.72
519.72
488.80
505.00
623.80
471.12
456.40
465.60
485.32
510.72
508.80
495.72
502.00
473.40
483.32
648.00
481.12
460.40
452.32
449.40
461.92
468.12
486.20
439.72
439.40
497.60
629.52
455.72
448.00
450.72
466.52
491.60
539.52
501.32
492.92
454.60
486.80
601.12
434.80
449.32
442.92
450.12
496.52
480.32
451.52
426.00
449.80
497.40
511.12
457.92
476.32
462.40
467.20
542.20
576.80
495.12
451.32
539.60
466.20
461.92
471.00
430.32
451.52
481.32
524.92
650.12
445.12
457.72
433.20
475.52
506.20
500.60
479.40
455.92
463.52
533.32
537.40
580.60
482.00
466.00
438.20
457.52
481.52
469.60
455.52
449.80
483.00
560.12
455.32
477.52
419.32
454.92
484.72
505.92
421.60
470.20
464.12
454.72
549.20
481.92
507.80
472.80
466.52
495.32
607.72
465.20
458.32
479.20
480.20
532.60
460.40
455.40
431.00
445.60
528.32
685.20
501.20
523.52
513.32
504.00
512.00
479.12
483.40
452.00
470.52
464.32
593.52
461.40
531.40
488.40
468.32
543.52
471.12
504.32
490.12
478.72
548.52
541.80
522.12
558.80
520.60
502.60
516.40
629.32
469.32
464.52
469.32
426.40
605.00
468.60
488.52
435.60
488.72
516.00
603.80
506.92
462.52
507.32
494.60
544.20
538.32
542.80
470.12
479.60
514.60
687.00
483.60
461.20
491.20
478.60
516.60
527.52
459.60
444.60
445.80
464.92
579.12
485.32
533.72
495.60
493.52
546.72
568.92
565.00
482.12
513.80
516.32
608.40
478.12
457.52
461.12
484.40
504.52
581.32
470.00
458.32
446.52
478.80
583.60
509.20
506.12
428.00
496.40
501.32
660.80
451.60
473.00
480.60
511.40
505.40
467.00
447.60
497.32
477.12
524.60
575.20
456.92
473.80
452.60
456.52
545.80
471.00
475.60
458.60
481.00
547.20
639.20
444.72
482.00
453.92
435.12
511.92
563.80
458.72
450.52
452.40
485.32
569.00
456.32
468.72
453.00
449.92
520.32
479.20
443.00
490.72
460.32
448.60
477.72
547.12
473.12
434.20
478.32
464.80
540.80
451.00
476.12
477.80
446.12
472.32
467.32
457.20
453.32
461.52
528.72
582.00
476.20
525.40
507.00
457.60
477.40
523.92
456.60
460.32
408.12
425.80
606.32
441.40
459.32
450.00
430.12
493.40
502.72
464.20
453.80
466.12
506.60
542.80
497.60
497.00
485.40
442.12
511.12
536.60
453.80
449.72
448.92
445.20
470.40
478.32
465.52
408.12
458.80
514.72
543.92
472.12
497.80
475.32
466.92
541.60
509.52
527.60
452.80
480.80
533.80
682.40
462.52
484.20
524.20
534.60
606.52
570.20
561.12
441.92
450.52
473.40
609.60
403.00
497.12
461.32
487.32
544.52
614.52
495.20
498.00
518.12
494.32
660.40
469.92
479.32
450.72
475.00
495.00
553.00
447.60
443.52
442.32
476.80
594.32
436.32
462.12
441.92
488.32
508.52
620.00
457.80
476.40
427.92
445.80
495.72
451.52
477.52
473.20
490.00
481.40
603.32
446.80
456.52
452.80
458.20
516.52
461.20
451.60
501.80
479.72
533.52
643.60
465.60
492.12
438.40
453.40
454.00
509.80
469.00
498.20
490.92
431.20
589.00
450.80
461.80
444.12
441.00
486.92
567.32
479.40
507.12
514.32
467.12
554.40
488.92
477.00
452.80
469.52
470.32
613.32
440.40
464.52
462.60
481.40
512.20
455.80
450.32
458.00
488.60
536.12
574.40
489.20
505.40
548.00
470.40
514.32
560.20
571.72
456.72
463.20
483.60
669.12
498.52
459.92
483.72
464.80
460.72
530.32
463.92
535.52
418.52
501.20
652.32
503.12
473.72
442.12
478.92
539.52
478.12
474.92
453.00
459.60
430.60
534.40
501.72
477.20
444.00
454.80
496.32
461.92
469.60
461.52
416.72
444.80
528.12
554.92
458.00
424.52
458.20
495.60
625.32
447.32
451.40
448.72
449.92
509.12
502.32
428.92
453.40
449.80
443.00
616.40
475.72
477.92
455.32
507.92
520.52
535.00
456.72
449.32
446.60
454.72
520.00
446.60
469.12
481.80
429.92
478.00
509.72
445.80
433.00
444.52
472.00
549.12
511.72
454.00
483.00
503.92
565.20
541.60
479.00
461.12
454.72
454.92
528.20
447.32
439.80
456.40
484.72
452.60
608.92
463.92
445.72
455.12
469.20
530.32
457.60
526.60
503.80
515.40
505.80
545.80
485.00
485.20
445.32
459.52
464.52
481.92
465.60
487.40
451.52
457.20
639.00
448.60
459.92
415.00
474.72
514.92
514.20
483.60
543.80
530.40
496.40
582.52
474.60
488.80
494.32
447.60
492.72
582.32
513.92
462.32
450.40
451.72
472.40
466.20
459.20
471.92
472.40
461.32
639.00
540.60
522.92
424.20
504.12
530.40
514.52
455.92
467.20
439.12
462.60
593.80
469.20
466.92
450.40
476.92
461.32
496.20
496.00
476.20
443.12
515.52
674.80
512.20
462.20
457.32
439.12
496.72
627.12
397.52
435.12
414.60
441.80
506.60
456.20
450.52
447.12
468.92
489.72
511.40
476.80
457.80
441.00
506.00
533.40
523.52
450.40
480.32
462.32
526.20
621.40
459.00
458.60
452.32
504.32
465.40
512.52
459.20
438.52
466.92
481.52
674.32
465.80
469.00
493.60
524.60
530.32
597.00
492.52
476.52
450.52
445.12
543.12
444.40
462.32
449.92
469.40
463.92
500.32
531.40
455.40
450.60
437.52
494.92
527.00
510.80
510.20
502.92
505.52
598.80
488.20
451.20
451.72
457.52
473.00
459.52
446.80
432.32
451.32
476.32
590.80
457.00
419.72
414.32
520.52
491.72
476.32
511.32
486.40
518.52
492.32
561.32
455.72
460.00
441.40
449.92
492.00
487.80
492.40
453.60
454.80
447.72
476.80
455.32
447.12
469.40
443.20
466.40
509.20
492.00
463.52
438.40
470.20
494.60
475.40
458.72
450.32
437.52
518.00
614.60
476.12
451.60
468.00
457.80
509.12
453.72
452.32
473.20
474.32
514.32
680.12
518.52
479.80
462.52
456.92
455.80
432.72
460.72
459.40
417.80
461.32
588.20
461.12
485.60
464.32
440.40
476.00
475.60
570.52
510.60
474.40
528.12
595.20
533.32
464.12
487.40
465.92
476.00
630.80
472.00
507.52
512.20
587.72
620.60
490.20
438.20
415.32
445.80
485.60
610.92
477.00
456.20
474.52
520.00
555.60
466.12
508.40
480.60
505.20
485.80
498.40
550.00
468.52
451.72
472.92
476.92
486.32
452.32
463.60
450.60
430.60
643.92
442.92
510.40
512.52
493.52
460.32
558.00
481.72
454.40
439.60
484.32
600.92
436.32
457.20
474.60
454.92
479.80
590.72
450.92
441.80
438.00
466.12
482.40
466.72
504.40
458.00
456.20
481.00
586.20
474.60
459.12
449.52
460.72
509.52
461.12
477.60
458.72
472.80
507.92
590.92
495.60
504.52
521.52
492.32
483.72
552.72
501.20
500.12
456.40
506.00
657.80
432.52
446.12
435.00
491.00
515.60
523.20
465.60
457.00
449.72
476.32
498.40
454.20
485.32
473.32
453.92
514.92
562.72
516.00
468.72
421.60
504.40
495.60
441.40
489.72
425.12
490.12
524.80
518.32
416.72
468.72
455.72
469.12
527.40
529.80
535.00
491.72
451.32
506.52
683.12
492.80
457.32
520.40
517.40
522.72
475.32
431.72
450.52
443.32
450.80
594.12
441.92
436.20
439.20
431.72
476.80
510.20
457.72
432.92
492.32
511.60
507.52
463.20
526.80
468.12
464.92
509.12
576.00
457.32
451.40
502.12
498.92
494.60
457.92
508.72
547.52
476.20
484.80
637.52
466.20
483.32
504.32
459.00
476.12
483.32
488.40
448.72
458.40
515.32
658.92
461.32
454.40
485.60
473.72
510.52
487.20
482.72
457.72
447.80
473.00
537.72
443.12
559.92
481.80
500.72
472.72
477.92
456.32
451.20
446.12
476.52
602.92
467.00
513.00
450.12
440.40
499.32
564.92
434.00
450.00
463.32
502.92
516.32
490.92
518.60
518.92
452.32
498.60
675.20
432.40
437.40
445.72
476.00
484.80
476.92
495.80
436.72
429.92
522.20
597.40
456.32
447.92
449.00
472.80
483.12
544.92
516.12
451.12
468.00
514.32
666.32
446.40
560.12
452.60
442.72
491.00
509.92
458.80
498.72
444.00
440.72
602.32
473.72
514.80
464.20
444.00
506.60
648.40
495.92
452.40
468.00
508.80
516.40
470.52
471.12
475.72
514.32
520.92
490.80
451.00
455.32
444.40
444.20
485.52
486.92
465.40
451.40
516.32
512.00
659.32
445.92
495.92
488.40
474.52
475.80
536.72
461.32
460.72
490.92
508.00
628.00
536.32
535.60
520.00
496.72
522.52
582.32
520.32
524.20
506.40
507.52
540.92
508.12
594.12
508.80
453.60
463.80
516.00
454.80
507.92
469.32
446.52
498.72
478.40
460.92
442.80
443.32
518.32
586.00
422.80
464.52
458.60
509.00
437.12
565.40
473.12
476.00
482.32
503.92
656.12
431.52
508.52
478.00
498.60
602.20
460.32
469.40
451.00
454.40
493.80
548.00
497.60
519.00
499.12
452.52
504.40
528.40
443.52
448.20
444.12
445.60
508.00
473.12
492.52
407.80
451.40
504.12
549.52
457.72
444.12
472.40
458.52
576.12
516.60
482.80
470.80
456.60
513.00
620.92
443.20
449.32
442.52
470.60
481.80
631.00
483.52
446.52
461.00
475.20
649.80
457.32
524.20
463.20
479.00
519.40
541.40
528.52
456.52
489.40
519.60
495.60
447.40
488.40
509.32
464.72
508.72
524.00
437.80
473.92
447.60
471.60
626.52
483.60
500.92
421.52
450.92
498.92
651.40
459.72
501.60
471.20
489.40
501.72
465.40
465.80
500.20
512.12
535.20
641.40
442.32
453.00
449.40
471.00
526.80
497.40
437.72
481.80
497.52
498.52
548.80
446.32
469.20
462.12
453.12
486.80
524.12
551.52
561.60
586.92
586.00
656.12
487.00
479.20
474.52
466.20
551.40
560.40
463.80
472.92
477.92
505.00
516.00
507.92
467.20
443.72
445.40
465.92
593.60
442.12
487.32
464.00
475.32
527.00
460.92
482.80
449.52
500.52
560.12
528.60
505.20
526.00
490.60
471.20
513.80
537.72
473.00
460.92
457.32
508.12
610.52
499.32
486.12
462.92
449.20
537.92
525.52
452.60
444.12
483.92
513.92
643.12
509.20
532.40
487.92
475.80
534.80
626.20
472.40
467.52
581.60
533.40
608.52
560.12
518.00
494.92
451.32
584.72
522.12
511.00
494.00
425.52
463.20
626.00
504.60
537.00
429.40
481.00
474.00
693.80
492.40
463.80
451.60
494.92
496.60
573.52
483.72
455.92
497.80
519.92
646.00
499.80
510.12
451.60
491.80
495.92
556.60
465.40
466.20
487.00
497.12
538.92
552.60
460.92
452.12
464.52
527.20
546.52
474.00
465.32
451.40
499.40
538.60
530.80
498.72
469.72
527.32
526.52
602.72
474.12
458.20
447.60
473.40
564.72
510.12
455.52
437.40
539.60
519.52
640.72
501.00
454.80
423.32
475.52
606.20
473.72
463.20
492.00
473.20
526.32
573.20
528.32
486.00
479.60
525.32
521.80
472.92
475.52
503.00
460.40
468.92
622.40
477.00
510.80
438.00
518.92
570.52
584.80
535.92
513.80
529.12
536.00
566.92
480.80
485.72
448.40
449.60
492.12
576.60
474.00
516.00
447.40
458.20
526.00
509.32
485.12
471.52
500.32
496.00
621.20
507.92
513.20
492.60
497.72
513.40
501.32
471.72
474.40
476.12
489.32
557.60
507.20
495.12
444.60
453.00
488.32
506.92
456.60
504.60
434.32
473.20
635.20
509.52
520.40
439.80
474.32
483.32
543.72
512.40
450.52
445.92
473.52
573.40
464.60
481.92
449.40
431.32
517.20
607.72
515.92
480.32
460.40
524.20
581.32
556.80
501.32
482.92
503.40
491.80
571.60
465.00
469.72
450.80
464.92
456.00
443.32
458.00
442.32
452.60
503.12
664.60
516.92
458.00
503.32
502.32
539.80
576.80
458.20
505.60
509.20
501.80
558.92
477.32
436.92
453.20
476.80
446.52
610.12
453.00
429.92
406.52
434.20
608.52
450.92
449.52
490.80
473.00
565.92
582.92
471.92
490.00
477.52
477.80
516.32
470.72
467.32
518.92
505.80
485.60
492.00
603.92
421.52
445.72
494.12
453.40
504.92
475.12
509.32
497.12
499.52
616.52
487.32
454.52
443.60
482.40
469.80
464.20
450.80
476.72
450.12
477.72
548.72
442.40
480.20
412.12
437.92
508.12
504.40
527.60
521.72
468.80
518.80
549.12
471.80
483.92
447.80
447.92
467.80
571.80
457.52
454.20
468.00
465.92
595.20
464.60
452.00
468.32
454.00
474.52
637.12
516.52
511.60
448.72
498.60
545.92
567.00
538.60
526.52
545.32
606.92
659.20
484.80
481.80
465.20
471.12
499.32
472.00
495.00
468.72
466.92
538.92
548.72
528.12
474.60
474.00
481.92
473.00
516.32
429.80
467.92
437.72
506.92
638.92
456.12
458.12
475.60
445.00
487.00
557.92
481.32
452.00
478.20
571.00
660.80
458.80
457.52
472.80
467.40
490.32
548.52
437.72
451.00
435.32
479.32
452.92
490.40
420.12
446.52
459.40
504.72
557.32
453.52
482.60
497.72
511.12
567.72
469.92
476.32
456.60
450.60
487.92
619.60
430.20
454.00
510.52
494.52
459.92
534.20
451.60
442.00
420.52
468.72
596.00
464.32
505.80
498.32
517.80
500.20
652.80
490.00
480.20
449.40
512.80
538.52
552.32
558.52
558.72
561.00
523.40
596.52
505.92
520.40
509.72
502.32
482.00
504.20
471.00
483.52
448.40
510.92
588.60
478.12
459.20
462.80
488.12
469.20
492.72
488.60
463.92
462.00
486.92
606.40
464.32
470.40
488.12
463.52
513.12
528.72
511.92
498.60
441.92
498.60
525.72
506.52
510.72
459.60
457.60
481.92
550.92
461.52
451.52
444.72
469.80
451.52
476.80
504.12
453.60
447.20
548.92
687.12
519.72
503.60
486.12
500.40
503.40
558.00
468.32
447.72
422.40
537.32
625.00
534.00
473.12
543.00
508.52
654.00
637.72
671.20
696.52
699.20
693.72
665.52
570.80
627.12
602.60
568.00
658.72
698.40
611.80
443.20
451.80
571.12
533.12
458.92
469.80
450.92
458.80
647.12
507.00
427.40
486.60
611.80
556.32
545.00
586.12
496.52
475.40
450.92
612.80
445.52
490.40
474.32
530.40
514.40
631.00
449.92
464.00
483.20
466.80
516.32
578.40
465.80
533.40
528.00
529.20
501.72
501.92
458.52
492.32
502.00
514.72
549.72
468.12
520.80
523.20
473.52
480.52
512.32
467.52
466.52
482.72
549.92
617.12
484.40
561.60
509.20
531.92
522.20
639.20
464.32
471.80
476.32
502.92
552.32
448.92
518.20
455.12
451.60
518.92
608.92
456.20
466.32
473.92
495.92
488.32
556.52
513.52
518.52
491.72
572.80
643.80
504.00
486.20
491.32
481.52
484.60
524.72
450.92
483.32
449.80
553.00
621.60
484.52
518.32
496.40
498.72
551.52
660.92
534.72
461.32
472.00
524.92
549.72
484.80
495.00
478.20
502.12
573.92
653.32
460.60
502.92
543.80
530.40
454.00
615.12
548.20
506.12
490.40
595.92
688.52
462.80
481.80
478.40
459.72
507.00
549.80
466.60
450.92
478.12
501.80
606.72
481.92
475.52
465.32
478.92
466.40
567.92
457.80
457.20
453.00
557.52
585.40
496.20
521.20
454.40
465.92
530.12
493.60
472.40
455.60
486.00
520.72
499.40
450.72
455.00
449.60
456.00
504.20
539.00
451.00
506.12
522.32
478.20
483.40
517.60
476.52
443.12
448.12
508.92
569.72
471.32
502.72
506.40
510.20
479.20
521.32
476.12
481.40
454.00
525.60
611.00
471.60
519.52
504.92
488.00
492.52
514.72
489.60
462.20
454.20
481.52
600.40
459.20
475.52
454.00
470.92
441.00
524.52
491.92
450.40
480.52
477.00
498.40
499.32
530.32
532.52
480.80
553.32
634.12
464.72
464.60
467.20
492.20
583.72
499.12
509.60
458.00
451.00
519.00
630.12
517.72
514.40
480.00
444.80
522.40
516.40
561.12
432.60
451.40
530.20
551.52
472.32
463.60
450.40
463.92
477.00
510.60
470.72
485.40
442.92
444.00
461.32
462.20
487.52
436.92
492.60
545.00
591.32
473.40
452.80
458.00
530.20
564.12
463.12
450.92
448.92
4