Measuring voltage and current with INA219 ...
329.72
302.52
325.32
302.60
289.32
320.72
348.52
375.00
327.80
321.20
344.40
269.52
293.12
280.20
311.00
318.20
299.72
285.52
299.32
300.92
288.92
290.60
338.52
314.80
300.92
319.32
289.00
329.32
363.72
282.80
306.92
322.12
323.72
303.12
287.60
312.72
299.40
292.32
275.20
266.72
281.40
321.92
302.32
277.92
289.60
301.92
293.92
314.40
373.12
354.72
509.52
370.60
331.92
506.72
334.20
595.72
413.32
387.20
370.00
402.00
321.32
298.12
277.52
316.32
315.52
312.20
361.72
324.32
342.72
373.52
379.12
401.12
351.00
326.92
303.60
325.60
299.20
321.32
315.60
317.52
327.60
315.20
333.32
313.12
339.20
340.40
337.12
314.32
294.12
329.52
357.92
368.52
345.52
366.52
343.12
332.00
300.52
326.00
338.40
312.00
316.60
291.52
376.80
362.40
317.72
300.40
331.52
370.72
336.40
295.20
344.32
297.12
371.52
343.32
289.12
410.72
377.80
330.72
295.52
322.52
337.40
352.72
302.52
305.20
298.12
354.92
276.92
295.52
338.32
336.60
324.52
286.12
290.80
357.20
368.32
359.60
348.32
319.72
336.20
300.72
281.80
299.12
369.32
327.80
278.52
328.60
331.40
303.12
296.52
319.92
319.40
320.92
284.80
288.20
330.32
398.12
344.20
339.32
321.00
338.40
314.60
300.80
297.60
353.92
337.12
328.52
318.60
333.52
332.52
321.52
327.12
344.12
360.00
287.52
325.00
366.20
354.00
347.12
340.72
317.92
337.92
350.12
331.20
321.80
351.52
353.52
331.20
328.80
345.40
348.40
311.92
303.52
366.00
391.12
338.72
337.92
356.60
402.52
410.32
366.92
319.32
356.92
391.12
330.40
322.60
345.60
342.92
324.12
331.72
356.20
347.60
347.72
346.40
303.60
391.92
371.80
362.32
373.12
338.12
365.40
448.80
689.20
555.40
411.60
408.92
333.92
327.40
329.20
365.20
318.92
301.32
383.92
460.20
338.80
294.40
328.72
334.40
324.60
324.32
316.20
382.80
445.80
380.40
337.12
372.52
398.52
341.60
315.40
304.72
325.72
343.12
335.20
328.80
337.92
365.52
334.40
326.72
315.72
359.80
348.80
318.12
340.80
373.00
345.60
337.52
319.60
331.72
334.80
309.00
332.32
337.60
335.80
347.72
321.20
330.12
363.92
344.20
313.52
351.92
342.92
333.92
336.20
332.20
346.00
417.60
327.72
312.60
344.20
367.52
300.12
293.52
332.40
322.00
341.60
336.92
318.32
307.00
306.52
294.00
299.72
306.32
316.92
300.52
347.72
352.20
344.12
363.60
338.72
470.52
475.52
378.52
337.20
309.00
376.80
401.40
353.72
364.12
335.92
327.12
330.20
349.12
335.72
297.12
315.20
301.60
336.12
404.60
411.92
382.72
323.40
351.72
353.00
352.00
330.60
396.80
394.40
350.00
370.72
346.00
308.12
306.80
328.20
400.52
363.52
309.40
299.32
338.52
372.60
368.32
412.60
327.12
306.80
327.32
395.52
389.60
325.20
305.60
421.80
463.52
346.12
402.52
344.00
346.00
341.72
352.12
342.40
398.72
344.72
390.40
396.52
368.52
325.32
369.60
324.32
318.52
335.80
383.72
380.52
298.92
325.00
367.92
329.92
305.80
328.40
331.92
317.80
299.92
333.00
332.00
373.32
337.32
438.20
381.72
381.40
704.72
355.92
416.52
320.52
433.52
430.40
374.72
329.00
345.12
297.40
309.52
312.12
338.60
330.92
314.40
310.72
351.40
348.52
357.20
406.80
328.00
299.72
325.52
342.52
357.92
375.60
456.92
534.12
423.00
437.92
331.20
300.92
287.52
370.12
352.72
310.32
297.32
314.20
363.32
362.40
402.20
346.00
317.92
346.32
310.72
318.40
302.52
360.00
342.40
303.72
384.92
343.72
330.32
362.20
345.20
365.12
318.92
355.12
312.00
333.60
379.92
326.20
323.80
306.32
373.60
359.40
322.72
362.12
294.32
323.40
373.52
392.40
346.40
303.92
358.40
334.92
310.32
319.72
308.80
306.80
322.00
443.20
393.32
381.72
392.20
334.00
331.92
306.52
412.72
411.12
326.00
303.60
309.00
328.00
314.40
408.52
363.52
299.00
306.12
289.00
344.40
336.80
361.52
356.52
368.72
335.60
325.60
338.72
375.40
317.40
332.72
322.32
334.20
346.92
345.52
402.60
387.32
326.20
326.72
354.72
320.32
322.00
388.60
379.40
343.92
381.40
344.12
313.32
301.40
350.52
355.12
338.72
414.52
359.80
322.60
317.72
298.60
351.32
323.80
357.40
335.52
327.32
362.32
346.00
363.52
346.60
348.80
315.20
293.32
362.00
317.80
352.32
294.80
330.92
336.52
311.52
322.12
319.72
320.32
345.00
307.60
345.12
321.40
405.60
321.20
307.12
362.00
383.32
409.60
321.60
375.20
374.52
306.32
380.40
433.00
336.00
329.92
329.20
337.52
327.52
516.40
520.12
307.72
355.20
372.92
323.80
328.40
412.80
417.00
383.60
355.80
323.40
304.80
317.52
337.72
335.92
315.80
347.80
329.60
330.92
349.40
387.92
356.92
303.00
317.40
288.12
329.52
298.00
319.52
348.52
382.52
344.00
337.40
326.20
322.20
315.12
308.20
302.60
311.32
310.80
307.52
295.20
309.80
309.80
305.40
334.40
314.20
299.20
308.92
313.60
356.00
368.20
316.52
305.40
324.40
340.32
305.52
312.20
321.40
303.80
318.32
317.52
319.32
322.20
307.52
310.60
313.20
326.92
325.20
310.72
305.60
354.32
343.80
347.52
334.40
330.72
332.80
316.20
318.80
313.40
384.20
384.80
343.60
473.72
347.40
383.12
445.00
321.72
333.20
339.80
317.60
314.60
321.80
361.20
337.32
327.52
325.72
310.80
410.92
323.60
326.60
295.12
320.20
321.72
324.12
421.40
333.60
306.00
311.12
317.00
370.80
323.40
343.92
351.12
338.80
345.12
361.32
348.72
309.80
332.40
369.60
336.52
356.12
315.72
338.20
407.92
328.32
289.20
299.72
315.00
301.40
359.80
396.72
338.40
440.92
425.12
341.52
363.92
333.52
295.60
352.52
317.12
316.40
308.60
320.20
354.52
338.00
292.00
301.40
314.72
320.80
304.72
321.00
306.32
303.52
325.60
317.80
345.12
392.00
344.72
307.60
322.60
399.00
317.20
376.60
306.00
304.32
363.52
413.80
395.32
334.00
502.92
487.92
346.52
427.20
323.52
330.52
321.40
328.60
342.40
369.32
317.80
365.92
311.40
301.20
329.52
311.92
359.12
379.52
380.40
354.80
319.40
363.32
341.60
346.72
329.32
320.72
318.60
290.00
313.00
364.00
376.00
418.40
346.20
302.12
338.32
306.20
358.80
330.20
389.12
324.00
292.80
337.52
301.32
367.80
343.32
346.40
337.52
302.72
369.52
392.80
368.80
465.80
322.32
326.20
298.32
332.20
322.12
306.60
440.52
380.72
312.52
342.80
309.60
307.00
301.20
368.80
359.92
312.60
344.20
321.00
306.72
418.40
343.12
356.12
317.00
343.00
407.80
309.20
365.52
350.52
341.00
294.40
332.80
353.52
306.40
380.32
359.00
284.92
351.92
320.40
363.72
356.12
501.72
407.20
377.72
387.92
327.72
335.92
328.52
316.00
351.12
430.12
571.40
510.12
426.52
493.92
333.00
348.40
319.40
365.40
362.80
364.52
411.32
372.60
347.32
396.00
339.40
338.52
330.60
358.40
358.32
344.80
341.80
333.32
354.60
393.12
325.20
337.00
300.00
354.80
432.72
450.72
495.12
413.00
433.92
411.80
389.80
414.20
386.40
372.52
327.92
341.60
390.52
329.32
382.32
329.20
357.92
361.32
327.32
356.40
329.32
383.12
413.60
318.92
374.80
358.32
426.92
658.00
623.32
603.92
694.60
469.72
487.52
372.32
631.32
347.00
320.60
348.32
402.32
321.12
326.92
361.52
321.52
319.32
356.12
439.20
545.60
443.12
345.12
353.92
354.40
320.00
352.32
359.32
388.72
434.80
313.12
358.00
395.32
317.60
358.20
482.80
395.20
331.00
330.80
298.52
344.92
419.40
315.80
361.60
339.80
363.80
401.00
366.60
309.32
330.32
370.52
336.92
375.80
415.12
404.52
364.60
441.52
327.92
322.72
409.92
402.00
327.40
368.40
475.52
423.92
378.72
405.52
361.72
332.00
460.92
395.72
333.72
346.20
438.32
399.32
323.72
340.60
366.92
313.60
359.72
447.80
360.12
403.20
425.12
379.40
328.80
450.32
460.32
358.12
332.40
404.80
433.72
307.00
354.60
420.12
335.00
398.20
479.52
345.12
320.40
364.80
333.12
319.00
337.12
399.80
328.52
337.92
381.92
616.00
394.32
417.12
360.00
317.80
386.60
471.72
381.12
321.12
377.20
405.12
352.72
348.80
365.00
312.12
388.80
437.92
452.92
342.60
358.00
388.92
347.40
424.32
465.52
417.72
336.92
353.00
383.12
324.20
339.60
373.80
324.92
352.80
462.00
429.20
335.12
339.12
413.12
363.12
348.20
390.40
350.72
366.92
393.00
408.80
312.32
427.00
384.92
330.60
345.60
459.12
436.32
355.92
323.00
372.52
339.92
373.60
406.92
360.40
340.52
376.40
473.52
352.32
369.72
478.00
434.20
337.40
443.12
427.20
352.12
402.60
376.80
393.12
358.80
437.12
389.52
330.20
373.80
433.40
335.00
302.00
323.52
399.80
443.52
367.20
477.52
354.80
455.00
334.52
309.52
332.32
352.20
327.32
328.00
350.72
326.52
358.80
347.20
325.40
314.00
332.72
340.32
318.00
318.12
333.80
397.00
371.72
358.20
394.92
344.92
302.40
309.92
299.72
317.60
340.92
299.32
324.40
329.72
357.72
325.60
325.32
353.80
416.80
359.80
328.20
346.40
391.40
388.92
343.20
337.80
330.00
322.00
321.00
320.52
361.80
422.00
343.32
301.80
327.72
431.52
336.80
320.60
314.52
351.20
326.80
321.92
317.00
324.20
417.12
378.00
385.60
393.00
397.80
366.00
323.40
329.12
371.20
348.52
322.92
335.92
339.20
369.12
343.00
315.92
352.00
387.80
336.00
325.12
357.00
406.80
345.52
339.52
342.40
342.40
347.20
330.20
335.92
376.40
432.40
401.40
328.40
384.40
426.20
343.52
307.72
377.00
385.00
329.92
312.00
331.72
356.92
393.92
356.52
390.60
367.32
383.72
337.00
314.80
364.72
400.60
340.00
323.32
314.80
345.92
334.80
331.92
348.60
363.92
414.92
354.12
349.20
397.12
475.12
367.32
358.92
311.52
304.20
308.40
309.12
300.20
359.72
359.80
320.80
347.20
382.12
429.40
341.20
299.00
294.72
323.72
338.92
308.80
330.40
431.32
450.80
429.60
420.32
412.52
479.20
415.00
392.40
405.80
497.12
432.32
421.20
395.20
494.32
430.12
418.52
411.00
470.52
462.60
545.60
419.92
405.60
628.60
621.52
470.92
418.40
441.40
518.12
427.72
439.80
584.60
614.80
614.80
633.40
588.20
564.92
461.32
555.72
429.00
436.60
553.00
462.32
389.92
586.40
552.60
424.32
399.72
553.72
461.52
424.92
468.00
407.00
416.52
518.12
423.60
385.12
567.80
448.40
390.12
499.92
482.72
438.80
400.92
365.00
368.60
594.40
416.92
407.20
396.72
411.72
420.20
376.52
375.92
382.00
418.80
384.52
364.52
439.60
411.40
411.60
346.20
354.80
388.60
378.00
355.80
378.40
593.20
477.40
482.40
596.20
534.52
538.92
464.32
468.40
476.32
523.52
462.40
491.72
484.40
479.12
470.20
396.60
369.32
416.72
454.40
375.52
379.32
555.80
565.32
381.40
348.12
349.20
397.60
391.60
372.60
368.32
405.60
488.12
463.00
368.20
383.72
441.52
365.72
373.60
393.72
409.60
360.80
342.80
359.00
505.72
428.32
392.00
348.00
436.80
430.80
382.00
383.20
370.92
396.12
368.40
368.60
369.72
406.92
424.60
388.40
427.40
549.32
425.32
385.80
365.92
584.40
439.80
365.20
376.40
399.52
438.52
440.20
376.40
361.72
420.20
432.72
417.40
384.12
460.32
513.00
407.92
378.72
422.52
395.60
411.60
397.12
531.72
532.12
482.52
564.40
406.00
450.40
454.40
401.92
375.92
419.32
419.20
412.72
429.00
422.40
415.72
414.40
397.00
397.60
441.20
493.72
438.92
443.32
546.80
505.72
401.52
354.60
373.12
403.60
418.20
376.52
383.60
514.52
605.72
373.12
381.60
448.92
505.72
431.00
363.80
376.40
378.00
425.32
364.32
546.92
475.72
437.92
378.12
372.12
445.40
510.60
437.80
407.12
388.72
385.92
409.80
383.32
373.12
383.52
406.20
381.40
477.92
455.12
508.52
393.32
468.00
493.92
435.32
410.80
464.12
378.92
412.32
409.60
386.40
381.52
455.92
441.72
383.92
404.92
424.80
445.72
416.52
397.92
406.80
439.00
462.72
485.40
591.52
530.12
641.00
491.60
384.32
421.52
454.40
361.12
373.32
450.52
427.40
398.72
381.92
393.72
428.92
410.20
419.60
413.32
474.00
452.20
433.00
359.60
383.00
391.52
308.52
281.32
322.20
321.00
288.12
306.00
315.12
316.20
341.20
347.40
313.20
334.92
316.80
304.92
305.72
309.80
309.72
333.12
458.92
498.80
408.80
466.92
352.92
334.32
315.52
319.92
316.32
370.32
395.80
343.52
321.72
343.60
330.92
344.52
336.92
372.92
354.60
325.20
343.60
339.60
391.80
427.32
332.40
302.92
330.72
305.60
292.20
310.40
307.00
303.32
307.72
332.00
298.52
314.80
301.20
287.60
309.60
293.32
327.92
326.32
310.40
389.00
392.80
400.32
354.00
334.52
326.00
314.72
296.40
297.00
307.40
327.80
309.92
332.80
336.32
321.00
312.32
315.00
327.12
324.40
316.20
336.32
353.00
365.20
370.92
317.72
322.80
312.12
314.72
316.12
314.12
311.12
333.52
299.80
317.92
343.92
291.52
303.12
304.40
301.40
287.40
306.80
305.40
290.20
325.60
317.12
312.32
304.80
317.12
304.92
305.20
314.40
310.00
304.12
298.00
304.60
312.12
298.80
309.72
291.60
317.52
345.40
321.32
317.20
302.20
337.40
346.32
294.92
307.40
308.20
300.92
321.80
324.40
299.32
301.12
300.40
301.60
288.12
345.20
320.60
328.32
297.32
339.40
325.00
306.20
345.52
317.52
343.52
360.60
310.72
322.20
324.40
321.40
324.72
307.80
303.80
303.80
299.60
310.80
318.12
323.60
303.40
338.12
307.00
285.60
309.60
305.52
298.00
321.60
330.12
302.52
321.80
324.20
331.20
313.80
311.12
386.60
458.80
473.72
406.52
470.72
383.92
364.20
361.72
331.00
293.12
297.80
297.32
285.32
326.52
321.20
337.00
325.00
296.20
289.52
339.72
274.20
293.92
309.00
279.60
278.20
306.20
350.52
277.20
270.92
286.12
318.40
320.12
299.92
302.72
345.80
308.80
339.12
269.20
271.32
311.52
312.20
340.40
319.40
272.92
294.60
303.20
309.80
287.32
295.40
310.20
304.92
287.52
284.32
289.40
267.12
325.60
331.72
332.32
364.00
331.32
301.60
312.40
278.72
298.12
276.40
282.20
305.12
309.20
301.40
320.20
300.80
320.60
287.40
304.80
283.80
276.32
302.52
306.80
330.80
353.80
283.12
269.92
284.72
265.72
304.92
304.72
288.92
311.40
303.92
299.20
274.60
288.72
287.00
281.60
293.00
261.40
289.80
286.32
299.72
347.12
328.00
289.20
300.92
313.52
277.60
360.40
301.12
315.00
354.80
442.12
313.92
404.60
300.92
411.32
320.32
388.20
297.52
435.32
338.72
335.40
372.80
428.92
372.32
287.60
331.20
407.00
415.52
291.20
290.80
363.40
326.12
287.12
353.32
327.20
322.32
320.20
511.52
358.92
309.80
299.12
402.00
348.00
338.60
376.80
470.32
330.72
331.40
316.12
326.00
302.72
289.60
291.32
344.00
295.92
280.32
297.32
299.80
288.92
287.40
288.32
293.72
311.20
327.40
336.52
373.60
292.92
288.32
312.92
322.52
299.40
316.00
299.60
335.00
284.20
320.12
288.72
300.12
294.72
327.80
340.72
319.20
276.60
318.32
299.52
312.00
348.12
337.52
319.40
299.32
309.52
372.60
327.32
335.40
296.32
339.60
322.32
284.52
299.32
320.32
309.20
340.40
303.60
328.52
324.32
287.20
416.72
376.12
325.40
308.52
336.60
306.52
318.00
331.80
380.52
325.20
324.32
309.80
380.32
330.92
311.00
300.00
410.80
334.00
318.52
322.72
323.40
326.52
327.80
392.72
336.60
332.92
361.40
328.80
319.00
311.80
321.32
400.92
334.00
312.12
340.72
350.00
341.20
302.20
281.40
324.52
317.20
304.80
305.12
364.00
349.12
343.80
294.92
300.72
289.12
309.32
297.92
329.92
337.60
328.52
340.80
355.20
322.32
346.72
368.72
354.60
310.40
323.20
361.32
320.00
349.80
349.80
396.20
360.00
308.12
313.72
359.00
330.60
345.12
318.00
323.80
332.40
325.32
345.12
320.52
301.52
348.32
357.20
336.20
323.80
325.72
391.12
389.92
334.00
313.72
346.80
317.60
329.00
314.72
310.40
323.40
322.60
315.72
339.12
320.92
334.92
307.52
324.40
309.40
321.92
329.80
320.00
328.52
340.80
384.92
368.60
331.32
320.60
358.60
301.00
293.92
322.40
341.52
307.60
289.40
306.60
281.12
294.80
292.60
299.12
300.12
293.40
278.92
285.80
327.00
342.40
341.60
360.00
292.52
292.32
301.52
306.12
276.60
293.32
303.72
337.40
317.20
301.12
298.72
309.72
298.72
290.32
300.52
312.40
307.12
294.52
348.72
358.60
320.52
302.40
346.32
316.40
298.52
310.60
324.52
304.32
310.52
320.60
348.60
335.60
312.20
306.92
414.20
344.52
326.60
334.32
324.32
386.52
390.32
340.72
357.20
306.72
342.32
344.12
322.00
303.92
321.60
363.00
356.52
341.72
347.72
366.12
325.92
311.80
338.32
375.60
318.32
321.20
364.92
413.20
411.52
356.32
432.40
365.00
325.92
340.72
332.92
307.52
326.20
384.92
393.60
338.12
322.80
335.92
320.40
340.12
306.92
351.32
366.12
338.60
343.72
359.60
391.60
354.32
327.20
327.72
322.60
340.80
430.92
466.52
467.60
381.00
427.00
379.12
327.20
333.72
320.80
327.32
306.40
334.40
341.40
400.92
341.40
345.52
302.60
297.12
307.32
310.00
311.20
307.92
316.72
356.00
301.32
311.32
332.52
339.00
379.52
335.12
310.20
317.52
328.92
339.92
371.92
380.80
343.32
309.00
301.80
305.12
353.00
338.32
411.32
348.32
383.72
456.52
354.00
343.80
347.92
326.72
310.72
303.60
313.72
321.40
361.80
339.32
345.72
360.52
340.12
342.72
334.72
330.20
334.80
332.00
308.92
295.52
311.72
410.92
337.60
324.20
307.32
313.20
319.20
306.32
309.40
342.92
320.80
336.92
381.60
360.40
311.52
304.40
322.12
321.00
317.32
310.60
342.32
334.40
326.40
347.12
363.92
330.00
307.20
315.32
316.72
339.92
292.80
307.32
384.40
383.00
402.00
310.80
308.92
290.52
300.32
318.00
327.52
311.72
334.52
344.32
322.00
308.72
339.80
325.52
360.40
350.52
362.80
360.60
344.72
380.20
396.32
366.00
339.60
309.32
311.12
309.52
311.72
305.60
336.40
303.32
309.32
349.12
338.40
308.40
327.00
334.20
323.80
312.60
318.52
311.12
323.12
332.32
330.52
388.00
328.92
331.52
336.32
316.32
325.32
332.72
325.60
324.72
317.60
312.20
338.12
326.32
294.80
304.52
320.60
344.20
302.52
310.80
346.92
332.12
382.52
349.32
335.72
317.80
321.40
320.00
315.20
292.12
329.80
322.12
340.52
362.00
313.40
319.72
330.52
320.12
374.60
329.40
320.72
446.72
486.80
389.72
359.32
303.12
341.40
338.52
334.80
315.12
317.60
336.60
327.32
326.92
319.60
355.60
382.32
335.52
353.00
364.00
318.92
344.40
325.32
359.40
355.60
332.92
308.92
282.12
329.80
339.40
329.12
312.32
307.00
331.72
313.32
320.72
315.20
336.72
311.72
289.60
306.40
352.52
374.52
306.00
424.20
475.92
403.52
339.40
328.32
326.72
311.12
320.60
302.60
355.52
317.52
296.32
319.52
287.80
307.52
322.20
316.80
329.52
332.32
310.80
332.00
313.72
346.00
364.00
403.20
374.20
336.32
340.12
328.92
350.20
311.40
318.72
312.40
315.40
331.60
289.12
309.60
316.40
299.80
304.72
290.00
304.52
301.92
348.12
368.52
346.32
294.00
299.00
300.20
303.20
296.40
310.52
296.52
283.52
326.40
315.20
307.20
297.40
312.72
354.00
339.32
306.52
307.60
311.12
327.52
364.12
349.20
301.32
308.60
305.80
328.72
319.12
319.00
282.60
322.52
309.52
294.60
312.32
296.80
276.12
298.92
278.20
300.20
303.92
303.32
325.72
329.00
377.00
335.80
333.72
298.52
338.72
315.40
299.52
304.92
299.40
277.72
284.60
303.60
286.92
283.72
292.72
275.72
282.72
333.60
290.72
276.72
335.60
321.80
354.20
307.80
289.32
308.40
314.00
300.80
291.60
291.72
306.80
287.00
321.00
313.92
302.32
294.92
315.40
287.92
281.72
297.92
307.72
331.32
331.00
354.20
326.80
298.12
293.12
300.92
276.60
289.60
296.52
274.80
293.40
292.00
286.12
296.60
298.12
277.92
313.40
293.12
311.12
344.72
363.60
361.00
325.00
293.92
304.52
305.60
281.12
288.60
294.40
291.40
297.32
301.40
296.20
299.72
315.52
318.60
387.32
360.52
349.32
366.80
365.00
342.12
398.40
440.20
432.80
331.00
462.92
448.72
331.40
370.00
324.52
347.40
357.20
307.52
334.60
334.60
457.32
337.32
326.60
375.92
431.80
320.60
357.00
472.12
418.92
467.72
419.52
331.60
327.52
413.12
381.60
348.60
435.80
433.20
507.00
451.20
456.32
373.40
355.92
429.80
402.20
356.12
344.32
407.20
414.32
404.12
411.20
329.52
323.72
355.60
320.12
325.20
316.40
296.52
283.72
304.12
302.72
289.12
299.20
313.52
300.52
347.32
332.00
305.20
305.20
322.60
357.52
382.40
311.80
316.52
309.32
291.32
275.72
281.80
303.32
283.92
295.12
297.32
278.72
294.32
286.80
299.00
296.92
277.12
302.60
303.20
300.52
325.72
328.52
363.00
309.80
314.20
301.52
306.52
298.60
299.20
297.12
294.40
291.60
302.40
309.72
290.60
296.72
293.80
303.60
283.80
298.00
289.12
310.60
379.80
363.32
311.32
281.60
275.32
302.60
295.60
294.32
292.80
372.00
362.92
326.80
315.72
280.20
280.00
298.32
297.40
312.00
320.32
291.00
298.92
339.12
327.80
345.72
293.20
288.12
298.80
349.20
307.20
324.60
320.72
312.32
305.92
292.12
291.52
314.20
316.80
297.32
303.00
318.52
295.52
307.80
339.40
354.60
311.40
321.72
302.52
293.32
279.72
280.40
294.60
315.60
305.92
305.32
309.80
310.32
280.92
293.92
308.72
292.12
296.92
301.00
313.80
311.80
329.92
338.20
364.92
316.72
314.12
314.92
283.40
303.12
307.20
296.72
299.00
305.60
286.40
303.60
315.32
305.52
312.60
312.40
292.80
301.12
294.80
331.80
331.92
294.40
289.52
291.72
303.20
296.80
309.52
287.72
344.20
330.72
308.12
301.60
301.80
296.20
275.00
319.80
298.20
292.60
290.00
290.32
321.60
323.32
350.12
302.92
319.32
331.12
294.52
294.32
277.80
298.80
279.32
291.32
293.32
304.12
292.52
305.12
305.72
324.12
307.80
308.20
338.72
371.80
353.32
324.32
295.92
287.32
270.72
302.80
322.72
296.40
297.20
301.92
303.72
307.00
307.00
300.60
298.80
302.60
308.92
301.60
309.80
299.20
306.92
323.60
332.40
363.12
329.40
319.32
337.72
297.72
304.92
315.32
313.32
293.00
292.72
334.12
342.00
365.92
328.32
420.12
327.20
544.40
355.92
468.12
405.12
364.52
472.60
406.60
322.32
364.60
417.92
356.00
353.00
383.20
422.40
349.32
346.20
373.32
343.92
361.60
383.20
366.00
303.32
388.20
419.80
340.40
371.32
461.80
328.60
323.40
419.52
330.32
325.52
396.32
359.80
314.12
353.72
411.60
383.72
331.20
390.00
401.20
333.92
400.52
393.00
328.80
380.12
459.00
403.20
339.40
378.32
366.72
316.32
361.80
382.00
346.92
351.72
380.52
323.40
348.12
419.72
335.52
342.60
378.32
419.60
333.80
351.12
399.72
352.12
380.12
492.40
340.80
342.20
442.60
383.20
318.60
365.32
404.60
325.92
354.80
394.32
356.60
324.80
437.52
412.12
346.00
486.00
704.12
426.32
412.52
469.00
370.00
497.80
393.92
320.12
325.52
332.12
354.92
314.72
376.60
332.52
334.92
324.40
320.80
378.20
334.20
316.00
326.40
385.72
337.20
338.72
336.80
405.40
369.92
308.60
287.60
335.40
310.80
308.52
327.00
328.60
322.40
329.00
344.80
322.32
331.72
316.40
333.80
320.20
334.40
331.80
359.20
342.32
336.80
342.52
327.40
334.32
341.20
315.72
335.52
328.40
319.60
335.60
322.40
306.00
328.32
3