Measuring voltage and current with INA219 ...
420.92
412.40
508.72
698.80
411.60
409.12
455.32
505.72
519.12
423.32
475.92
403.12
426.52
502.52
595.72
454.80
408.32
439.52
426.00
450.92
451.80
423.00
395.20
418.32
525.52
617.00
460.32
436.80
445.60
497.00
546.32
617.72
454.52
411.32
423.52
459.32
528.60
413.92
465.60
416.20
435.52
497.72
630.60
446.20
384.52
416.00
480.32
492.52
469.52
522.32
453.00
494.20
519.40
658.52
450.60
414.60
428.12
437.32
505.92
467.40
477.32
444.72
419.00
482.60
602.72
455.52
390.32
426.00
451.40
492.12
473.00
489.40
453.40
440.60
546.40
621.12
428.32
431.00
379.52
435.12
481.32
544.52
459.00
454.72
426.20
486.72
524.00
462.12
458.72
404.12
423.32
518.32
570.20
456.20
483.12
452.60
455.40
469.12
432.92
428.72
425.32
416.00
496.92
500.32
389.72
367.52
440.52
429.12
469.52
457.12
451.80
412.80
496.92
602.40
685.72
568.12
526.60
532.40
533.60
533.40
636.32
475.20
483.32
475.20
582.72
596.52
534.92
479.00
417.40
447.12
555.80
483.52
609.40
531.20
595.72
577.52
616.32
531.72
549.80
507.20
531.80
576.32
632.40
525.80
514.00
547.00
552.72
577.80
522.40
528.92
480.40
498.72
593.12
656.12
525.12
458.60
577.20
559.20
580.20
583.12
575.32
499.60
508.60
568.52
684.72
574.72
548.60
547.12
546.20
606.60
583.72
599.60
514.52
579.40
636.52
640.72
555.80
571.20
488.40
510.92
569.72
540.60
478.40
451.00
472.20
557.92
579.40
453.80
491.72
448.40
439.20
482.12
612.20
423.52
396.80
443.12
475.60
517.72
478.60
557.92
512.00
577.12
662.80
701.60
521.72
508.32
506.92
525.80
589.40
628.92
522.60
473.60
403.80
493.60
535.72
453.60
473.92
421.60
430.12
474.00
530.12
460.92
462.20
434.60
494.40
616.80
440.40
452.12
412.60
432.92
495.00
513.80
412.60
394.20
421.60
455.12
539.32
438.92
429.32
406.80
447.72
522.12
675.32
490.52
413.52
469.32
452.72
471.12
438.00
430.60
405.20
430.72
529.92
537.92
457.52
409.32
410.40
449.12
489.32
452.80
432.72
397.72
445.20
548.72
646.60
459.32
442.80
438.12
445.72
501.20
538.12
432.00
418.60
454.00
498.80
663.80
436.00
417.80
416.52
444.92
530.80
665.80
419.92
384.12
460.40
560.12
647.12
633.32
534.00
473.52
518.40
609.00
560.60
575.60
547.12
529.60
633.80
599.32
524.12
542.92
508.40
555.40
587.92
678.92
516.12
506.60
550.72
581.00
578.52
576.72
408.60
425.40
423.60
494.32
583.92
420.60
421.00
370.20
405.00
485.20
524.00
425.60
429.00
448.12
460.60
533.80
444.52
488.12
440.00
456.32
498.00
538.32
413.00
413.12
437.40
452.20
492.60
474.20
435.80
418.72
407.72
460.80
530.32
434.72
402.32
439.60
458.40
461.20
481.72
460.52
431.00
459.80
506.92
627.80
454.12
660.80
499.00
445.12
478.92
457.72
440.20
430.40
416.00
451.80
610.72
492.00
544.92
482.80
551.52
630.20
562.60
586.32
435.60
458.00
478.40
505.00
445.00
491.60
408.52
444.32
507.72
521.40
435.60
418.20
425.40
472.60
577.20
468.32
441.40
402.20
458.80
517.60
651.92
440.00
410.32
426.12
480.32
615.52
437.52
463.52
464.00
462.72
488.80
628.72
427.60
411.80
389.92
437.20
523.92
455.20
440.72
397.60
457.72
506.12
544.32
466.92
443.92
379.20
439.32
524.72
490.92
414.72
456.00
456.12
529.80
628.60
432.40
437.00
420.32
442.32
542.20
489.20
431.52
448.20
491.20
462.60
595.12
459.40
450.12
403.72
421.40
443.80
587.52
443.32
462.40
406.80
455.12
482.00
427.20
435.72
400.00
445.12
527.20
530.20
462.12
491.60
450.40
441.92
552.52
542.40
621.72
438.20
510.32
524.12
568.20
537.40
449.80
473.72
467.92
541.52
646.60
572.60
539.52
527.12
537.92
537.40
644.32
560.72
449.92
502.32
527.12
558.80
636.00
583.32
539.72
577.52
590.52
691.12
540.60
495.00
512.12
547.00
654.40
550.12
539.60
489.60
519.72
577.52
690.12
609.12
492.72
547.32
576.72
575.40
535.72
589.40
512.80
519.40
577.32
698.60
504.40
512.32
505.92
589.20
623.72
598.32
553.80
492.32
586.40
619.32
678.60
579.92
540.12
584.00
553.00
581.92
680.60
483.60
454.72
480.80
533.12
636.92
461.20
426.72
437.32
533.92
648.52
702.60
578.00
507.52
583.52
626.32
544.92
470.52
498.52
433.20
504.52
529.72
622.60
469.72
423.52
447.32
567.80
522.20
470.52
452.00
437.20
504.20
510.00
685.12
539.40
522.00
502.80
551.80
489.60
562.92
459.60
449.00
431.20
480.52
647.80
429.72
452.80
489.00
543.92
494.00
554.00
434.52
432.52
486.20
488.52
632.92
468.20
465.52
472.72
504.12
516.52
568.52
472.52
433.12
494.00
549.52
550.60
505.00
482.80
465.32
470.80
493.52
547.80
451.12
463.00
498.20
513.32
504.20
525.12
457.52
487.72
468.72
541.92
679.60
473.72
464.60
450.60
508.72
534.72
497.32
452.40
419.12
457.20
461.52
651.80
425.00
425.60
432.52
489.72
647.80
475.80
431.00
459.40
515.12
511.80
625.20
425.60
425.72
413.32
459.40
606.92
612.20
575.92
504.52
513.72
577.40
697.72
543.32
505.72
556.40
588.72
609.60
703.40
512.40
529.12
535.40
569.20
657.52
481.20
580.72
613.80
552.52
613.80
565.60
441.00
444.20
440.00
551.80
503.80
423.72
404.12
418.00
486.80
521.80
450.20
454.00
422.00
423.92
459.80
575.32
435.80
455.40
478.60
483.72
467.92
557.60
422.32
422.40
425.12
490.32
529.52
430.40
445.40
436.92
465.92
532.00
600.00
521.92
471.80
467.32
514.52
691.80
582.40
504.00
569.60
692.52
702.60
451.80
441.12
407.72
452.92
557.92
604.92
386.80
500.80
506.80
456.12
530.40
541.92
440.12
453.60
405.52
432.60
538.92
428.52
456.92
418.92
454.80
454.72
518.32
427.52
443.12
464.40
420.32
506.60
445.40
500.32
500.32
465.80
522.52
596.72
494.40
433.32
419.92
457.72
519.12
558.12
529.60
552.72
443.00
456.92
535.32
475.72
416.72
432.00
431.32
524.00
648.92
481.80
484.80
425.72
477.32
477.72
622.60
483.12
413.00
433.20
477.52
625.40
451.20
471.40
433.32
423.72
542.20
423.60
501.92
413.20
423.92
458.12
568.80
483.40
462.20
418.40
444.12
476.60
561.72
407.12
402.60
423.72
477.12
545.20
414.80
378.40
389.80
418.32
491.80
650.52
575.20
515.60
557.60
623.52
599.60
574.20
586.32
480.92
468.52
528.40
615.92
488.32
495.92
584.52
554.32
520.80
512.00
478.20
541.92
509.92
595.32
583.72
492.80
536.20
561.60
544.60
589.12
666.00
581.60
481.00
501.32
571.92
641.00
576.20
514.92
552.32
553.80
575.12
657.92
660.20
525.72
466.60
531.72
605.20
543.60
581.40
594.60
582.60
625.52
704.92
584.80
503.80
492.40
547.12
595.00
518.00
563.32
490.12
504.12
579.60
648.12
510.60
581.12
510.60
528.92
588.40
548.00
574.60
533.32
578.60
664.12
614.00
527.12
516.92
495.60
547.60
572.60
593.52
629.80
587.60
584.00
629.72
695.32
587.80
605.00
605.20
659.52
586.32
702.12
584.40
483.12
406.92
490.80
484.80
454.32
421.00
384.80
415.00
465.92
491.92
463.00
452.12
421.32
439.40
488.80
453.80
461.92
456.40
486.60
645.92
646.40
470.12
417.32
421.72
460.72
480.32
501.72
426.72
415.60
420.20
512.92
608.32
424.40
419.20
397.60
426.52
471.20
468.32
455.52
440.40
434.12
516.80
552.12
461.32
475.60
436.80
476.20
484.60
495.12
438.12
400.12
452.80
480.40
502.20
432.80
415.80
389.80
409.52
449.00
608.72
418.00
412.00
528.92
501.00
521.80
488.60
454.80
416.52
418.92
507.80
610.60
444.20
422.00
434.92
513.12
541.52
435.12
430.52
409.20
414.32
501.80
543.92
425.40
458.80
424.20
438.00
498.92
530.60
437.20
389.72
474.52
484.12
509.80
425.00
465.80
411.72
451.52
502.60
503.72
419.92
410.20
451.12
512.32
678.52
547.32
571.12
522.80
581.60
600.52
653.20
496.80
503.00
539.12
584.60
619.80
585.12
583.40
525.32
540.52
581.60
696.00
519.20
541.12
539.60
536.52
525.00
535.00
488.80
548.32
434.20
525.20
683.00
477.00
432.20
405.60
444.72
471.40
517.72
435.92
440.80
444.40
491.60
587.80
440.92
462.52
414.80
449.20
522.72
602.60
475.72
442.12
436.92
461.20
493.72
442.92
443.12
402.52
433.32
512.40
610.40
414.72
417.60
413.20
480.92
489.12
529.12
434.20
432.00
457.20
527.52
641.32
492.60
460.52
446.12
431.00
462.20
492.00
438.80
384.60
449.40
508.80
644.40
417.60
419.12
414.40
463.20
470.92
490.32
418.72
405.60
517.92
546.40
545.40
424.20
463.12
395.52
429.00
469.00
609.52
454.20
416.32
439.60
464.72
618.72
423.60
458.72
405.32
423.40
497.72
543.60
437.32
444.20
423.12
494.12
522.12
496.72
448.52
403.72
453.72
480.32
492.32
439.32
455.00
438.72
511.00
535.32
597.32
488.32
458.52
531.72
560.52
540.20
437.00
507.52
441.52
466.12
495.12
474.80
419.40
405.80
392.72
472.12
515.32
432.52
493.72
371.80
382.92
491.72
486.40
421.00
428.20
452.60
444.00
464.20
470.92
476.92
497.00
444.32
546.00
613.80
410.52
405.52
402.00
439.80
515.72
488.52
425.72
397.72
416.72
478.60
612.40
437.12
525.00
383.72
450.72
611.12
489.32
497.00
508.32
542.40
561.52
695.00
487.80
507.80
440.52
480.60
565.92
512.72
478.20
454.60
473.40
627.92
568.92
510.32
539.00
477.32
480.12
550.32
658.40
621.00
509.40
518.92
579.12
602.40
524.80
514.92
473.32
508.20
579.40
696.40
580.92
561.92
659.52
581.20
616.92
582.00
560.92
543.32
580.20
657.40
659.12
580.12
610.60
523.92
533.72
588.72
554.40
571.40
523.00
538.00
623.80
700.80
541.40
536.92
565.00
582.60
704.20
684.32
627.92
623.80
626.52
698.72
656.20
497.40
442.40
411.12
465.12
474.60
543.60
405.20
443.92
446.40
475.32
532.20
439.72
442.20
411.20
494.52
490.00
573.80
431.12
479.60
455.60
500.52
529.32
414.80
417.60
391.60
418.32
503.20
584.52
454.00
481.00
409.20
429.60
497.12
506.92
665.72
420.72
439.32
547.40
679.52
548.92
525.60
530.32
498.52
622.72
569.52
453.32
396.72
408.40
467.12
605.72
458.40
447.40
404.32
423.32
463.92
500.00
461.60
440.20
432.80
490.12
528.52
517.40
456.72
457.52
453.20
492.92
559.40
437.12
418.12
440.80
436.60
548.52
535.32
437.52
418.20
530.92
504.40
626.12
467.52
447.12
403.00
444.32
576.12
510.52
540.00
505.32
469.52
475.40
527.60
453.40
435.12
450.12
452.00
485.12
477.60
441.60
419.60
408.00
454.00
528.40
458.00
447.52
409.80
458.60
515.40
548.40
423.60
417.32
409.92
441.72
654.32
480.20
528.52
474.40
547.12
573.40
666.72
521.80
513.92
506.00
628.72
671.52
589.80
690.52
624.60
616.20
669.20
696.00
602.92
551.60
510.40
508.32
504.60
450.52
472.72
411.32
415.12
493.12
590.32
449.40
480.92
406.40
464.52
483.00
479.60
447.12
491.60
490.32
552.72
510.52
525.80
465.00
441.60
440.72
573.32
565.80
473.92
468.72
419.60
484.80
559.32
433.92
435.52
474.00
459.52
525.12
641.00
513.92
543.40
518.00
464.72
520.80
467.60
464.40
434.12
431.72
535.20
598.60
464.52
456.92
398.72
446.52
475.80
468.60
463.60
554.32
438.32
517.12
653.32
512.32
541.12
472.00
466.72
486.72
554.40
429.20
420.60
473.60
461.12
642.52
528.40
473.20
389.72
439.32
541.60
608.52
510.92
466.12
424.92
468.12
546.92
476.80
519.00
523.12
495.20
560.60
603.40
436.52
473.52
419.40
437.32
510.80
691.60
436.60
415.52
423.40
489.52
618.60
460.52
458.00
397.12
472.80
513.60
564.20
445.40
400.20
425.00
475.20
604.12
513.20
432.32
404.20
470.12
449.80
551.00
421.32
417.32
413.52
462.52
580.00
440.72
452.00
414.92
509.12
515.12
530.60
500.12
491.52
409.00
452.12
492.60
441.52
424.12
416.60
432.60
503.92
535.92
426.40
454.12
420.60
476.12
495.92
445.52
431.80
454.00
465.52
532.92
600.32
461.52
431.40
419.80
444.20
491.00
476.32
465.72
545.60
467.80
505.20
679.60
485.72
516.40
440.92
505.72
563.32
538.00
505.00
506.92
547.00
575.12
572.12
490.20
499.32
477.52
496.72
576.12
623.00
621.72
529.60
534.00
539.80
602.32
586.12
546.80
549.52
631.60
629.32
657.72
644.32
634.12
593.60
626.00
622.40
591.52
537.00
481.12
513.72
573.00
692.72
585.12
530.92
492.72
525.80
558.60
550.72
583.00
536.72
517.32
578.00
670.60
591.80
600.32
528.00
589.32
557.72
589.52
511.92
459.12
483.40
630.92
641.92
466.32
426.80
420.92
502.00
490.92
513.00
436.92
447.60
445.12
568.00
558.00
501.60
456.72
459.00
435.80
484.20
632.00
441.20
453.52
407.12
453.20
473.80
420.60
388.40
374.12
423.32
456.92
559.52
445.52
483.52
418.40
476.80
505.80
476.52
509.32
409.72
410.80
463.60
606.00
433.92
451.00
438.52
469.20
565.12
564.00
412.40
406.60
390.72
481.52
620.00
459.40
453.92
473.92
520.92
510.40
533.00
517.60
433.60
424.12
469.52
539.52
449.52
482.40
463.00
448.20
477.72
602.72
494.00
472.00
461.92
575.92
579.12
646.60
584.52
519.80
489.92
483.80
651.72
458.72
501.12
437.60
466.80
474.32
474.92
483.32
492.32
493.40
481.40
597.60
438.32
484.60
477.32
453.32
505.12
572.60
461.32
484.40
449.40
490.12
554.80
447.32
474.12
433.00
464.80
500.12
485.12
464.72
462.80
439.60
587.72
599.20
570.80
576.72
529.92
572.40
695.80
703.12
658.20
568.52
558.80
660.32
657.72
660.52
631.60
646.00
655.80
641.52
583.92
512.40
546.20
504.20
465.60
594.32
431.80
497.72
438.12
499.12
527.52
655.40
497.00
531.60
420.72
416.72
496.80
510.72
440.32
452.72
395.80
463.52
498.20
429.72
428.32
386.12
418.20
508.12
541.32
437.12
434.92
447.80
532.60
529.80
519.00
467.80
431.52
424.80
486.92
620.00
422.80
431.72
447.12
456.80
485.12
439.40
421.52
387.80
388.60
494.00
638.52
401.32
424.00
444.32
467.20
523.72
480.00
444.72
412.60
411.20
454.00
530.40
459.60
437.60
430.60
436.80
488.80
478.00
419.92
466.52
505.12
492.00
650.40
536.32
487.52
447.52
421.80
465.72
474.92
431.20
404.20
420.80
459.12
500.40
434.60
478.40
404.80
437.40
496.12
618.32
452.40
506.00
468.12
471.80
488.32
486.40
571.92
502.12
443.80
488.72
581.20
424.72
439.92
385.72
394.52
477.60
467.00
461.12
402.80
388.60
464.60
636.52
423.00
447.80
419.12
452.92
482.40
578.12
469.12
482.40
440.40
568.60
542.40
443.80
454.32
408.32
424.40
497.60
602.92
405.12
444.20
385.20
449.80
495.40
428.32
488.12
405.72
454.60
505.92
610.52
475.12
459.52
413.12
454.80
468.32
456.00
422.20
408.40
425.32
499.12
628.72
425.20
423.00
394.12
423.80
467.20
571.00
512.32
474.20
582.60
543.20
639.92
499.32
509.32
451.72
484.72
564.80
648.40
545.80
584.72
530.92
575.72
563.12
479.60
493.40
446.00
561.40
641.80
641.92
527.32
562.12
506.60
587.80
596.20
550.20
525.20
517.32
632.32
621.12
697.60
570.40
680.92
554.60
550.72
579.92
586.40
546.20
531.20
514.12
639.20
696.80
539.80
595.12
543.00
582.72
571.00
657.52
538.00
513.12
470.40
572.52
618.40
563.12
611.40
555.60
514.40
563.40
583.20
528.12
525.60
540.40
581.40
627.92
581.72
521.92
444.52
457.32
517.00
567.52
442.52
412.00
401.32
461.12
464.00
462.00
502.32
417.20
447.00
464.80
579.12
416.60
457.52
446.52
450.52
508.32
467.40
462.92
476.92
409.52
509.12
559.20
435.92
438.12
414.60
424.20
474.60
489.40
448.72
391.12
413.80
462.52
503.12
456.40
505.20
435.20
424.72
508.32
573.92
485.80
417.12
445.20
508.72
555.20
428.92
438.60
414.72
415.20
563.32
625.72
458.72
412.20
403.80
465.52
508.60
444.60
462.32
422.52
405.72
522.12
674.32
482.92
490.80
448.60
419.80
485.32
448.80
433.92
441.80
459.20
467.92
575.40
517.40
569.20
451.40
455.80
550.52
533.40
451.40
449.12
494.80
671.80
592.60
491.12
493.72
406.00
460.60
489.92
551.80
485.12
470.72
457.52
490.12
538.72
459.32
458.20
452.12
478.32
542.32
655.52
463.52
503.52
544.40
617.60
578.60
578.72
556.80
508.00
555.32
576.32
632.32
525.52
547.52
526.32
542.92
571.92
579.52
581.92
579.60
556.12
616.80
700.72
581.80
607.60
530.40
549.60
570.92
588.92
471.52
461.60
455.60
509.40
572.40
466.60
452.92
401.72
421.92
466.12
534.40
433.52
489.72
521.32
615.00
609.00
574.12
540.80
524.12
451.40
527.20
501.92
421.00
424.72
414.92
455.12
483.12
472.00
424.60
406.20
406.80
498.20
513.72
408.60
444.00
407.72
413.60
534.52
520.20
479.52
414.52
466.92
489.12
560.00
437.52
431.32
419.60
447.32
488.60
524.52
420.60
417.40
404.80
447.60
562.60
428.00
454.40
387.60
450.92
583.12
543.40
420.00
445.60
420.40
450.40
492.92
644.52
478.12
455.92
477.72
548.80
652.32
476.20
562.12
607.40
577.92
697.32
694.60
704.20
682.40
672.92
660.40
660.32
661.12
659.80
607.60
660.92
696.60
633.40
676.72
701.80
699.80
705.80
705.40
707.20
699.40
704.00
706.00
704.72
705.00
707.20
684.92
674.92
706.72
705.92
706.32
704.80
624.80
661.92
662.60
663.32
661.52
635.92
652.00
689.72
659.32
668.32
705.60
683.72
688.12
706.92
705.72
705.60
705.92
676.80
649.52
704.72
631.20
634.40
663.00
606.72
701.40
681.72
497.80
440.80
635.52
456.60
607.12
415.00
435.00
491.20
393.80
484.32
624.60
509.92
519.60
411.60
545.60
653.80
703.52
571.40
563.20
558.32
700.52
705.40
541.20
701.60
640.32
492.52
659.12
587.52
465.60
490.40
459.40
482.52
645.40
556.00
496.40
459.60
508.72
670.40
663.40
550.20
508.60
527.20
555.60
660.52
583.80
541.32
514.32
548.72
600.20
688.72
627.32
553.00
521.20
563.60
653.92
658.32
534.20
553.00
527.12
625.80
677.32
537.92
556.60
529.40
581.80
599.40
666.40
550.32
532.80
525.72
648.00
699.60
571.12
576.92
507.72
611.20
676.00
703.20
547.80
546.92
508.92
568.40
523.32
640.80
542.92
449.12
487.60
512.00
644.32
518.00
506.52
424.52
452.00
567.60
477.60
527.40
470.12
515.12
559.60
622.80
512.00
482.20
424.00
432.72
542.80
542.72
510.60
498.72
513.92
544.32
601.52
435.40
474.12
461.32
426.60
512.40
491.00
460.20
574.00
541.40
486.12
669.60
479.32
588.12
435.52
457.20
508.72
487.20
490.40
450.12
434.52
447.60
518.32
479.32
474.00
455.72
440.20
514.52
484.72
485.40
473.60
454.52
511.20
564.72
477.60
427.72
416.52
410.00
502.52
594.80
529.20
467.40
426.00
457.72
492.32
447.72
456.52
456.52
411.60
483.92
600.20
479.40
493.00
407.12
445.20
491.60
509.40
415.80
424.20
399.92
462.52
520.92
462.00
444.32
412.00
441.20
475.72
522.72
444.40
457.60
429.80
490.40
601.20
477.52
470.12
433.00
423.60
463.60
594.60
424.32
436.72
467.72
602.80
586.00
539.80
485.60
505.92
530.00
624.52
671.92
548.92
520.32
572.40
583.52
597.72
585.60
584.52
537.12
483.52
583.52
600.40
573.40
607.40
452.00
457.72
496.40
511.72
415.20
433.60
439.12
541.20
587.60
495.60
467.12
429.72
450.72
524.72
651.20
514.40
465.52
405.20
457.20
501.80
451.40
470.52
498.40
452.60
514.40
642.60
439.60
437.80
416.20
473.72
496.20
438.52
479.80
446.40
504.20
497.80
598.80
458.92
435.52
414.60
422.60
484.20
459.72
454.80
437.72
416.80
492.40
590.20
431.20
425.80
417.60
447.32
494.12
507.20
450.52
447.40
467.12
522.80
558.60
426.40
493.72
591.20
494.52
493.60
468.00
594.80
438.12
416.40
462.40
539.52
455.40
445.80
482.40
479.20
499.40
583.92
483.92
499.92
458.80
458.20
467.52
445.92
436.72
425.20
388.52
492.20
605.80
451.72
427.80
408.12
454.32
473.40
512.12
517.52
504.12
495.60
563.60
689.40
470.72
462.00
445.20
469.80
456.12
443.32
462.20
525.92
477.12
648.72
627.32
658.52
700.52
415.72
436.20
559.52
643.52
596.92
587.72
588.12
582.00
652.00
532.20
666.92
433.52
420.20
520.20
658.60
460.72
414.00
407.00
524.40
577.92
408.52
392.00
419.00
431.12
578.60
540.20
575.20
570.60
604.92
651.00
705.80
704.40
705.32
673.92
685.00
591.20
702.40
538.32
559.52
581.32
553.00
689.72
590.00
659.52
646.72
650.80
660.32
659.32
581.52
623.40
645.60
588.60
691.32
700.32
588.52
584.80
566.40
703.00
705.32
587.52
705.72
691.52
679.12
707.12
706.80
670.32
678.72
660.20
707.80
706.20
659.00
659.92
522.92
561.92
635.20
657.12
554.32
564.80
459.20
581.12
653.80
556.52
609.00
566.00
626.60
653.92
703.92
526.00
644.20
594.52
566.92
631.00
705.00
649.20
596.60
509.20
648.40
659.12
562.00
586.12
630.60
568.40
601.20
570.92
552.80
570.80
509.92
581.60
597.52
485.72
523.20
463.60
449.32
507.52
685.72
554.72
464.20
491.00
498.60
567.12
510.60
514.12
424.20
401.40
532.00
559.32
505.92
515.20
427.80
441.80
485.80
449.40
544.92
437.00
423.92
560.20
628.80
525.00
460.72
456.52
436.52
485.52
582.52
478.00
423.72
396.80
521.32
608.32
454.32
467.20
403.92
427.60
456.20
592.00
466.40
444.12
434.40
508.60
542.12
450.92
510.00
414.40
423.20
495.92
577.60
455.80
498.80
457.20
456.00
489.12
509.40
435.52
427.80
429.92
551.00
608.80
440.92
497.80
459.80
498.80
524.00
581.12
439.72
474.20
417.72
495.32
547.40
464.20
479.60
447.72
432.12
469.92
455.32
456.72
437.20
427.32
513.72
552.80
456.40
548.60
508.92
451.32
524.60
496.80
451.72
427.60
428.92
422.32
505.92
488.32
482.72
418.72
432.80
509.92
577.92
467.80
524.92
611.12
579.80
642.72
621.92
629.72
600.52
622.32
635.60
697.60
585.12
513.52
558.60
515.00
590.20
562.00
563.52
507.00
456.92
579.72
670.00
521.80
599.52
459.52
429.12
536.20
526.00
464.60
435.00
438.52
506.72
501.20
463.32
443.92
420.92
438.32
675.20
487.12
442.32
419.92
398.12
461.32
546.80
472.00
445.92
391.60
439.52
543.40
634.32
557.20
430.52
458.40
487.80
476.32
443.80
449.00
443.92
402.80
469.00
591.12
445.40
448.72
415.52
431.00
471.20
471.80
419.60
427.80
444.40
507.20
533.12
510.52
502.32
450.80
483.32
531.60
487.32
420.80
431.20
446.32
503.32
518.80
466.20
430.72
401.32
410.80
514.40
628.40
443.52
435.60
465.12
502.72
511.52
471.00
492.52
415.32
437.32
531.52
637.92
439.12
489.52
476.32
509.80
483.00
467.32
435.20
411.40
436.40
522.92
572.72
460.00
529.32
473.40
517.00
485.52
583.20
418.40
409.92
414.52
490.72
604.92
451.60
445.52
392.40
443.92
478.40
479.72
408.32
417.40
435.52
460.52
561.92
490.72
494.40
493.60
443.12
487.52
650.00
425.00
429.12
419.40
459.00
509.72
464.92
477.72
498.12
536.12
633.72
655.40
521.52
559.00
499.52
513.12
542.92
656.52
573.12
549.52
552.80
612.12
696.40
486.72
452.20
413.12
456.80
465.12
491.80
423.40
437.72
399.20
463.00
612.20
449.92
468.72
388.40
430.92
565.52
574.92
584.92
464.20
482.72
505.32
513.52
547.00
553.20
462.60
501.72
580.40
582.00
517.60
523.00
467.40
502.92
587.12
595.52
577.12
578.20
646.32
657.92
647.92
644.80
623.80
505.40
586.60
657.72
612.00
530.52
528.40
563.12
622.52
698.40
555.52
535.60
490.20
565.92
613.00
530.40
523.00
501.52
530.60
637.40
606.92
567.00
563.20
499.32
526.72
621.32
592.40
530.92
517.20
552.00
580.00
580.12
551.00
548.32
515.00
506.52
601.40
700.12
624.80
568.52
505.92
546.12
555.32
478.12
466.00
421.80
424.20
475.80
606.12
422.12
445.92
471.60
470.92
503.52
431.20
456.92
410.20
419.92
463.32
583.80
462.60
515.20
497.60
442.20
495.00
454.80
420.80
426.52
413.12
483.72
591.40
489.12
473.72
409.52
433.52
485.92
491.00
447.60
442.92
390.32
467.72
561.20
473.12
478.20
455.60
469.60
567.60
594.20
421.20
417.20
416.72
455.20
552.72
468.32
469.72
520.12
470.72
532.72
594.80
477.32
519.60
457.72
581.00
658.60
694.32
684.20
645.72
646.52
664.00
604.12
590.80
702.52
608.72
497.80
634.12
470.12
425.20
425.40
409.72
483.40
592.80
526.40
448.92
388.32
435.72
5