Measuring voltage and current with INA219 ...
669.92
686.00
587.00
598.60
638.72
676.72
660.32
772.40
694.52
550.72
606.40
676.92
684.80
594.92
647.72
580.80
562.52
702.92
723.92
585.72
664.52
732.52
604.80
687.60
729.72
577.72
632.72
684.12
705.40
749.12
599.40
681.92
568.72
715.20
781.00
781.00
780.00
781.92
605.00
780.00
777.72
558.80
627.40
654.00
644.52
635.32
601.60
673.40
601.92
692.80
713.92
778.12
590.32
781.00
685.20
579.20
667.12
695.32
590.12
561.92
581.00
709.12
780.72
660.40
710.52
643.40
620.20
636.12
722.92
662.32
683.60
659.20
655.72
678.12
656.52
608.80
636.80
667.00
777.80
777.00
602.20
688.32
642.72
609.40
635.60
619.52
582.00
584.80
609.40
654.72
725.72
726.92
701.60
678.52
652.52
706.32
663.80
566.40
562.12
592.80
706.20
705.00
601.52
651.80
596.80
610.12
664.60
566.00
556.20
553.72
550.52
593.00
677.60
640.80
673.12
562.72
579.20
611.20
679.92
549.60
595.32
582.12
568.72
645.00
599.32
553.00
564.52
568.80
641.12
641.00
547.32
560.20
547.92
594.52
684.00
641.92
573.52
550.00
561.20
624.72
685.80
587.52
601.12
557.00
597.40
647.80
665.60
559.20
557.72
599.40
624.32
676.60
578.40
614.20
592.80
611.52
736.92
750.12
577.52
570.92
550.12
611.12
636.80
629.32
594.32
543.92
547.72
644.60
614.12
560.72
587.12
588.12
618.12
679.32
570.00
597.00
619.60
632.92
715.60
760.52
589.52
600.72
589.00
597.00
684.72
597.20
569.40
553.72
561.00
633.60
680.80
579.80
618.72
555.32
580.00
611.72
575.52
579.92
588.72
628.20
637.52
663.32
579.40
601.12
576.52
576.20
697.92
644.52
576.32
586.92
574.40
636.32
689.92
744.12
729.60
779.72
779.80
780.72
779.92
702.20
714.52
755.40
662.12
708.60
605.00
599.52
567.20
589.20
637.92
693.80
666.20
583.52
554.52
607.72
719.60
595.60
622.40
584.72
550.92
649.52
668.60
623.52
675.00
565.92
579.32
618.92
572.92
567.92
590.60
586.80
601.72
677.52
556.40
577.00
554.60
571.72
676.00
636.92
553.80
549.00
555.32
613.40
719.92
645.60
584.32
544.20
577.92
614.80
647.72
553.12
582.92
568.80
592.40
663.00
596.80
574.72
586.20
595.80
653.52
596.20
571.72
598.92
576.80
631.20
690.12
725.20
575.52
580.20
565.12
660.92
725.40
590.20
580.12
557.40
568.60
626.40
605.72
563.52
624.80
587.92
614.72
684.12
561.12
592.40
589.20
632.12
676.12
630.40
575.20
561.72
591.20
633.40
684.20
674.40
634.92
610.20
607.32
672.72
566.20
576.00
605.60
587.12
563.20
641.72
612.52
557.60
591.40
649.12
750.12
642.32
546.40
550.40
618.20
632.20
638.72
632.32
603.92
587.52
570.60
649.72
727.12
595.32
568.60
578.12
574.72
624.20
558.00
615.92
625.32
655.80
627.72
658.20
568.92
581.12
549.80
667.40
656.60
589.20
553.52
598.20
556.80
592.40
666.32
692.52
646.32
617.60
590.52
673.20
647.92
619.12
689.80
583.72
615.52
680.32
579.12
567.80
560.92
598.80
686.12
676.60
587.32
587.72
602.52
608.60
677.60
596.60
587.32
574.72
570.52
625.92
753.32
727.20
659.00
563.52
594.32
635.52
586.60
616.40
625.20
644.00
625.00
654.52
634.00
669.92
603.52
691.52
636.32
631.52
593.20
567.12
584.72
670.80
736.72
725.12
716.72
734.20
584.00
722.32
777.20
677.80
567.60
639.80
761.12
672.60
596.20
687.60
672.12
586.80
648.80
684.12
563.20
581.92
603.92
637.20
687.20
583.52
589.20
562.60
568.40
634.60
678.92
614.32
611.72
581.72
574.40
611.20
564.32
551.12
583.80
549.60
616.00
669.12
559.52
570.32
604.72
631.00
706.72
680.92
572.40
632.72
680.12
720.92
727.52
725.12
656.60
577.52
582.32
647.72
675.32
594.40
575.80
556.12
645.20
705.80
619.12
615.12
677.20
689.72
702.40
668.92
575.72
660.32
592.12
615.92
638.52
566.00
558.52
555.52
569.32
640.72
696.92
606.00
560.40
546.52
555.12
668.00
621.60
615.92
632.80
557.60
617.20
678.20
554.80
587.12
583.20
589.40
632.72
607.60
556.72
548.60
555.72
595.20
680.60
562.92
592.32
560.52
587.00
639.12
627.52
643.40
618.80
560.20
572.60
645.20
564.32
556.80
574.12
569.12
634.20
597.92
553.52
551.00
550.32
609.40
629.40
568.12
552.52
559.00
545.52
637.52
729.32
650.40
575.20
589.52
571.40
606.12
627.40
627.32
621.32
588.52
668.40
728.72
595.52
588.40
623.80
582.40
687.32
576.72
567.80
551.32
579.52
618.72
677.12
674.60
593.80
553.00
632.60
641.32
654.72
599.32
559.32
565.32
628.40
633.92
598.00
581.80
603.12
569.52
661.00
660.72
570.00
570.40
609.40
643.20
645.52
675.32
561.00
557.80
562.60
621.72
689.80
562.12
583.80
549.00
579.32
629.12
589.32
591.12
571.60
567.00
604.72
652.20
565.40
647.80
611.52
652.80
619.20
567.00
581.12
543.32
542.72
643.60
676.72
560.60
553.00
546.32
592.40
643.72
668.72
661.32
587.92
556.60
609.00
676.40
622.60
680.32
672.00
563.60
625.72
680.72
552.20
582.32
551.20
589.12
627.12
551.60
559.40
541.60
544.60
580.32
681.80
555.52
621.92
567.40
578.92
630.20
615.72
685.20
676.32
598.72
625.00
716.80
591.52
634.72
646.00
722.80
714.60
729.00
775.92
639.92
647.60
779.20
750.00
583.80
709.20
664.40
576.52
780.32
779.12
702.92
652.00
691.60
717.00
700.92
725.12
724.40
649.72
719.00
725.00
726.12
744.80
675.52
670.80
749.80
779.12
688.32
581.80
737.92
692.40
753.40
781.12
746.32
612.72
628.60
694.00
720.20
762.92
739.32
723.60
576.52
712.20
726.72
631.32
650.60
723.80
674.60
727.32
677.60
642.00
616.12
764.52
743.52
714.00
633.20
753.60
686.60
593.00
732.32
781.80
587.32
715.32
701.20
591.52
779.52
781.52
668.32
579.72
721.40
721.12
727.00
644.80
694.60
657.60
707.20
681.52
591.60
687.52
580.20
655.72
718.32
729.20
623.12
728.20
655.52
630.40
758.72
734.60
662.80
571.92
579.92
748.20
746.20
621.12
702.32
723.92
654.92
695.60
695.20
651.32
649.80
641.12
714.12
758.92
591.12
595.80
709.92
695.92
649.60
688.00
638.52
570.80
577.20
590.32
718.40
685.32
736.80
607.92
574.12
651.00
681.92
639.00
611.52
658.92
639.20
727.12
650.60
643.00
672.72
594.92
658.00
721.00
570.92
586.40
571.80
567.32
660.92
681.12
651.80
566.60
576.92
599.80
708.52
587.92
639.12
594.40
628.60
666.52
759.92
586.92
598.60
584.20
646.60
628.12
585.80
569.72
579.80
621.52
689.12
706.40
578.92
570.32
546.20
629.32
690.32
632.52
648.32
568.92
577.00
636.40
693.92
580.32
582.40
606.60
604.52
675.12
605.32
580.20
559.32
588.20
648.92
675.20
556.92
583.72
558.32
576.72
607.72
587.20
552.80
543.60
541.32
611.80
645.80
552.72
597.12
573.72
564.40
639.80
615.32
568.52
606.60
609.72
618.52
639.20
557.92
573.92
551.52
540.52
654.80
645.60
548.60
552.12
563.92
577.32
660.72
596.32
574.20
560.32
552.72
620.32
676.72
609.92
635.72
640.72
582.60
650.80
632.80
658.80
662.72
710.72
774.60
781.00
668.20
688.32
625.40
678.60
708.72
777.20
640.60
622.32
668.20
682.52
747.12
657.80
716.60
697.60
631.20
677.00
648.52
572.00
556.80
588.52
636.40
692.92
585.92
600.92
614.00
579.52
632.60
649.72
578.12
564.72
544.20
570.00
686.72
632.60
659.92
575.00
570.52
635.52
689.80
586.60
636.20
592.92
572.60
645.72
614.72
579.72
574.92
627.60
648.12
732.80
592.52
588.32
553.40
571.80
681.00
694.00
557.92
550.60
561.92
598.32
672.92
561.92
648.52
552.40
561.40
620.80
560.72
568.60
553.80
594.12
599.72
643.92
579.12
575.20
562.32
639.92
669.20
733.60
551.80
542.00
543.12
564.20
634.00
593.20
552.12
554.20
544.80
635.80
620.40
548.52
576.00
547.40
624.72
628.92
562.32
633.72
697.60
721.12
668.32
687.12
672.12
582.00
578.20
582.80
693.32
696.40
557.12
552.32
606.20
708.20
655.32
770.00
724.40
550.52
650.00
676.00
584.12
585.72
704.60
691.20
568.60
721.00
640.80
595.60
573.32
608.52
724.20
667.52
693.20
664.52
578.00
748.00
754.92
640.40
574.72
702.52
647.12
689.20
779.20
778.32
716.00
663.00
734.20
673.12
588.12
689.92
698.40
618.80
688.80
719.32
646.60
616.00
654.32
659.20
704.60
715.92
714.80
560.52
692.72
688.12
750.92
690.80
780.00
632.00
609.40
770.40
723.52
591.52
626.60
604.92
635.60
690.80
698.12
628.12
620.72
671.80
723.92
724.60
640.32
676.40
712.32
667.20
691.40
690.92
686.72
664.92
778.60
661.00
766.60
598.92
636.40
700.40
606.72
695.72
781.80
671.00
582.40
776.20
772.60
781.00
662.80
652.00
618.20
703.32
728.00
729.32
669.72
690.72
608.92
723.12
691.32
695.00
673.00
714.32
600.80
769.20
781.00
653.72
666.92
694.92
632.32
776.40
605.12
691.32
626.60
690.80
779.20
702.52
712.52
704.60
614.60
650.72
724.20
659.00
666.20
624.20
606.12
637.72
684.92
588.52
626.40
577.72
593.00
651.92
596.32
597.40
629.72
646.00
639.00
684.20
570.92
567.80
591.52
574.20
655.60
571.00
570.92
567.20
577.00
638.92
650.00
643.72
616.20
574.52
596.52
656.80
710.12
604.92
619.72
598.40
589.80
645.60
578.00
570.80
548.20
586.72
633.00
570.80
567.00
568.52
554.32
549.40
664.12
600.52
563.00
556.52
535.92
645.80
657.40
633.12
675.80
549.60
588.72
624.32
565.52
551.40
593.72
571.12
624.40
679.80
569.40
601.92
568.52
625.20
651.00
664.40
674.20
646.40
567.72
682.12
724.40
665.52
665.72
597.12
607.60
676.92
681.20
639.60
604.80
772.80
619.00
735.32
771.80
595.20
703.20
763.92
662.60
692.40
628.80
591.32
611.20
677.40
723.52
682.12
682.72
726.60
639.12
681.12
780.92
652.92
681.80
767.00
619.40
778.32
670.20
682.52
648.52
580.40
772.12
706.72
595.52
743.52
645.20
670.52
778.92
607.00
600.80
568.60
565.52
644.80
686.40
600.92
577.80
556.20
591.12
636.20
645.00
625.32
633.80
574.40
604.72
689.80
598.20
576.92
605.40
628.52
677.40
650.92
578.32
575.00
550.52
605.52
665.00
632.80
593.92
558.40
544.40
640.20
700.52
618.40
603.80
565.00
589.12
635.72
561.12
596.72
615.80
586.40
610.72
676.40
573.00
617.40
588.32
611.12
645.60
582.40
572.80
554.92
558.20
635.72
716.52
605.20
581.12
563.12
560.40
639.20
669.32
649.52
690.00
572.80
605.52
691.12
650.72
692.72
721.12
720.12
774.52
781.32
670.20
651.32
575.12
619.32
663.32
562.92
579.60
575.40
596.80
705.32
722.52
723.32
668.00
602.80
718.80
752.52
642.20
780.12
780.32
565.52
776.72
780.32
679.20
669.20
646.20
674.80
713.60
662.12
719.92
587.00
660.80
781.32
733.72
780.92
726.12
622.32
723.60
723.92
701.12
679.60
619.52
740.80
639.32
777.52
719.12
602.92
712.32
744.20
667.52
729.80
682.32
626.40
676.72
692.72
749.12
616.40
604.12
630.52
613.00
775.40
721.60
632.60
635.72
719.80
632.80
716.12
705.12
678.52
699.52
677.52
712.60
739.60
664.32
644.92
707.20
702.80
778.92
668.52
635.52
764.80
613.40
711.92
780.40
632.40
735.20
705.72
601.40
722.92
653.40
724.72
654.32
700.80
719.52
757.32
725.52
746.72
691.80
780.60
772.80
652.72
747.52
741.60
682.40
699.32
763.00
758.00
777.32
771.72
570.92
635.32
781.00
771.60
765.40
633.40
629.80
717.60
727.20
727.60
729.72
578.12
711.72
726.80
620.12
687.60
743.00
775.80
732.12
620.40
683.32
630.20
635.80
604.92
731.00
657.20
660.40
616.72
608.20
744.92
781.80
716.12
624.92
658.20
719.00
673.20
642.52
586.20
633.40
664.80
648.20
691.40
607.20
700.12
617.72
650.60
744.52
775.00
629.20
554.40
553.32
682.00
781.00
605.60
566.60
586.20
729.32
710.12
631.20
707.12
725.92
642.80
623.12
663.52
645.40
678.80
595.52
612.00
714.52
661.20
563.92
561.52
719.32
780.32
780.60
566.20
618.32
726.12
635.00
661.92
722.20
706.80
610.72
594.72
713.72
729.60
690.12
717.92
635.52
644.52
688.60
690.80
568.20
641.12
665.32
677.72
711.00
659.00
645.20
637.32
664.12
681.40
776.52
745.40
631.60
591.40
668.20
759.40
582.60
618.00
581.52
600.52
710.52
727.12
712.92
726.12
725.12
711.00
735.12
727.80
755.00
667.40
677.72
681.60
750.12
603.32
637.40
631.92
678.92
777.32
762.12
618.72
716.32
708.92
691.00
683.52
632.32
724.92
699.20
592.52
647.72
723.52
723.72
701.12
653.80
639.20
763.72
677.32
566.60
582.40
634.40
714.60
626.80
556.72
604.52
570.20
599.92
771.92
779.40
713.72
710.80
739.60
770.72
781.40
705.72
684.32
617.80
719.12
726.80
692.92
612.92
672.60
652.32
674.32
715.60
572.92
602.80
595.92
644.40
775.60
678.40
634.52
570.00
549.80
584.12
652.20
563.80
597.92
556.32
553.92
622.20
686.00
584.32
624.60
633.20
590.92
705.80
700.00
596.92
560.32
591.00
700.80
711.40
550.80
546.40
565.60
606.72
632.20
608.52
597.60
574.72
574.80
627.12
709.52
592.72
638.20
614.32
608.12
623.12
607.52
573.72
590.80
618.72
651.40
637.20
570.32
602.12
634.92
639.32
623.92
610.72
563.60
599.20
552.92
572.20
628.20
609.60
598.40
554.60
567.20
640.20
638.72
582.32
639.80
650.00
730.12
737.20
670.72
574.92
648.00
570.40
654.40
692.72
571.80
574.32
561.32
671.12
682.60
584.40
562.32
628.72
570.12
606.72
696.72
711.72
701.60
674.00
603.00
716.52
627.00
559.60
575.00
597.12
676.52
654.40
601.80
601.20
559.60
554.00
728.72
684.72
554.72
552.32
677.20
718.32
727.00
649.40
693.92
601.32
545.32
648.00
763.20
573.00
569.72
598.12
642.60
672.32
596.12
615.40
590.12
578.12
662.12
682.52
586.12
583.40
556.60
728.32
713.52
646.40
652.72
674.40
664.00
730.52
779.32
723.80
779.40
696.40
695.40
770.40
728.20
657.60
628.20
606.20
655.60
714.60
649.72
592.40
596.40
611.80
769.00
777.20
708.60
602.92
773.80
780.12
699.60
779.00
630.00
678.72
707.40
677.80
647.80
611.40
672.12
591.80
627.92
694.72
631.32
723.40
685.00
692.72
694.00
681.92
604.80
654.92
695.40
669.40
661.72
780.60
705.20
555.00
728.92
775.60
731.80
592.00
712.32
647.12
596.60
778.72
780.72
721.12
779.60
728.00
697.12
726.60
623.72
702.72
637.80
680.72
735.00
694.00
720.60
726.60
562.32
633.40
773.92
692.52
586.60
647.00
648.60
629.00
627.92
657.32
688.20
634.52
568.60
636.20
582.00
548.40
555.60
611.20
646.00
665.00
569.92
595.52
556.52
595.92
671.00
593.00
548.20
558.32
574.32
623.32
687.72
629.40
677.60
609.92
578.60
646.80
630.32
573.40
568.92
585.60
615.72
620.12
618.60
595.00
581.32
583.80
628.92
621.32
578.32
585.20
576.12
590.52
651.00
645.20
624.92
551.72
543.92
638.52
606.92
556.40
574.72
549.80
594.32
637.60
589.72
555.12
545.32
628.72
654.52
683.52
578.80
575.20
543.12
603.40
676.12
648.00
581.80
558.72
553.52
616.32
677.00
595.72
602.92
558.00
566.92
617.20
569.32
581.40
591.60
580.20
581.12
655.52
558.92
607.72
593.40
597.12
703.52
660.20
562.52
555.60
563.52
628.92
665.12
614.72
561.40
545.92
554.12
631.80
647.40
549.32
589.00
552.12
591.92
684.92
581.32
573.92
585.52
638.92
659.40
614.00
566.20
568.72
559.52
589.40
657.60
585.60
579.60
571.60
556.72
618.92
647.32
682.00
642.92
581.20
582.00
629.92
593.20
616.40
630.00
629.32
609.40
684.00
570.00
561.72
567.52
594.32
662.60
606.52
562.80
564.00
556.92
600.92
641.80
664.40
594.72
554.20
559.20
612.92
678.32
597.32
637.00
572.20
568.72
627.92
572.40
554.92
553.92
581.80
635.12
664.72
557.92
579.00
541.92
581.12
646.12
572.40
567.00
610.80
588.32
667.20
719.52
624.92
648.92
568.92
582.00
620.60
573.92
549.40
575.72
545.80
609.40
664.32
554.60
584.00
551.00
621.52
660.32
638.52
550.32
547.40
543.92
611.52
693.80
723.52
643.00
560.52
612.52
704.92
669.20
593.92
624.80
613.52
556.40
636.92
717.00
691.00
630.92
701.52
778.20
775.80
609.52
733.92
593.52
717.32
780.52
783.00
577.52
765.72
725.20
665.92
728.32
728.12
696.20
688.12
709.72
675.00
723.00
683.60
751.52
605.20
766.92
777.00
678.80
654.92
779.00
774.40
704.32
781.52
729.20
641.92
725.60
724.00
745.52
680.12
727.32
667.60
658.00
721.20
735.00
637.00
678.32
777.00
643.00
781.40
780.40
662.00
753.72
777.20
769.00
715.60
775.72
774.60
596.72
714.52
779.80
635.72
727.80
723.60
623.20
766.00
726.72
705.72
662.40
733.72
773.72
691.00
662.32
779.00
684.80
781.32
777.80
744.12
736.80
782.00
626.72
682.72
665.32
612.52
674.40
644.12
586.40
615.32
724.52
725.92
618.52
565.00
559.60
713.12
760.12
625.80
687.80
575.12
596.12
688.32
689.80
581.40
576.72
575.12
718.40
692.12
550.40
582.72
671.92
629.60
650.20
578.80
573.20
558.60
582.20
637.12
723.20
725.40
642.52
642.72
667.00
716.92
665.20
727.20
690.60
560.72
640.52
727.60
612.20
583.40
570.40
651.72
686.00
620.12
581.52
560.32
609.80
638.92
700.40
569.72
609.12
581.00
643.52
722.72
726.60
682.12
722.52
651.00
701.20
715.20
574.32
554.80
575.52
545.40
602.60
670.72
548.52
571.32
591.00
638.80
659.12
565.20
550.60
545.52
543.72
642.20
669.80
570.20
579.92
575.12
586.00
627.40
711.52
602.80
585.72
559.92
625.32
678.60
552.72
618.00
644.00
637.32
635.40
611.92
550.20
547.92
544.52
608.12
668.32
559.20
573.72
544.72
559.40
620.32
651.60
600.00
579.72
550.80
573.92
659.00
608.92
609.40
638.40
564.60
628.52
602.32
550.92
570.00
541.12
598.72
633.20
562.20
547.00
552.32
587.92
623.52
695.32
567.20
573.80
568.72
564.32
659.32
665.92
653.00
656.32
613.80
626.52
674.52
561.52
593.12
579.92
575.12
618.92
648.72
557.00
552.80
553.20
598.32
651.00
580.32
573.00
554.80
560.12
689.00
691.40
650.32
557.40
560.60
583.12
659.00
723.00
630.72
609.92
590.32
647.72
695.40
584.32
579.20
640.80
638.60
657.20
656.00
660.92
601.20
580.12
657.12
720.32
562.92
579.20
564.00
570.52
608.80
578.12
591.12
567.32
557.20
616.12
666.40
573.72
626.52
608.32
565.32
611.12
691.20
554.40
545.72
581.32
621.52
681.40
588.00
559.60
557.32
548.72
634.80
624.52
558.72
559.00
547.00
649.40
664.72
597.60
602.72
581.00
559.60
600.52
635.80
546.20
620.60
628.32
645.80
623.20
562.92
548.00
565.92
562.20
624.40
689.52
571.92
592.40
583.20
578.32
624.00
620.72
599.80
600.80
575.12
582.52
656.52
628.72
645.40
678.40
654.00
616.72
723.52
735.12
604.80
650.20
730.20
674.52
642.32
762.40
641.12
547.32
728.40
732.20
559.80
572.60
606.12
677.32
662.80
779.20
780.60
621.72
563.32
663.00
726.52
574.12
721.40
650.00
596.12
708.92
714.32
588.72
600.52
578.60
681.52
675.12
767.32
682.60
564.80
651.20
694.52
694.20
643.52
704.92
597.92
619.52
776.20
701.40
594.00
606.40
675.72
726.12
655.80
714.80
731.32
613.72
672.12
719.60
605.20
618.20
591.20
628.72
679.80
775.92
663.60
563.20
596.80
601.60
690.80
579.60
738.32
638.40
549.92
768.20
755.32
604.32
587.40
666.80
646.52
679.40
758.40
611.00
690.40
718.32
720.20
776.52
687.60
653.12
631.60
690.52
759.00
642.52
604.80
731.12
566.12
779.12
713.12
679.00
774.20
579.40
715.92
687.72
780.40
650.92
693.40
726.72
702.20
764.92
753.72
618.60
669.40
698.72
693.60
774.12
773.92
599.20
640.40
642.40
705.52
669.40
641.12
688.40
684.60
675.40
728.60
642.80
702.00
720.20
666.12
688.80
697.80
610.80
629.92
665.92
646.20
708.60
560.20
597.80
566.40
577.72
625.20
631.92
554.60
555.32
551.40
601.52
670.80
605.20
675.20
642.72
582.60
641.20
633.00
571.80
603.52
586.00
603.20
648.52
636.32
570.32
556.12
558.32
650.52
630.80
550.32
547.80
551.72
601.80
647.40
657.72
643.40
546.52
557.40
609.00
667.52
557.60
630.20
588.32
584.12
641.40
589.52
571.52
564.72
575.20
639.92
662.72
573.32
594.12
580.52
599.52
686.12
701.40
573.60
555.72
570.60
583.80
653.20
576.52
609.32
579.40
576.32
671.72
578.00
579.52
565.20
596.00
613.80
689.92
619.00
708.80
693.00
627.00
686.12
775.92
650.60
562.92
694.80
624.12
683.00
701.00
576.12
596.80
608.72
778.40
703.80
685.52
776.40
581.40
755.12
721.20
601.40
683.92
720.60
682.40
688.32
752.92
765.12
671.40
722.52
780.52
781.40
780.80
781.80
620.00
636.92
769.00
712.32
649.12
628.60
669.40
589.40
642.72
685.32
613.40
612.60
640.92
628.20
709.92
580.12
594.92
539.72
562.52
600.92
651.72
591.12
571.32
547.92
569.80
652.52
626.40
566.60
561.20
553.80
639.20
674.12
596.40
644.72
640.12
621.00
633.00
585.00
597.20
552.12
611.40
641.12
703.52
626.92
591.80
569.60
591.92
683.32
647.80
563.00
580.32
561.40
621.60
664.52
683.92
673.60
560.20
571.32
642.12
723.80
572.52
592.80
576.60
581.72
648.40
581.60
583.52
562.80
609.60
661.20
624.32
589.00
611.00
559.40
581.52
706.72
656.72
557.00
544.40
547.20
648.80
632.00
558.32
594.12
562.32
597.40
637.80
564.72
550.60
548.20
600.40
622.32
728.72
640.52
599.32
693.20
708.60
729.40
754.00
725.80
721.12
586.80
642.92
779.12
621.12
683.20
776.72
609.40
720.52
781.20
599.12
665.72
576.60
711.00
647.12
655.00
724.32
597.60
701.72
726.20
722.20
653.72
723.20
634.32
630.00
700.00
652.20
588.32
630.20
600.52
676.00
698.52
702.12
635.40
583.32
777.92
686.60
660.92
718.80
636.12
682.40
752.32
710.80
651.32
622.40
626.32
646.52
726.52
727.20
607.40
662.40
718.80
661.32
677.92
760.92
617.52
653.52
650.00
689.72
678.92
614.80
713.32
600.00
690.92
777.80
584.92
702.60
702.12
591.40
727.20
723.52
576.20
582.12
647.52
628.60
713.12
676.00
655.20
551.40
763.92
722.32
745.80
780.60
781.52
572.32
776.12
780.72
641.92
607.00
610.72
663.92
644.32
720.32
577.60
621.80
690.00
667.12
641.72
594.52
627.12
606.32
575.00
638.72
720.52
694.20
710.60
587.40
627.20
725.32
698.80
568.52
640.32
667.72
687.92
656.80
574.20
604.00
670.80
600.40
634.52
749.52
737.40
676.92
576.52
648.60
777.40
723.52
579.60
597.00
624.52
680.32
727.40
636.40
673.80
754.20
631.32
636.52
673.52
771.52
682.52
581.72
696.00
775.60
619.92
616.92
607.80
729.52
780.40
664.20
603.92
718.92
714.00
643.12
698.32
712.40
724.92
624.00
588.20
705.72
755.12
642.00
643.92
622.32
651.52
736.92
663.20
669.20
687.20
688.12
646.00
672.20
573.52
596.40
576.52
630.92
694.00
582.40
579.52
593.40
643.40
721.92
723.92
646.32
632.00
611.60
661.52
680.92
737.80
612.40
621.40
646.72
682.60
691.32
576.00
688.12
643.52
615.52
680.72
636.60
610.12
584.32
561.40
621.12
763.60
639.80
600.72
648.80
717.60
660.12
662.20
682.20
766.92
659.00
589.00
630.60
623.92
606.00
588.00
594.52
710.92
674.92
564.80
574.32
644.80
766.20
690.40
595.72
611.40
6