Measuring voltage and current with INA219 ...
439.00
471.12
527.20
640.72
427.40
466.52
409.80
517.20
584.72
446.60
432.72
422.92
458.80
486.80
682.80
418.60
407.92
415.40
439.72
552.32
472.00
468.00
483.00
476.32
585.32
629.80
487.40
428.60
421.80
406.00
492.80
548.00
563.32
573.00
552.32
573.80
693.92
530.00
529.20
514.20
442.80
503.40
430.80
457.40
486.32
513.72
619.20
687.52
586.00
569.20
581.12
577.12
643.20
581.32
495.92
531.80
519.52
543.12
677.12
505.72
451.52
419.60
415.92
483.32
585.32
456.52
475.40
525.60
436.32
522.92
427.12
439.80
415.72
428.60
479.72
513.72
457.40
427.72
440.72
463.60
462.12
500.72
436.20
424.52
414.20
446.32
619.72
471.40
498.80
411.00
418.52
484.32
558.92
427.32
429.52
422.32
478.40
641.12
513.60
451.92
417.00
452.00
512.60
558.80
425.20
439.60
415.20
409.52
520.32
538.12
460.40
449.00
415.72
483.40
575.12
422.40
414.00
430.00
454.00
539.40
450.80
445.60
429.40
408.40
463.72
579.20
491.40
415.80
428.40
528.52
541.40
533.52
423.52
426.52
399.32
582.00
640.80
520.92
479.92
478.12
523.60
550.20
483.00
486.92
525.32
517.60
514.60
659.92
483.92
556.52
513.80
506.40
573.80
561.00
493.00
502.72
490.40
573.32
607.60
477.92
515.32
541.40
546.40
570.52
618.12
617.52
477.32
505.80
567.40
662.92
555.12
534.00
556.92
516.12
552.92
693.40
549.80
511.40
505.72
538.00
610.40
516.72
587.20
556.12
520.52
585.12
670.52
512.72
528.40
474.00
555.20
656.60
558.12
564.72
544.40
549.32
520.72
643.52
517.80
565.92
522.00
510.00
475.32
500.32
460.52
456.32
413.12
438.80
615.92
430.40
449.80
636.52
428.52
475.40
576.92
462.20
478.40
422.80
450.72
505.60
439.60
512.40
423.00
417.92
496.32
646.12
481.40
442.72
497.80
449.52
474.32
450.20
458.92
438.20
415.32
472.00
636.12
478.60
498.32
421.40
431.80
496.60
505.72
426.52
414.20
407.20
471.60
676.52
504.20
473.00
440.72
431.00
482.72
585.12
483.72
416.20
436.72
486.00
514.12
462.52
416.92
461.60
431.12
472.92
642.60
438.12
415.80
385.40
461.20
457.60
447.72
456.20
449.20
420.72
457.00
532.52
440.52
425.32
445.72
450.92
522.20
457.12
484.80
491.92
404.40
443.52
613.60
440.80
386.52
418.12
436.00
462.12
484.32
419.00
404.32
436.80
457.60
662.80
423.52
456.12
496.12
441.92
466.40
606.20
452.32
455.80
454.12
403.80
507.40
468.92
495.60
550.80
525.60
556.52
549.92
521.80
558.72
508.32
569.40
594.00
528.92
576.00
579.20
641.00
573.20
701.52
547.80
533.92
538.32
516.40
582.80
582.52
671.92
477.00
420.20
467.12
646.52
432.32
450.20
444.72
457.80
498.40
455.40
506.80
467.12
453.92
463.12
524.80
435.80
447.52
414.20
430.92
477.60
499.92
448.20
415.60
432.80
457.20
524.40
438.00
416.72
446.60
429.92
529.32
593.52
539.40
421.52
457.52
469.32
515.80
471.32
424.00
435.92
428.52
508.32
685.32
414.80
414.20
417.80
445.00
515.20
552.60
650.40
587.00
578.60
646.12
701.72
622.00
536.32
592.72
474.92
563.32
542.20
516.52
468.52
466.92
618.92
594.40
548.80
542.52
515.80
514.80
551.12
585.00
573.20
530.40
654.80
682.40
582.80
540.32
607.80
524.60
517.32
573.92
461.60
446.72
475.80
420.40
424.00
547.00
421.32
459.52
404.72
432.00
470.80
679.12
438.40
449.32
494.40
462.32
504.12
465.72
506.52
564.52
439.40
513.52
602.80
454.40
519.32
458.32
480.72
521.32
535.92
427.92
413.72
392.20
530.80
647.72
462.00
490.20
497.52
485.00
457.20
499.32
438.00
431.80
409.40
425.00
598.00
497.60
565.60
569.40
502.00
568.32
689.20
489.60
413.72
474.92
486.72
495.92
459.20
468.00
464.60
444.52
486.32
613.12
431.72
443.12
421.12
406.40
490.60
464.12
441.52
418.12
424.60
520.12
698.72
499.80
521.52
494.32
456.92
574.92
592.92
540.40
576.72
475.52
500.40
520.60
602.92
599.80
523.32
473.52
539.00
556.40
495.92
474.12
560.52
588.92
576.20
675.32
571.40
530.52
507.92
576.40
690.92
582.12
515.92
558.52
521.80
577.00
657.80
545.52
515.52
505.40
615.00
649.12
563.32
515.52
548.92
589.32
574.12
697.60
597.92
503.20
565.92
633.72
620.52
604.12
570.40
552.32
516.00
573.20
697.40
525.80
526.60
537.92
534.72
548.92
548.60
535.52
511.32
551.60
490.72
614.72
448.12
447.60
453.32
465.80
485.40
676.60
457.60
445.40
427.80
433.52
573.72
451.20
412.32
441.72
445.40
467.72
693.60
435.00
410.60
382.72
465.92
504.20
429.92
479.60
480.32
533.60
453.12
520.72
456.32
486.40
419.52
432.32
448.32
576.12
484.40
448.72
401.32
467.60
643.20
439.32
418.32
494.92
493.12
468.92
584.92
509.00
486.40
406.32
477.80
617.20
428.92
408.52
418.52
429.60
471.80
539.52
445.52
429.40
429.80
500.20
533.00
441.20
455.40
449.52
449.92
487.60
583.32
527.32
449.00
526.20
516.80
492.32
524.72
438.12
440.40
422.80
430.52
599.32
406.00
430.72
458.72
480.32
540.00
508.20
538.40
439.52
407.32
499.20
644.32
505.00
418.92
455.40
505.32
519.60
472.72
427.72
409.52
408.92
495.20
505.60
425.80
411.80
420.20
468.12
446.12
515.52
495.72
559.72
559.20
583.40
622.60
549.52
568.12
602.20
524.40
565.12
696.40
563.20
496.80
552.12
570.80
572.12
569.92
559.80
502.60
533.12
549.92
655.52
500.00
474.92
471.20
541.00
543.20
513.52
505.40
503.60
444.40
457.20
686.60
419.60
429.12
443.40
431.92
481.00
594.92
453.92
419.32
416.52
473.52
427.32
412.20
440.80
461.72
461.92
474.40
487.00
445.80
402.40
411.12
433.40
534.20
455.32
573.20
580.52
541.32
596.40
529.80
562.20
543.20
551.12
588.60
669.92
569.60
573.40
562.32
569.00
616.00
583.12
476.32
529.60
521.40
555.32
691.40
575.12
570.92
521.40
499.52
574.72
549.32
541.72
509.32
532.60
551.32
635.92
583.40
634.72
618.92
542.40
563.20
494.20
479.40
457.40
411.60
378.00
432.40
471.40
447.40
403.52
446.72
490.40
590.92
423.20
480.12
424.72
478.20
586.32
462.00
499.80
432.32
435.40
493.80
622.72
419.92
430.20
416.32
413.00
496.60
509.92
424.40
434.52
438.20
439.80
616.00
449.20
487.20
454.00
460.72
527.92
515.80
427.52
442.20
451.60
472.92
459.32
584.40
444.00
411.72
430.80
469.20
544.32
418.20
414.12
404.92
463.12
605.40
455.12
457.52
440.60
448.32
569.12
488.40
505.92
460.60
431.52
451.40
509.80
426.72
455.40
436.12
434.12
459.52
609.72
431.32
447.32
452.92
449.80
508.60
443.72
444.00
473.20
519.52
585.00
654.60
545.80
519.92
486.60
445.92
535.92
582.92
495.80
518.92
564.72
505.80
624.52
512.20
509.92
482.52
542.00
557.20
582.52
517.80
539.00
604.12
682.52
585.60
527.32
515.52
501.80
481.60
512.52
659.92
490.92
613.80
517.40
538.40
591.00
515.52
533.60
546.00
539.00
562.12
683.80
563.32
566.52
578.32
527.40
578.00
532.00
510.32
505.72
514.52
597.52
655.80
651.12
596.72
595.92
538.52
518.40
543.12
566.60
520.00
509.60
541.12
694.92
567.40
616.52
511.52
493.92
458.60
505.52
457.52
414.00
411.92
406.52
543.92
433.52
452.52
460.00
424.12
440.00
472.40
455.72
420.12
392.92
485.12
496.00
483.52
423.60
474.12
464.20
496.00
629.80
449.92
432.52
429.60
434.32
533.92
495.32
414.20
423.40
429.12
443.32
613.32
448.52
443.92
421.00
479.80
504.32
480.60
453.52
417.20
429.80
465.32
488.40
426.52
451.60
411.60
424.20
445.80
459.00
440.52
432.80
414.12
425.80
504.32
457.52
498.20
454.00
469.52
523.72
604.32
490.12
594.72
574.20
457.60
515.20
471.00
419.32
427.12
451.72
482.72
635.52
436.80
432.52
431.12
519.00
484.92
458.52
479.80
460.32
463.12
451.32
541.72
471.60
523.12
479.52
420.12
475.12
633.32
506.60
423.12
406.52
421.00
441.80
574.32
445.92
412.32
432.40
533.92
526.92
474.00
473.80
478.80
466.52
553.80
465.00
563.92
568.12
525.80
548.12
694.72
573.40
530.40
504.00
495.60
569.52
539.32
584.60
566.32
558.12
575.60
657.72
573.32
576.72
546.72
563.80
575.40
588.12
469.32
429.80
436.40
528.00
581.12
433.72
448.72
434.52
423.52
451.80
480.92
447.12
456.12
406.40
473.20
641.20
504.20
462.32
449.12
448.92
516.60
658.72
573.40
581.92
566.80
617.40
654.92
546.80
558.40
517.40
447.40
497.80
683.60
457.60
456.00
504.52
523.60
526.80
539.00
476.72
457.92
434.80
520.52
570.20
461.72
469.32
454.40
448.20
471.32
474.52
467.52
434.00
423.80
522.40
669.80
439.60
460.92
480.32
528.80
536.40
638.52
500.52
463.00
450.32
477.20
553.72
461.00
472.20
515.32
432.92
469.72
487.92
483.20
445.72
450.60
442.00
537.12
461.92
480.40
510.92
539.80
516.12
587.40
526.32
482.72
582.40
473.40
480.12
464.72
461.80
473.12
412.92
516.80
636.20
430.20
440.12
494.52
468.60
510.60
490.92
525.00
499.12
465.92
550.60
639.72
428.12
465.20
450.72
422.20
462.52
629.12
541.72
460.00
428.32
453.52
501.72
434.92
501.92
602.52
444.32
441.40
573.12
486.12
537.60
421.72
527.40
504.92
468.92
458.12
440.12
433.60
489.60
557.60
460.12
419.60
421.40
445.72
544.20
435.32
478.72
445.20
436.20
467.40
634.40
479.92
442.72
453.92
442.32
454.12
457.40
451.72
453.20
448.52
575.32
681.92
482.00
510.40
477.72
451.20
488.60
515.20
506.92
492.52
521.32
544.20
686.12
575.40
484.52
513.60
496.40
515.00
634.40
510.32
586.92
531.60
551.20
685.52
532.40
529.40
505.92
511.80
537.52
697.92
528.52
576.32
579.00
580.00
627.12
546.32
557.00
505.72
525.40
558.00
684.40
502.00
527.00
562.72
527.52
532.00
532.20
543.60
510.12
529.00
551.00
692.72
638.52
593.72
581.32
568.00
563.92
668.60
538.20
526.60
527.20
560.92
672.20
518.40
574.92
515.80
458.60
492.00
631.40
436.92
429.80
448.12
456.72
516.60
472.52
505.60
482.12
487.32
499.92
660.20
449.32
447.52
454.00
583.52
641.72
418.52
448.40
424.00
420.20
465.92
492.72
417.32
421.72
493.00
424.80
447.12
501.12
453.12
454.72
415.92
466.60
618.40
444.40
441.12
434.92
412.72
451.40
511.12
434.72
417.40
422.12
423.20
544.00
431.40
476.52
421.60
436.20
471.00
543.12
478.12
431.80
422.12
449.00
479.12
401.20
463.00
421.92
449.80
609.92
603.52
549.92
541.92
428.20
394.80
449.72
459.72
478.60
432.32
436.60
499.32
609.60
444.80
418.00
449.32
458.52
485.40
470.72
419.20
412.92
399.40
480.72
596.12
445.92
422.92
410.92
441.32
459.20
457.32
439.20
438.20
460.20
483.92
546.00
442.92
487.20
415.40
430.32
484.72
484.20
454.52
514.12
473.52
470.00
461.00
519.72
581.40
526.60
588.60
607.72
668.72
500.40
602.32
609.52
591.40
674.60
635.32
595.92
528.60
520.92
553.80
676.60
506.92
555.92
548.60
518.40
557.00
523.52
424.40
407.72
477.20
435.60
512.52
420.60
553.40
631.32
616.20
568.00
581.72
551.72
596.92
497.40
555.80
620.20
467.52
484.80
427.32
428.12
442.00
479.60
414.60
415.00
447.20
429.92
566.20
467.80
473.20
478.40
411.12
460.72
562.92
417.72
426.72
411.60
457.32
501.80
660.92
450.00
441.40
498.80
473.12
475.52
419.12
457.40
451.00
424.92
463.60
499.40
509.20
430.80
483.92
489.92
554.12
417.80
439.32
426.72
416.52
448.20
487.72
431.20
415.92
393.72
436.60
510.92
454.40
465.12
414.32
416.72
474.12
579.40
477.00
455.72
476.20
533.12
540.60
439.80
453.12
451.00
437.20
509.32
568.12
408.80
433.92
434.72
404.52
462.40
452.80
443.40
425.40
454.40
458.60
617.00
429.40
468.80
462.32
465.60
521.60
469.40
414.60
444.40
444.60
487.40
465.72
466.72
442.20
432.20
420.20
492.52
553.40
414.00
438.60
462.20
422.20
497.80
467.92
489.52
461.60
457.72
460.40
475.80
450.92
430.92
526.92
454.72
464.72
442.32
432.32
412.40
442.32
477.80
521.60
455.80
481.00
486.72
509.72
464.40
511.80
431.92
395.72
399.72
460.60
564.60
449.40
451.40
442.00
474.00
481.52
487.20
475.52
461.92
511.40
587.40
687.92
533.72
519.60
542.52
515.32
529.80
510.92
491.00
530.00
476.00
502.52
592.40
517.60
523.52
500.52
514.20
556.52
544.00
503.40
608.40
601.40
537.52
544.72
576.52
575.20
529.12
571.52
627.52
663.20
640.20
529.12
534.60
605.12
631.32
586.60
623.60
556.12
559.20
604.92
698.80
532.52
575.00
572.00
546.60
580.20
610.60
580.32
525.20
558.92
572.80
655.40
608.20
621.32
559.20
532.32
598.20
544.32
544.20
529.20
481.92
544.00
651.32
585.60
576.80
547.00
486.32
533.80
607.80
430.00
486.12
478.92
500.00
527.12
441.72
476.52
429.32
461.92
495.52
574.60
452.72
489.60
421.52
450.72
470.60
461.60
448.60
488.52
499.20
525.20
527.60
528.20
560.12
525.52
433.92
474.20
467.12
456.52
463.80
447.52
507.52
602.52
438.52
437.40
420.00
448.52
490.72
470.72
467.12
466.20
463.72
459.92
619.00
481.72
457.12
425.32
419.72
449.80
537.00
461.32
449.20
415.12
453.00
497.60
442.20
439.32
422.52
518.92
454.52
456.40
454.52
471.52
512.72
434.40
500.60
462.12
472.92
429.20
406.00
470.92
514.52
450.12
433.32
420.00
452.72
438.12
466.40
413.80
446.40
423.92
415.52
572.40
476.32
505.92
464.12
454.32
485.72
530.60
408.20
414.20
418.40
450.00
554.20
459.40
443.92
427.32
419.92
446.00
454.80
491.00
502.32
455.40
451.12
503.92
537.80
631.12
532.80
538.20
529.92
592.52
513.32
530.20
506.60
511.40
619.12
665.00
511.72
543.12
558.12
636.52
656.32
600.60
568.80
541.60
559.00
575.20
504.60
448.20
450.72
475.12
496.72
561.52
428.80
489.92
513.32
568.80
589.92
581.20
526.20
450.40
448.72
435.72
510.60
487.52
449.20
453.12
446.92
482.72
512.32
490.72
490.92
396.40
454.72
420.92
425.40
399.80
416.32
461.92
474.92
552.92
447.40
411.20
419.00
444.32
514.92
424.20
464.60
471.00
456.60
495.92
564.12
441.00
420.12
408.72
438.32
477.40
441.00
386.92
430.60
393.80
413.52
508.40
448.20
448.00
427.92
465.52
453.20
444.92
464.60
470.72
484.72
418.12
615.60
464.80
493.92
429.80
432.00
484.40
496.20
454.52
422.40
425.32
429.12
520.20
407.20
447.92
498.72
454.92
468.32
578.00
462.80
494.20
426.80
442.32
496.92
449.72
430.12
433.72
429.40
506.00
593.92
459.52
449.92
447.80
457.40
462.72
631.12
441.72
509.52
429.92
459.52
638.60
490.12
537.20
454.20
443.72
465.00
549.40
425.80
414.00
416.72
475.12
565.00
466.80
473.20
431.00
438.92
489.32
551.92
439.92
442.12
412.72
482.52
508.12
497.00
460.20
447.72
461.12
472.40
481.40
427.52
463.60
493.52
482.12
480.52
458.20
510.12
494.12
423.40
469.32
532.92
540.52
435.52
453.60
498.32
474.00
479.40
451.12
455.72
491.20
527.20
637.12
501.52
512.72
528.20
508.80
545.32
558.20
581.40
501.40
515.40
502.00
590.60
486.72
540.52
546.52
567.40
520.20
558.00
605.92
577.12
571.92
532.00
557.20
562.60
533.20
535.60
523.12
587.20
618.92
520.00
553.20
531.20
571.80
544.00
607.52
584.12
597.92
617.20
537.60
697.72
543.32
533.52
547.00
548.32
585.12
555.92
572.20
561.00
537.12
556.12
685.60
527.92
537.52
542.40
541.60
570.32
568.72
588.12
586.72
494.92
526.80
607.72
527.32
549.00
435.52
432.32
476.92
521.00
467.60
437.92
409.60
441.60
468.60
441.72
415.52
451.20
402.12
477.20
568.72
458.40
459.52
446.80
458.40
540.32
462.52
450.40
427.72
440.40
448.52
578.72
418.32
428.32
426.52
454.12
516.92
431.12
465.32
432.32
411.20
454.92
477.00
510.40
451.60
486.12
413.52
444.20
446.20
466.00
433.40
418.00
516.40
619.40
465.00
492.12
459.32
521.72
496.60
693.60
584.40
540.92
572.12
533.92
522.00
525.00
512.00
482.32
471.20
477.72
499.92
472.12
435.20
459.60
473.80
509.32
472.20
476.20
567.92
538.72
566.12
584.60
454.20
471.80
456.00
484.32
515.80
472.60
485.00
456.32
432.92
470.52
580.20
453.92
538.60
444.80
447.72
476.92
506.20
428.20
491.40
430.32
505.32
621.32
485.80
520.80
472.40
480.12
502.72
624.20
486.20
469.92
485.12
547.92
670.60
585.00
675.40
592.92
581.60
578.52
622.32
589.32
588.92
613.80
553.72
536.80
542.40
600.80
568.32
539.52
583.32
697.92
565.40
556.52
542.20
560.12
560.32
510.32
476.00
492.52
442.72
461.20
574.72
449.20
449.92
519.12
459.92
468.80
534.12
440.20
483.92
398.60
464.60
497.92
441.52
449.92
414.60
444.52
437.12
504.72
472.52
481.92
504.72
482.40
566.92
476.52
455.32
459.72
442.32
564.80
578.80
516.60
410.32
492.12
472.52
442.32
436.00
402.72
394.00
405.92
483.92
544.60
411.20
417.80
437.92
438.12
491.72
456.12
455.40
415.40
434.72
500.92
541.40
461.12
470.20
500.72
477.60
475.12
419.92
427.40
416.12
415.00
475.12
497.20
461.32
465.40
428.92
428.40
464.00
531.12
435.60
424.00
473.60
504.60
543.92
466.52
460.60
412.92
408.00
457.72
496.12
460.52
504.52
560.92
582.72
685.32
499.32
538.40
437.00
499.40
626.32
635.52
452.12
524.20
487.72
437.32
536.40
505.40
459.20
475.40
458.40
491.72
568.32
456.52
501.60
438.80
434.80
449.32
461.92
451.60
423.40
459.72
477.40
568.20
475.92
492.60
454.20
451.52
492.52
545.12
437.52
444.52
413.00
440.92
537.40
459.80
494.40
410.40
410.20
454.60
561.32
435.32
453.92
449.80
456.32
469.40
499.92
481.12
470.20
422.80
455.80
491.12
430.92
456.72
440.72
427.52
440.12
419.00
456.32
452.60
525.92
533.72
602.40
495.92
505.20
480.12
492.60
556.92
649.32
565.92
488.20
501.20
530.60
561.32
492.12
504.40
453.80
482.72
514.60
564.32
550.60
562.12
515.92
589.00
611.00
544.12
570.00
565.92
549.72
596.80
699.52
558.72
528.52
558.40
527.80
554.32
557.40
539.52
527.80
552.00
617.40
677.00
552.80
568.32
522.20
555.40
555.20
564.60
502.72
479.20
597.12
603.12
631.72
531.20
589.40
545.60
554.80
561.00
600.72
539.00
522.72
547.40
568.80
612.12
533.92
497.72
417.52
426.40
544.80
472.12
413.60
454.12
466.60
467.12
456.12
457.52
442.92
443.12
382.32
464.92
522.00
439.80
449.60
441.92
447.60
441.12
569.60
420.72
418.80
456.40
502.40
634.40
522.92
474.52
473.80
471.72
473.20
473.92
420.32
414.60
432.92
479.60
520.72
438.52
505.40
435.72
481.52
473.20
443.52
429.40
443.00
515.20
455.60
475.60
485.80
493.00
480.00
425.60
455.40
531.52
446.32
443.32
434.92
441.72
555.60
510.40
443.32
413.00
434.12
517.12
578.60
433.32
459.80
454.00
448.20
512.72
480.20
500.92
416.72
460.92
493.20
566.60
459.80
425.00
460.20
510.80
470.80
481.32
445.60
470.92
431.32
475.80
560.52
448.40
487.52
430.40
447.12
530.32
588.72
589.80
652.92
604.40
649.32
649.60
569.40
562.00
577.12
567.92
615.72
667.72
505.60
511.52
520.32
503.72
610.52
558.92
520.12
488.80
587.80
623.92
667.52
529.92
550.60
630.20
523.12
538.72
548.32
533.00
515.60
531.00
611.20
666.32
534.32
536.92
518.20
543.72
538.00
441.92
409.72
495.72
465.60
495.80
597.00
446.60
471.40
430.20
440.72
461.40
511.52
418.52
450.92
436.20
452.20
588.00
440.32
508.32
431.32
452.40
510.92
585.40
440.92
469.72
493.32
479.32
502.92
522.72
424.12
401.72
416.52
450.20
550.80
496.00
489.32
414.32
442.32
444.00
476.12
435.00
411.60
444.80
506.20
589.60
506.92
572.80
602.12
548.72
490.92
562.00
438.00
422.32
437.92
457.52
568.52
463.52
475.32
424.40
456.20
441.60
557.92
423.40
471.40
452.40
485.12
530.00
483.80
531.40
439.72
450.72
477.80
526.00
437.20
431.60
445.00
429.12
498.40
612.12
427.72
428.32
410.32
468.20
661.72
507.92
490.92
435.12
463.60
522.92
499.80
451.40
419.12
440.52
487.80
524.60
420.92
449.60
429.12
441.00
466.52
418.00
425.40
415.12
416.12
453.60
548.00
429.60
433.20
427.40
458.12
515.32
523.00
423.32
440.00
396.72
474.72
463.12
427.80
453.40
457.80
445.20
451.72
552.20
434.60
424.72
415.12
472.32
622.72
476.00
435.20
451.40
490.92
471.80
620.72
460.20
425.40
425.20
473.12
466.60
415.92
398.32
433.52
461.20
450.00
561.00
441.32
469.60
428.52
457.00
512.20
453.52
511.92
652.52
568.20
548.12
549.12
530.72
507.12
468.32
494.00
514.92
563.60
592.52
584.52
600.40
586.40
635.52
512.40
489.52
472.60
519.60
535.40
648.80
639.40
622.80
573.40
577.60
608.80
544.72
566.80
513.52
501.20
647.00
668.60
564.32
545.72
494.20
549.92
549.80
491.72
475.52
575.32
499.72
551.80
649.92
606.80
700.40
540.92
574.20
564.20
606.00
627.20
618.60
533.40
683.12
669.32
631.12
526.80
654.00
563.60
663.92
700.20
533.80
546.32
517.92
587.80
651.60
658.00
457.52
463.52
497.72
525.52
650.12
480.92
447.12
417.80
452.52
521.20
465.32
569.20
463.32
436.92
496.72
546.92
532.20
462.20
428.20
487.80
507.92
527.20
496.20
455.52
435.20
496.12
650.00
411.32
432.80
494.92
491.40
477.20
597.60
452.00
426.20
431.52
505.80
663.20
467.00
461.32
481.52
497.72
568.80
663.20
464.00
475.72
467.52
514.20
488.40
447.40
487.72
554.92
495.32
525.80
497.32
428.72
416.52
441.32
434.40
489.12
462.80
451.12
462.52
460.52
535.60
638.72
466.00
459.32
446.00
509.20
607.00
454.12
454.40
463.32
438.12
499.52
630.00
442.92
471.60
485.92
616.60
638.32
611.00
589.32
575.72
521.32
594.20
594.00
494.72
507.52
472.52
458.20
460.52
473.40
459.12
413.40
422.80
458.72
497.12
465.80
458.20
436.60
421.80
512.40
613.32
447.00
499.40
391.60
533.00
625.40
673.12
538.60
533.80
530.72
566.60
665.60
567.60
570.00
575.20
545.60
550.52
572.00
561.32
528.40
550.00
583.60
687.20
597.20
651.60
619.52
593.40
530.40
520.12
454.80
492.60
463.60
485.40
508.92
466.32
542.80
568.60
432.20
482.52
498.40
494.92
442.32
428.40
495.80
592.72
481.00
426.40
467.60
398.12
444.20
622.60
408.52
416.52
417.00
452.32
506.52
460.20
440.12
436.80
429.32
461.20
640.00
440.00
445.20
484.72
499.12
524.40
482.20
508.32
510.12
428.40
474.80
582.60
450.80
465.00
449.80
438.92
440.00
452.32
491.60
432.60
413.00
514.92
632.12
456.12
508.52
464.80
460.00
491.00
605.52
519.92
415.32
406.40
504.12
541.00
456.60
439.00
435.32
422.60
414.32
443.52
428.20
416.32
400.20
526.92
517.60
455.40
504.20
503.92
430.12
501.52
481.72
438.52
463.60
431.20
425.52
451.00
465.00
450.60
435.20
420.12
499.80
617.40
442.32
449.12
448.20
476.52
483.12
513.20
495.72
520.32
446.80
502.92
516.12
454.32
453.40
418.80
456.32
498.80
486.12
453.60
433.12
438.72
447.80
493.40
441.92
489.20
486.20
432.92
509.52
594.52
503.72
424.72
424.00
444.20
509.20
430.20
437.72
400.92
457.20
486.92
622.12
445.32
454.80
424.12
454.40
443.40
467.60
456.32
434.12
439.92
546.40
642.32
548.20
613.32
484.60
428.00
457.80
449.80
431.12
488.52
478.72
521.92
532.60
469.92
494.20
478.32
485.72
521.32
562.60
468.20
668.20
524.92
544.40
544.52
525.60
561.92
504.20
513.60
498.00
663.00
584.32
549.32
529.52
563.32
574.92
522.32
532.60
492.20
529.92
571.92
639.92
562.60
576.72
573.32
574.52
576.12
581.52
551.52
498.80
537.80
552.40
653.72
546.92
562.72
561.92
548.32
543.92
581.20
564.60
537.20
535.00
606.32
614.72
640.60
629.12
530.12
626.52
580.20
688.80
541.40
537.20
513.40
550.32
638.40
493.92
451.72
496.80
448.52
502.12
601.60
427.72
431.52
479.12
479.60
478.92
516.00
522.32
481.72
444.32
500.52
601.72
470.72
465.92
435.80
418.12
501.72
571.32
564.40
568.80
519.92
478.60
573.32
441.40
478.40
475.32
435.00
477.32
521.52
470.00
459.80
447.80
523.40
604.40
471.32
448.00
488.60
450.12
481.80
568.00
438.80
460.72
471.20
508.72
510.92
470.92
480.52
456.60
463.52
555.12
671.20
501.72
481.20
464.92
490.92
460.92
465.52
440.92
484.60
475.20
564.20
629.72
664.80
657.32
588.72
619.12
645.20
624.52
683.80
701.60
703.72
699.12
631.52
557.20
698.12
701.80
655.40
682.00
633.80
705.60
598.12
529.00
550.12
485.32
433.92
473.92
425.20
441.20
512.80
453.92
474.20
477.92
544.92
643.80
520.52
463.72
492.72
444.72
447.32
573.60
442.60
455.80
520.20
511.40
552.72
656.92
576.72
539.92
546.00
568.52
641.20
582.72
560.80
583.60
598.00
617.20
645.32
606.60
544.72
548.40
506.80
582.80
681.00
545.52
584.92
572.72
577.20
515.32
469.40
465.40
432.40
455.80
469.12
498.32
477.40
521.12
508.00
459.92
477.80
519.40
439.80
418.80
415.12
431.00
421.00
421.40
445.80
418.32
407.72
491.60
532.80
421.00
464.92
429.40
465.12
624.52
464.12
491.60
453.72
436.60
528.92
621.40
463.52
455.12
419.12
438.40
455.12
460.60
441.12
430.80
446.60
478.80
557.72
424.60
555.72
448.92
454.60
554.00
530.20
470.32
432.60
452.72
497.40
496.00
454.32
453.72
423.20
430.80
528.80
449.80
420.72
426.80
449.92
471.52
503.72
4