Measuring voltage and current with INA219 ...
413.40
470.72
464.12
661.92
452.32
415.12
462.72
481.72
551.80
643.72
409.72
417.00
439.52
508.80
657.32
547.40
424.32
458.92
518.52
481.12
722.80
428.72
439.12
419.52
520.32
539.72
668.20
448.92
423.92
491.92
513.92
669.52
403.00
440.40
558.00
523.20
542.00
712.52
419.40
481.20
510.72
539.20
646.40
461.20
469.52
483.52
514.52
667.00
504.72
440.60
409.40
489.12
542.60
721.80
527.12
445.60
507.32
525.12
687.60
482.72
405.92
443.32
429.20
516.72
717.32
467.40
428.00
432.12
509.32
632.52
480.40
447.12
448.32
533.52
604.00
738.92
471.20
509.12
449.72
508.20
652.60
471.92
429.32
420.32
529.52
674.12
523.32
480.32
467.32
483.92
496.52
625.72
496.92
457.52
457.52
572.52
659.32
502.52
489.00
410.00
420.80
480.80
475.52
464.40
457.80
436.60
460.60
544.40
587.32
486.32
474.20
500.72
538.32
595.00
445.92
441.40
483.92
449.40
522.52
554.12
466.12
380.52
478.60
491.00
492.72
443.72
426.00
453.00
438.92
483.12
594.12
430.00
456.60
434.72
461.72
465.80
457.20
477.72
448.92
494.32
568.20
544.52
477.00
456.40
409.00
434.12
469.72
467.32
439.32
418.40
418.12
459.80
529.92
454.40
468.40
478.12
486.60
480.60
534.60
452.80
428.52
456.32
481.80
540.32
458.80
393.92
400.60
461.72
492.20
530.80
476.40
452.60
433.12
452.72
478.52
460.60
471.92
437.52
446.92
481.52
528.92
478.32
462.52
408.52
475.60
485.72
440.20
421.72
394.80
432.60
453.40
512.40
430.12
419.20
429.00
500.40
498.32
480.60
455.40
427.80
437.92
482.92
561.92
485.92
434.40
465.32
458.12
506.40
463.92
428.12
405.60
443.40
415.00
515.80
498.72
432.32
408.92
426.80
480.80
528.12
460.72
416.40
450.00
460.40
529.00
491.92
476.92
434.60
430.40
531.32
596.12
447.12
420.00
444.72
485.00
522.32
489.92
451.40
479.32
450.80
507.60
524.12
464.12
435.32
480.92
487.20
494.12
470.32
464.92
400.40
419.20
459.40
510.12
452.40
448.72
436.40
448.52
467.92
464.32
437.32
431.20
416.32
508.60
491.52
465.60
439.12
504.52
534.32
537.92
558.12
455.52
408.32
436.60
492.52
531.20
447.72
450.32
403.60
444.40
480.20
571.12
474.80
454.20
505.60
490.32
479.72
487.20
554.80
539.80
527.00
579.12
615.52
497.32
538.72
411.32
394.72
488.12
495.52
445.00
413.80
447.12
486.52
576.92
437.92
437.20
428.92
440.52
494.40
538.52
478.32
502.52
441.20
481.60
513.20
428.32
424.60
419.40
404.40
489.80
548.92
447.92
432.72
440.40
450.32
479.40
444.20
444.80
435.92
435.32
534.12
606.32
488.60
438.60
439.80
446.40
467.52
456.12
434.20
414.92
420.60
539.92
531.32
424.40
426.80
431.32
430.92
489.72
473.92
458.32
445.00
445.60
486.32
547.92
489.12
435.40
426.12
443.32
474.32
504.00
441.92
403.72
461.52
474.92
506.60
437.32
467.00
417.40
459.00
520.00
513.20
435.60
449.72
464.52
458.12
633.80
417.80
473.20
441.52
432.00
492.00
563.12
446.72
411.60
462.40
453.40
477.92
448.12
448.00
403.12
433.20
463.60
531.32
458.92
466.52
466.52
500.12
461.80
572.12
471.52
425.52
444.32
478.72
536.40
455.40
467.40
396.32
461.00
490.92
457.52
441.52
420.32
462.40
468.80
490.20
449.60
471.92
452.40
423.72
509.00
539.72
469.92
410.52
429.80
441.72
492.60
455.52
452.00
390.40
404.40
492.40
571.32
438.52
451.40
479.92
451.72
485.20
488.80
468.80
468.60
424.00
477.40
526.80
439.80
434.80
388.72
453.80
452.60
495.80
436.32
402.80
428.72
467.32
488.40
458.60
434.92
426.00
428.92
557.40
573.20
554.32
464.80
455.52
481.92
539.40
445.72
451.60
427.72
446.20
503.52
558.12
429.40
409.92
451.60
460.12
518.40
471.72
452.00
411.52
410.80
533.80
594.60
468.12
480.00
450.12
451.72
454.52
447.32
440.00
416.80
457.32
504.92
493.92
452.80
463.52
417.12
459.92
501.52
510.00
430.60
397.00
460.80
517.20
548.40
424.60
422.00
427.40
429.12
545.00
565.40
424.20
409.20
452.60
456.20
483.12
503.40
462.52
447.12
454.20
501.80
585.00
448.00
485.80
491.40
499.00
469.00
470.32
436.60
403.92
435.60
504.40
502.00
419.80
452.12
395.20
437.72
460.00
434.72
448.60
400.40
513.92
514.60
492.92
597.00
502.32
461.32
490.12
516.00
582.32
425.60
431.60
419.52
488.12
482.80
526.52
484.80
410.80
430.20
499.52
505.20
442.92
424.20
475.80
472.20
485.60
651.20
492.72
491.72
444.80
535.72
587.92
439.00
440.52
434.12
457.12
495.60
616.12
426.80
424.20
430.72
490.32
502.32
463.72
444.52
445.72
479.20
537.72
625.00
491.60
427.00
456.20
481.72
478.60
458.92
446.60
434.32
423.52
497.80
576.12
430.80
406.52
438.20
482.60
509.92
651.32
500.00
485.00
477.72
576.32
638.12
435.32
473.80
481.32
468.12
482.40
597.40
455.92
431.72
481.00
532.32
602.00
439.00
397.80
415.80
478.40
494.80
640.80
435.52
390.12
460.80
540.92
485.32
603.20
444.40
437.80
440.72
490.32
551.52
427.00
425.80
458.00
489.60
456.20
470.12
449.60
402.60
451.20
497.20
566.72
431.92
454.20
473.72
470.80
484.32
608.32
482.72
421.72
442.00
454.60
586.80
429.60
446.32
466.80
486.92
481.20
606.52
451.32
423.60
489.52
491.92
535.32
482.00
478.60
489.12
497.12
495.00
585.00
487.40
417.92
452.80
497.12
473.52
515.12
477.52
414.60
473.92
488.12
588.40
439.32
450.52
457.00
473.12
467.60
537.92
490.80
484.80
452.72
509.52
606.92
439.52
448.60
420.92
471.20
491.20
486.20
431.72
418.52
431.72
509.72
540.60
493.80
434.72
458.32
431.92
555.40
663.00
630.92
526.20
535.60
546.20
500.40
538.72
426.60
431.12
429.80
495.60
599.40
440.92
416.60
427.00
540.12
555.92
463.80
513.60
467.60
480.12
547.80
671.80
496.60
481.72
487.72
528.80
524.72
564.20
437.40
477.00
481.80
544.92
530.32
463.80
398.12
461.52
491.60
554.20
490.80
469.20
434.72
513.40
535.72
620.12
483.32
459.80
451.32
456.32
541.80
486.20
449.92
421.92
517.72
541.20
497.72
467.32
401.00
404.40
449.60
522.00
474.32
452.92
483.72
499.20
544.00
583.20
479.20
471.40
448.12
482.92
512.00
550.60
451.60
468.20
521.72
478.52
588.00
468.60
440.60
449.92
488.12
506.20
468.12
452.92
494.20
488.40
509.00
531.00
457.60
480.72
422.12
484.52
519.72
484.20
492.80
486.20
473.20
474.20
553.20
469.60
449.00
433.20
433.00
482.12
475.92
496.12
507.12
475.92
493.52
561.52
460.92
446.72
420.20
440.80
571.00
487.80
470.72
407.52
443.92
442.52
560.40
463.32
444.40
449.20
446.00
495.92
565.20
481.40
544.00
408.20
479.80
478.40
491.80
461.60
420.80
436.60
497.00
528.40
464.80
442.60
423.92
421.72
485.40
495.92
470.20
386.52
417.72
483.40
540.72
492.72
492.20
426.40
460.20
458.80
555.00
402.72
437.52
447.60
476.32
475.12
449.40
489.52
430.32
441.52
464.72
554.52
448.72
443.80
480.72
538.72
524.40
505.52
426.00
441.32
440.20
459.80
532.80
435.12
447.80
444.32
450.72
482.92
498.92
450.00
393.60
433.80
458.40
575.80
444.52
433.12
445.12
475.60
542.72
558.40
450.52
430.20
421.32
488.00
485.20
428.80
448.72
431.00
451.40
495.60
540.00
453.92
435.40
413.80
474.40
515.32
455.52
436.72
466.92
498.60
527.32
616.12
529.60
493.20
441.92
454.20
491.80
514.72
473.72
454.52
458.72
500.92
557.60
429.32
440.12
479.00
462.92
518.72
561.92
489.12
481.12
556.20
542.20
537.12
442.40
466.80
417.60
454.20
488.92
451.80
477.72
482.32
428.52
431.52
497.60
441.32
443.12
440.12
437.80
479.12
503.12
468.60
446.20
418.40
451.80
486.00
459.32
421.40
439.72
401.80
460.20
487.40
453.00
410.92
425.00
436.52
466.80
484.12
473.52
421.40
435.32
446.20
549.00
479.40
484.32
457.92
467.72
492.00
473.92
441.12
431.72
430.92
450.60
501.20
428.40
440.40
398.12
394.32
481.40
521.60
457.32
441.32
446.60
486.80
518.92
499.12
434.20
444.72
510.20
549.72
554.00
443.32
440.12
433.72
475.60
467.32
432.20
419.12
438.12
432.92
516.00
555.52
435.12
399.52
434.92
493.32
518.80
479.12
473.12
431.00
453.72
490.92
516.72
448.80
486.20
494.12
464.52
495.40
495.20
518.32
478.12
422.92
527.52
494.52
463.92
454.80
439.00
471.12
550.40
571.52
438.12
414.92
441.00
479.12
498.20
488.80
485.52
456.40
439.80
481.32
578.52
420.92
448.52
405.00
473.60
498.52
456.00
474.12
435.12
486.20
481.80
488.52
465.80
459.20
439.52
438.80
483.40
470.52
473.80
430.60
435.20
480.20
534.12
441.12
458.00
460.32
443.12
494.40
500.32
483.52
502.72
456.12
580.12
493.80
471.40
484.80
454.72
432.20
503.60
495.92
430.00
428.60
436.40
499.40
479.32
456.12
465.32
436.80
444.20
521.20
498.12
499.52
451.72
443.12
451.60
525.12
403.92
435.12
464.60
450.12
551.60
583.92
449.80
456.52
413.80
448.52
500.00
459.00
472.32
430.60
488.92
606.40
653.72
608.92
518.72
543.32
528.40
582.32
618.32
487.60
484.60
454.60
474.52
518.52
464.32
458.80
449.32
486.32
484.40
487.12
433.80
425.20
432.32
475.92
521.72
526.12
442.80
414.72
434.60
491.32
503.60
439.32
432.40
453.92
466.12
498.00
462.80
430.52
412.00
436.40
519.92
542.60
421.00
437.72
479.20
485.80
494.60
479.12
418.52
404.32
438.12
460.92
483.80
464.00
471.12
457.40
448.40
494.52
445.92
427.40
430.52
444.40
457.12
494.40
503.92
487.20
426.80
513.32
501.92
579.32
438.12
415.92
476.40
457.00
485.12
430.00
456.92
419.00
433.20
488.92
525.72
425.20
420.40
446.80
465.72
495.40
487.60
508.92
470.40
449.00
516.00
572.80
456.40
442.12
413.40
456.60
469.32
437.20
452.92
431.72
443.72
461.92
529.20
451.20
487.72
435.52
458.92
478.80
510.92
477.12
410.40
476.92
490.52
505.40
462.80
448.80
386.92
435.12
470.80
540.72
445.20
426.20
411.92
420.00
462.80
433.40
480.20
417.40
443.52
504.60
587.20
497.52
431.20
455.20
433.92
469.80
427.72
448.32
407.52
438.92
513.92
569.72
451.40
454.20
457.52
450.20
458.60
474.80
418.20
427.80
461.60
525.12
554.72
445.92
444.60
455.72
473.52
475.92
498.60
447.00
405.40
444.52
465.52
531.40
448.92
461.80
436.32
450.72
501.32
552.32
439.60
417.92
435.80
479.72
504.12
482.32
461.72
427.72
436.92
486.60
504.92
430.32
479.40
459.00
446.60
491.92
436.52
446.72
428.72
449.52
529.92
621.60
447.52
499.00
455.00
536.52
543.40
580.12
527.32
404.32
440.40
494.52
554.60
481.12
518.60
406.00
436.00
459.00
518.20
429.52
437.32
444.80
471.20
495.60
498.52
488.40
471.12
433.00
551.92
510.80
461.40
423.92
475.12
436.12
494.00
497.12
439.80
405.92
440.40
507.52
583.00
466.60
469.60
454.00
469.92
503.00
499.52
474.00
432.32
493.20
521.32
564.80
440.72
436.20
416.80
442.72
493.40
467.32
440.32
400.80
445.92
454.52
522.52
420.20
507.40
441.00
434.20
478.12
477.20
475.32
424.32
518.40
470.32
485.20
457.00
450.40
388.80
437.40
552.12
508.20
430.00
427.32
415.80
437.80
544.40
499.40
433.80
431.00
456.72
491.92
587.80
457.72
445.92
431.72
427.92
445.40
454.12
408.80
402.12
496.92
490.60
542.20
458.12
469.32
446.12
450.00
505.52
573.00
450.40
464.20
488.32
532.00
498.60
498.00
483.52
458.80
447.00
506.12
504.80
460.20
400.60
456.60
454.32
499.52
450.60
456.00
414.80
529.60
506.32
535.32
453.40
459.40
459.72
494.40
473.72
454.20
444.80
416.80
443.00
448.60
545.80
413.00
448.52
422.12
449.52
490.52
445.52
414.92
417.72
459.72
479.32
526.60
469.80
482.00
461.12
472.12
509.00
508.00
420.32
404.32
429.40
488.00
527.52
453.32
467.32
415.32
437.72
542.80
556.80
440.60
468.12
457.80
466.20
516.92
492.72
484.52
410.92
470.52
507.32
562.20
442.72
413.00
411.00
435.52
516.12
482.52
424.20
399.60
436.80
501.00
505.92
441.92
451.92
437.20
500.20
530.32
494.12
541.52
448.00
461.72
559.60
585.80
457.12
442.40
433.32
463.92
514.40
527.92
456.92
427.32
449.52
489.60
532.52
463.20
468.52
435.72
520.92
570.52
521.92
468.72
461.32
443.12
422.12
463.72
421.20
447.92
412.20
462.40
474.00
469.52
422.52
418.72
425.12
445.52
478.72
489.80
488.92
500.40
622.92
634.92
683.12
620.80
520.00
453.92
454.72
512.12
493.00
422.72
378.40
486.00
467.80
531.92
445.00
481.60
411.12
453.00
485.40
426.40
443.72
473.00
467.92
493.52
486.20
428.32
445.32
433.60
437.52
466.60
471.12
421.00
420.60
420.72
453.60
465.72
439.72
429.72
412.40
459.12
541.40
517.92
463.92
476.92
489.20
480.40
536.40
521.60
455.20
415.40
441.52
492.52
576.00
472.32
436.20
410.92
449.80
493.52
452.80
442.12
431.80
439.80
523.00
561.80
469.00
540.92
477.32
486.72
512.12
479.92
443.52
423.72
460.72
498.52
601.72
472.92
435.40
412.40
437.60
495.20
500.00
445.12
479.32
441.52
470.52
546.40
488.52
501.20
426.60
460.80
480.20
551.72
444.72
430.12
412.60
461.12
502.72
462.60
450.92
381.72
442.72
464.32
523.12
452.32
452.72
409.52
445.00
532.12
501.60
435.20
434.80
436.72
485.80
552.60
403.72
448.12
402.32
469.92
467.52
437.12
470.72
404.52
435.00
466.32
579.00
445.00
474.32
447.72
465.20
508.80
560.20
463.00
420.92
434.80
477.72
559.00
457.52
482.92
463.00
537.80
516.32
537.52
486.40
506.92
442.92
468.80
554.00
486.92
444.80
458.12
455.92
576.40
566.20
524.40
474.52
443.40
450.40
528.32
460.00
455.52
439.60
467.52
507.00
575.80
438.60
453.40
471.72
470.12
539.40
531.72
484.00
538.00
514.12
497.92
558.00
471.00
469.20
444.40
465.60
501.20
477.60
489.00
455.92
463.52
476.00
491.32
467.92
533.00
446.20
479.00
542.72
544.60
518.32
495.60
460.00
507.00
559.72
512.80
448.60
415.60
456.32
508.32
593.00
495.20
440.52
433.12
450.32
510.80
451.12
453.92
449.72
439.32
461.72
564.52
509.40
561.12
428.20
462.60
499.20
481.00
452.92
435.00
488.72
485.72
501.12
562.92
435.20
411.40
465.32
528.72
562.60
515.92
474.80
484.92
503.20
511.40
510.92
457.32
452.12
449.92
524.72
544.40
450.12
430.52
412.72
503.80
538.12
456.40
425.00
380.32
443.32
519.72
580.60
485.32
524.80
441.72
481.52
500.52
453.60
480.60
450.92
437.20
467.32
506.12
442.52
439.52
439.60
488.72
489.32
454.40
418.20
382.52
443.12
508.72
520.00
389.60
433.52
437.80
490.72
568.72
481.32
440.40
422.40
426.40
481.52
492.40
450.72
456.00
424.80
402.80
483.00
526.32
424.80
444.32
416.80
453.20
537.60
442.32
454.60
455.60
489.00
481.80
476.60
461.52
441.40
430.40
443.40
497.00
458.80
457.00
392.80
432.92
477.20
592.80
462.52
442.52
433.12
428.72
493.32
471.92
456.40
475.60
480.52
494.40
546.32
472.52
462.40
411.52
440.60
486.72
525.32
462.80
436.60
462.32
490.52
527.60
464.20
473.52
449.40
461.92
531.00
563.32
501.12
582.80
462.20
504.12
487.00
468.32
432.32
473.52
409.60
473.92
513.60
514.20
431.32
425.12
461.32
491.40
470.12
459.60
396.40
447.12
528.60
573.12
493.60
470.80
454.12
446.72
478.80
516.32
451.20
421.40
422.12
501.32
508.72
396.72
404.60
381.72
445.52
502.60
495.80
443.60
414.20
420.20
473.12
511.40
466.12
466.60
457.40
436.12
488.92
509.60
440.12
425.80
448.80
485.20
497.80
510.20
438.52
400.52
441.92
492.92
523.92
466.00
441.12
451.12
511.60
539.40
458.52
456.12
408.12
431.12
474.12
527.92
439.80
456.80
504.80
480.00
486.92
428.20
437.20
402.92
431.40
476.72
504.80
430.32
510.80
534.92
558.32
617.52
603.52
549.80
463.00
501.00
492.20
613.92
501.12
495.92
484.52
481.32
558.20
581.12
451.00
422.60
468.12
479.20
502.20
460.60
489.52
452.52
493.60
484.20
557.60
443.12
432.80
439.72
434.20
439.40
419.20
444.60
418.00
426.00
506.40
490.72
437.80
481.20
439.12
461.40
477.20
450.12
464.00
470.60
419.12
513.72
548.32
439.92
453.00
442.60
435.60
498.12
506.52
500.20
409.12
406.92
457.32
521.12
479.20
485.72
407.20
456.92
482.00
570.00
482.40
446.60
451.20
458.60
490.92
455.32
437.72
414.12
432.60
497.72
512.60
442.72
441.00
418.32
459.80
488.92
542.12
512.32
423.72
443.00
515.80
601.00
426.20
475.12
450.72
437.80
495.60
496.12
437.12
431.80
433.52
480.40
538.92
443.12
462.60
415.80
449.52
493.52
535.52
479.72
428.40
474.92
504.80
557.80
438.72
481.20
411.92
452.32
495.52
505.52
453.20
468.72
449.12
463.72
493.60
497.92
436.60
407.52
441.40
531.80
525.32
465.92
467.72
464.00
507.32
549.72
471.92
456.72
412.40
423.60
509.32
546.92
461.40
489.32
455.12
500.40
482.00
532.92
421.12
416.60
449.60
475.80
500.20
443.80
495.12
442.12
493.92
504.52
491.00
439.40
425.12
427.60
436.80
466.80
461.20
458.20
398.32
423.32
538.60
493.32
453.32
434.20
432.80
476.12
507.12
506.40
483.00
462.80
442.72
508.60
585.72
440.20
443.12
425.92
430.80
478.80
451.80
445.60
398.40
417.52
458.32
530.92
439.32
472.92
431.40
427.80
459.72
526.60
488.52
411.52
450.52
474.92
478.52
444.40
464.80
441.20
447.52
523.32
579.92
449.20
428.92
451.20
484.52
520.60
460.00
485.00
419.60
443.72
568.40
639.00
481.40
475.40
438.32
477.80
505.52
570.72
503.60
418.20
437.32
516.60
556.60
454.72
437.12
428.60
424.92
512.32
493.60
453.40
413.20
483.20
555.40
573.12
481.52
465.80
426.40
437.60
493.00
458.72
439.72
430.00
448.72
490.40
544.52
451.32
440.20
436.60
418.52
515.32
523.72
445.60
449.00
442.20
492.92
532.12
448.92
471.00
390.32
443.40
470.72
550.00
431.72
531.92
478.20
465.12
528.92
458.80
448.80
445.60
463.72
506.00
601.12
470.72
555.32
535.60
524.00
543.32
473.12
418.72
427.52
469.32
499.52
582.12
431.92
482.60
438.00
444.52
496.32
490.72
438.80
393.20
438.20
469.72
541.32
515.80
505.32
470.92
462.80
492.80
558.52
440.40
497.52
461.00
478.40
537.32
483.92
447.92
447.80
448.00
528.00
504.92
461.00
471.20
443.80
450.12
499.52
604.52
475.72
413.00
457.72
489.52
592.12
428.20
438.32
425.80
460.00
522.40
493.72
439.72
476.32
429.92
484.40
526.92
467.32
482.72
439.20
455.40
464.40
440.92
458.40
442.92
438.32
475.32
497.00
441.92
460.40
401.52
465.72
512.52
465.00
440.20
419.32
403.00
438.00
502.60
495.92
451.32
391.72
442.32
522.60
600.20
425.32
440.12
373.60
448.40
505.00
509.40
421.92
442.20
456.32
483.80
566.40
438.92
446.72
433.00
457.60
506.20
447.32
436.00
439.52
455.72
492.40
530.20
465.80
498.72
426.00
452.52
478.80
461.80
412.32
411.92
452.20
465.40
512.72
445.60
453.40
464.52
453.00
516.60
502.60
438.72
464.52
461.92
504.60
566.80
507.72
470.92
437.20
449.60
520.20
577.52
433.92
453.40
433.52
453.60
502.72
460.92
420.00
438.72
473.72
487.32
506.60
565.20
585.72
607.40
574.80
639.00
540.80
454.92
395.32
432.00
489.20
534.12
455.72
450.80
440.52
457.92
569.32
497.32
440.52
443.80
428.12
462.92
571.80
524.20
554.52
452.32
486.92
527.92
557.40
436.20
433.60
431.20
468.52
495.40
507.00
457.00
428.40
447.00
466.40
563.52
457.80
454.92
421.40
437.60
516.72
495.80
461.20
452.32
470.72
500.20
558.20
431.32
440.80
413.00
473.00
510.40
460.32
440.12
419.60
425.12
467.40
538.32
473.80
454.20
408.12
476.72
534.20
548.60
495.92
480.72
412.00
450.12
470.60
473.00
470.00
439.52
453.72
465.32
485.12
422.20
449.92
444.40
464.60
530.52
459.12
445.12
432.60
488.00
556.00
547.12
478.20
414.32
418.40
451.72
471.40
472.60
446.32
446.20
434.40
509.12
563.60
452.80
436.60
409.52
525.52
505.92
490.60
440.60
452.32
441.12
482.20
541.12
464.60
464.12
404.72
435.80
501.80
430.20
464.92
480.80
430.72
454.12
491.00
444.00
436.92
443.72
457.92
495.92
492.20
443.32
513.32
543.72
475.20
523.72
468.20
428.12
402.72
452.60
472.60
485.40
478.32
444.32
427.00
474.52
493.60
450.92
443.60
434.60
430.00
478.60
541.52
481.00
482.00
411.92
467.00
477.60
472.60
435.40
397.32
440.72
462.52
496.20
457.52
461.60
420.32
474.92
496.72
476.12
466.32
434.12
422.32
472.20
585.92
460.40
490.92
418.00
456.60
489.00
539.40
435.80
415.92
437.32
460.72
519.12
462.00
456.80
448.80
454.72
515.72
553.32
490.72
470.92
444.72
488.12
535.00
534.92
451.32
430.60
437.20
558.20
547.12
425.80
458.52
420.20
453.60
494.92
477.40
435.20
445.52
437.20
495.72
560.52
464.32
443.20
459.40
523.52
520.60
532.80
452.52
431.72
417.80
472.52
530.00
440.72
441.52
430.00
433.20
487.40
537.60
443.20
454.00
421.40
473.80
528.32
453.00
469.32
478.52
520.40
553.32
568.00
495.60
459.60
396.40
440.72
492.60
461.52
438.20
446.00
440.92
485.80
486.60
444.92
445.12
429.80
480.80
513.20
500.12
461.00
455.80
472.52
487.80
562.32
462.00
481.80
439.40
426.52
474.12
510.80
466.40
413.20
426.80
464.92
513.20
441.20
441.00
493.00
478.20
492.32
466.72
475.80
492.52
474.32
481.12
507.92
457.52
452.92
415.92
449.00
522.00
552.92
456.12
428.72
395.00
452.60
489.00
469.80
461.52
442.12
464.80
515.40
611.52
470.92
491.32
464.40
461.20
469.60
441.60
423.92
396.92
418.32
475.80
529.72
449.12
489.32
421.60
462.92
489.00
445.12
462.80
424.12
423.20
473.12
511.12
478.60
490.60
435.40
438.52
490.72
510.92
449.32
434.80
423.72
494.52
511.20
456.72
474.60
471.20
438.52
489.32
547.52
421.92
456.40
424.12
468.52
533.92
458.20
448.60
426.32
418.20
467.20
513.40
445.72
452.32
439.32
479.40
493.80
449.12
431.72
426.40
441.60
454.12
549.80
482.52
465.72
470.80
464.20
541.40
501.60
477.72
453.92
422.12
495.32
549.60
419.60
459.60
439.32
417.00
498.72
522.92
446.52
439.20
455.00
520.00
503.92
434.72
473.92
480.52
483.80
497.12
628.12
466.60
448.40
454.80
497.00
491.20
472.00
466.40
442.72
432.32
503.80
499.60
455.40
479.20
487.92
447.12
480.60
479.52
459.00
465.20
422.92
500.80
550.12
448.72
459.12
391.40
405.72
480.20
467.40
462.32
444.92
435.12
487.72
537.32
456.00
487.20
485.72
471.12
515.72
588.72
557.52
619.12
541.60
603.60
538.12
513.52
482.12
442.12
437.40
480.20
501.12
439.00
461.20
385.72
425.92
473.00
463.20
478.00
410.32
413.72
492.72
594.20
523.72
452.60
462.00
486.60
579.32
509.92
497.72
442.20
412.00
533.72
530.40
473.40
513.40
435.60
514.60
561.40
557.92
439.80
446.52
413.20
527.20
544.00
546.60
489.92
432.52
466.20
496.72
491.92
455.72
431.80
509.52
491.60
502.40
442.32
460.20
428.12
468.80
540.52
568.00
455.32
517.20
524.12
513.40
597.72
514.12
588.60
455.12
454.72
510.60
559.20
496.12
445.12
469.72
457.32
517.00
454.12
472.72
446.12
448.80
490.72
547.00
433.00
494.32
491.20
534.52
529.20
547.60
461.52
463.52
448.20
462.72
548.92
501.72
518.72
457.52
493.72
619.32
601.52
598.80
519.00
526.40
589.80
621.00
478.60
543.52
476.00
466.00
576.12
556.92
459.12
529.80
423.40
473.20
494.60
523.72
470.00
444.52
477.72
570.72
509.72
500.72
518.32
474.72
487.92
509.20
509.52
496.52
465.20
462.72
553.20
510.12
469.92
458.40
420.92
443.80
548.72
554.00
467.12
467.72
422.12
462.72
551.12
458.40
495.72
455.00
482.32
586.52
666.72
522.40
433.12
471.52
485.80
565.40
486.60
460.60
424.32
485.20
585.72
546.80
488.52
468.80
436.92
464.40
494.52
496.00
462.60
426.60
445.60
607.40
575.92
471.52
492.72
478.32
415.80
512.32
582.60
453.92
424.72
444.12
491.72
568.92
439.00
454.80
412.92
446.12
493.32
520.12
436.40
427.52
467.60
493.52
546.52
445.60
482.32
427.32
446.52
488.12
548.00
436.52
444.80
421.92
447.12
512.92
454.20
487.12
414.52
434.20
500.40
513.80
417.32
474.40
471.12
493.00
528.32
511.92
476.52
462.20
449.12
484.00
554.60
441.20
477.20
417.60
430.72
506.00
495.12
428.72
453.12
483.92
480.80
541.12
486.20
508.80
483.60
458.32
493.00
497.80
473.12
439.12
405.60
468.40
492.00
476.32
481.60
416.72
445.92
492.20
479.12
444.32
430.60
404.92
458.60
504.32
513.92
531.80
470.72
437.92
534.32
579.40
454.60
447.60
440.52
459.12
535.32
472.52
436.40
449.40
428.20
495.52
569.12
491.20
535.60
463.20
502.00
674.32
654.72
590.40
665.12
681.52
717.40
725.92
594.80
552.60
422.20
491.60
635.52
516.52
663.52
433.92
440.72
514.92
562.72
457.00
451.80
429.12
449.72
580.32
589.32
519.20
510.32
442.12
507.72
554.92
458.80
464.52
423.32
451.40
492.12
482.72
444.60
453.80
387.92
461.20
522.92
476.32
443.32
430.60
443.32
490.80
574.32
443.72
461.40
433.40
450.72
498.92
416.40
400.92
411.00
463.92
481.60
565.32
461.60
457.32
407.20
455.92
509.12
498.80
451.60
470.92
458.60
491.00
497.12
467.20
461.52
404.52
418.20
507.12
523.72
443.12
463.20
402.92
418.80
479.72
537.40
458.00
410.20
457.80
502.60
575.80
457.52
499.12
465.00
469.80
508.72
495.12
456.52
430.60
409.72
491.12
542.92
494.92
488.12
410.72
451.40
476.92
478.40
452.20
440.72
444.72
492.20
504.12
512.72
482.72
469.52
443.92
497.72
477.12
454.12
435.12
428.32
463.80
536.20
472.60
466.92
438.20
472.80
523.00
448.72
455.80
514.92
419.00
437.40
509.40
496.60
553.60
455.60
445.72
514.00
533.12
447.00
450.72
420.60
435.00
488.52
469.80
424.20
423.40
409.80
465.60
579.40
475.92
453.32
431.60
482.52
597.00
655.80
575.60
568.00
550.20
545.12
654.40
462.40
446.32
449.40
499.12
499.80
562.32
435.12
436.40
405.40
461.40
499.00
447.52
472.00
419.60
469.52
524.80
553.00
442.00
433.32
423.32
419.12
486.32
493.20
430.20
416.72
453.20
549.72
564.00
454.92
436.80
433.20
458.12
541.80
444.12
467.92
486.12
486.12
534.80
539.00
474.72
458.32
445.20
446.92
494.92
458.92
445.60
424.72
438.92
457.12
509.92
447.00
437.20
411.40
477.12
516.00
456.40
454.00
477.12
479.12
494.20
497.20
456.40
450.40
462.72
417.12
503.80
525.12
490.00
481.52
4