Measuring voltage and current with INA219 ...
551.20
493.52
463.80
433.20
423.40
561.60
671.00
459.32
506.52
503.60
601.60
560.00
717.20
499.40
460.60
455.12
519.92
726.32
558.20
475.92
439.40
574.40
655.00
514.80
467.20
430.12
431.32
548.32
466.92
504.00
503.40
425.60
492.20
582.00
491.00
489.60
457.60
443.32
495.32
593.52
499.92
479.60
421.92
427.20
509.20
477.60
467.32
469.72
484.12
541.32
533.12
497.20
523.40
483.32
418.40
496.92
497.20
451.32
432.20
445.72
520.92
559.00
444.80
455.12
423.20
452.60
530.40
493.80
455.80
480.20
442.52
495.52
584.52
498.80
517.12
433.72
468.60
550.60
455.52
431.52
447.12
426.80
449.40
571.52
531.00
502.52
480.52
451.12
555.60
507.20
476.60
488.92
424.40
441.72
533.40
538.52
446.80
432.80
453.00
511.60
586.32
462.40
446.72
402.80
434.72
526.60
490.20
546.40
435.52
408.72
478.00
568.32
427.92
466.80
459.00
473.52
547.72
531.00
442.92
469.52
427.12
478.80
504.12
438.80
459.00
424.92
451.52
492.40
484.00
455.00
451.40
409.20
466.32
515.92
472.32
462.32
501.12
508.92
578.72
552.40
471.92
446.80
426.32
471.40
488.20
453.80
450.12
417.80
456.12
481.72
541.00
439.52
429.32
414.20
429.40
504.52
447.20
473.80
466.40
467.80
480.12
551.32
468.52
469.92
436.92
415.80
508.72
525.20
515.80
482.80
446.00
509.12
624.00
444.60
484.80
467.32
471.60
521.52
509.40
488.00
475.32
439.32
476.72
551.80
478.00
464.80
433.80
443.40
543.32
602.80
465.40
449.52
390.52
448.52
518.92
465.20
463.72
476.92
428.80
529.12
585.12
497.52
515.80
453.12
472.40
569.32
495.40
471.00
462.00
475.40
528.72
563.00
517.20
452.52
498.60
441.60
515.92
476.40
429.00
484.00
412.12
518.40
573.20
529.32
483.00
440.80
448.00
509.32
543.52
453.60
438.00
411.32
461.80
539.60
444.12
450.60
429.00
455.20
556.12
466.12
459.52
448.32
412.00
429.20
482.40
430.20
433.20
445.20
418.12
501.92
520.12
509.40
459.32
420.00
459.32
521.12
475.72
492.52
430.32
383.32
505.80
574.92
443.32
418.80
444.52
466.60
545.92
544.92
436.72
453.72
392.60
459.12
492.60
431.60
444.40
491.60
455.80
487.80
499.52
427.20
421.52
427.72
453.00
510.32
430.52
477.60
490.20
465.32
547.80
578.92
590.40
672.20
550.52
564.72
674.12
545.40
634.32
672.52
432.20
553.00
533.12
607.20
746.32
717.40
582.80
602.12
471.40
502.52
490.92
428.80
494.92
570.80
440.00
450.40
433.80
416.40
541.32
453.72
480.32
457.00
420.40
457.92
520.72
452.60
468.00
480.20
460.72
501.60
500.80
493.60
487.32
420.32
502.20
519.32
467.32
488.40
452.52
443.20
512.80
519.20
483.40
452.72
423.60
483.92
518.00
433.12
486.20
491.60
386.80
501.52
567.72
481.60
431.20
419.20
444.00
496.32
440.20
425.32
415.12
430.60
454.12
540.60
430.52
455.72
417.92
431.60
510.72
464.20
491.72
438.00
389.32
520.12
555.80
499.80
438.12
449.80
436.12
503.80
501.52
434.72
419.40
411.60
470.40
527.00
437.52
467.80
426.92
397.60
488.72
569.32
449.40
452.32
467.52
462.52
508.40
452.40
454.92
404.40
383.32
500.72
521.72
428.60
447.52
435.12
451.12
490.40
443.32
434.72
437.92
393.72
490.12
546.20
426.32
466.80
476.00
467.92
505.20
483.92
524.40
454.72
448.60
470.00
509.00
417.12
506.00
462.32
431.12
495.00
502.20
467.40
437.72
406.40
456.72
494.72
472.32
510.40
467.72
459.20
494.40
515.20
443.92
432.40
418.20
409.40
493.72
461.20
471.40
443.72
396.12
458.20
540.52
429.92
439.60
461.12
461.40
486.00
501.20
459.20
486.40
400.20
492.52
593.52
454.52
453.92
440.12
434.12
486.12
498.32
463.60
443.00
400.40
440.92
517.20
439.80
412.20
450.72
404.12
522.32
510.00
506.00
476.80
417.52
450.40
485.40
477.00
571.52
434.00
414.60
485.80
565.60
440.52
420.92
399.12
431.12
455.92
600.92
467.52
436.20
393.00
543.00
523.00
516.12
492.20
412.80
409.40
471.72
618.80
441.12
431.32
417.92
476.92
488.00
490.92
443.92
423.20
429.52
489.72
596.20
490.20
443.72
456.72
478.40
558.60
494.20
499.12
446.12
427.52
510.80
589.80
454.80
425.32
435.12
523.32
486.20
599.12
430.52
460.92
392.52
497.40
543.60
452.20
480.52
471.40
469.60
482.40
568.32
478.60
424.12
457.40
479.12
456.12
456.00
444.72
445.12
441.60
504.20
581.32
497.92
474.60
447.60
460.92
473.12
508.52
509.92
456.80
451.12
504.40
613.52
439.40
422.92
424.12
478.72
474.20
516.60
477.40
448.80
427.92
508.40
538.80
445.32
436.80
500.72
436.32
464.40
591.80
545.60
456.32
400.32
481.72
503.80
475.12
442.00
410.80
432.20
480.60
638.20
491.60
415.52
416.00
488.52
472.52
491.72
451.80
440.12
420.12
523.32
639.00
526.52
435.00
402.00
512.00
498.20
504.40
428.12
414.32
446.00
515.20
595.20
452.12
438.40
417.00
465.40
489.40
507.52
485.80
436.72
449.92
550.12
556.20
501.12
525.72
452.32
469.92
480.80
605.92
442.12
438.00
428.52
583.40
566.12
438.80
435.00
446.32
423.52
487.20
625.32
481.12
425.80
416.80
525.72
557.40
437.32
463.60
440.20
432.72
504.20
571.80
434.80
425.72
400.52
490.52
438.12
557.60
450.60
425.20
437.72
494.20
574.52
447.60
499.60
461.72
461.40
486.20
532.52
476.12
430.72
438.00
488.00
625.32
437.40
418.72
453.00
436.32
472.80
568.92
448.72
436.60
354.40
517.52
513.60
480.92
457.20
454.20
472.40
491.40
491.72
465.40
428.80
412.72
495.60
567.12
431.80
492.60
420.20
431.92
486.72
438.32
429.92
431.80
442.40
472.60
534.52
456.92
457.12
451.60
403.32
540.00
531.80
459.12
455.72
439.60
459.00
510.60
476.72
485.92
437.40
444.20
535.32
569.92
519.20
532.32
525.80
529.60
714.80
553.52
593.92
513.52
467.92
543.20
605.80
476.00
488.60
481.52
489.72
566.92
534.52
443.80
428.92
394.40
454.32
538.40
426.32
491.32
482.20
418.32
551.40
491.12
449.12
430.32
419.60
539.80
486.72
526.32
461.92
446.32
437.60
563.12
534.12
434.32
431.12
399.40
458.20
551.80
462.92
460.52
433.60
425.32
518.92
568.20
445.20
467.72
433.00
474.80
508.60
437.92
449.52
427.20
449.72
505.12
559.20
421.60
431.72
421.80
435.52
507.12
482.32
464.72
492.60
438.60
530.40
557.20
444.20
484.52
432.80
416.20
496.00
464.60
422.72
429.20
424.92
491.40
548.72
434.80
440.60
382.32
393.80
513.72
503.20
444.92
484.40
443.72
486.20
534.72
504.52
494.60
429.20
443.32
492.00
540.92
454.60
487.40
472.60
455.32
528.40
434.12
472.80
482.92
451.32
507.52
477.40
432.12
480.92
480.80
415.32
459.80
506.80
446.80
415.80
422.20
487.92
534.60
468.80
448.12
422.60
435.00
494.32
472.20
423.72
472.00
488.00
449.72
563.20
480.80
497.92
423.12
411.00
525.00
490.40
490.92
468.20
425.92
452.20
542.12
460.52
451.72
419.72
443.52
491.92
449.80
432.80
441.80
427.12
417.80
507.80
475.92
454.60
441.12
445.72
509.72
552.60
438.52
434.40
419.00
480.72
570.40
474.32
443.80
431.52
404.52
459.72
553.52
465.52
427.60
428.72
443.52
519.60
563.32
438.20
454.40
449.12
463.80
576.12
479.12
488.32
421.60
452.92
567.92
476.12
444.80
433.12
510.72
453.32
509.20
478.72
507.92
489.92
444.52
554.72
488.92
436.80
472.20
427.80
471.92
536.72
443.52
436.72
442.60
444.80
526.32
482.12
421.40
429.32
412.12
425.92
539.12
478.40
515.40
583.40
505.80
504.00
560.00
639.60
517.80
506.52
500.32
686.92
567.52
525.60
652.20
520.12
655.12
606.32
544.52
575.12
543.52
583.60
691.40
572.12
665.80
568.32
522.20
593.40
622.60
490.12
557.12
564.80
541.92
667.52
547.72
501.60
535.40
511.60
585.00
566.60
521.32
599.72
541.32
503.12
590.60
624.80
690.72
529.20
517.40
503.20
659.12
544.32
533.40
528.32
513.20
647.52
480.12
587.60
513.00
514.20
589.00
685.00
537.80
521.72
553.80
499.20
613.92
720.52
513.80
518.72
504.80
626.52
705.80
524.12
522.40
529.32
505.80
628.80
654.72
539.12
548.52
515.52
543.32
631.12
550.52
639.60
561.92
535.60
659.20
692.32
520.72
526.20
598.92
486.12
707.40
549.80
511.80
520.72
494.72
492.00
653.80
551.20
530.52
503.92
483.40
649.12
541.32
525.92
519.72
625.52
593.20
678.92
510.12
473.20
594.60
491.20
596.60
521.52
513.52
527.92
490.32
513.00
662.52
520.32
519.60
529.60
499.92
588.32
647.60
505.32
533.00
649.00
522.60
661.00
537.60
571.60
553.92
544.60
526.40
661.72
500.32
513.80
611.92
605.00
666.52
556.32
505.20
490.52
448.60
599.40
568.12
742.80
747.12
749.00
420.92
590.92
516.40
494.00
467.32
451.12
434.12
624.40
512.72
523.20
502.40
487.60
548.00
495.20
437.32
456.00
461.32
425.20
530.52
487.60
510.52
450.00
432.52
444.40
573.72
451.12
460.80
437.40
448.12
527.32
476.20
494.00
441.80
442.40
465.12
558.80
466.80
458.40
486.12
407.72
476.72
587.72
455.32
431.60
454.20
471.92
491.60
457.80
487.60
461.12
429.72
482.12
561.00
489.20
502.92
477.20
500.40
586.00
603.12
542.80
550.20
511.40
598.00
629.20
512.60
467.32
442.12
440.00
529.00
498.52
465.80
475.32
434.00
498.72
566.60
469.72
463.92
450.80
416.72
493.40
562.40
446.52
434.52
449.52
512.80
554.52
484.52
473.12
494.80
419.60
471.12
552.00
463.00
455.32
434.32
446.92
492.60
467.52
479.80
437.72
415.12
494.60
555.52
455.60
450.20
481.52
458.32
508.72
558.92
501.92
461.92
443.60
452.40
590.32
473.20
445.80
442.20
439.00
492.52
519.12
444.52
439.32
433.92
467.32
529.60
445.12
467.20
467.00
484.00
493.60
572.80
460.20
442.32
432.12
423.12
521.80
479.52
434.72
457.32
424.32
501.80
507.52
432.12
426.32
414.52
449.92
477.80
484.72
479.00
483.32
405.32
474.52
567.52
434.00
436.52
433.32
432.00
497.12
482.20
452.80
435.20
436.32
480.40
534.20
429.12
421.92
487.20
433.92
502.00
477.20
466.32
487.40
426.40
454.72
502.40
440.80
445.40
447.80
419.20
516.52
500.40
480.12
532.72
447.32
474.60
483.52
447.92
476.72
486.32
409.80
517.40
551.92
500.00
444.60
481.52
455.80
489.32
461.80
453.72
429.92
423.12
476.32
552.20
423.20
442.72
425.20
431.52
489.60
463.20
528.72
448.52
448.32
517.00
545.32
455.12
420.20
448.40
425.92
492.12
478.60
450.52
456.00
440.32
526.80
521.80
443.32
445.80
435.20
425.32
486.92
517.80
460.80
433.12
461.12
510.40
511.60
442.32
453.72
462.32
415.52
502.00
588.32
396.92
463.72
455.60
429.00
500.92
423.72
437.72
418.60
449.72
451.52
535.40
434.40
482.12
442.72
444.80
491.40
496.72
454.52
422.60
419.80
475.80
544.72
436.12
436.40
447.40
430.12
468.32
468.00
432.80
441.92
416.80
500.52
564.32
464.52
497.40
471.20
476.00
533.00
545.12
433.32
430.20
449.20
438.32
548.80
496.12
485.32
439.12
437.12
521.32
573.32
449.20
468.20
493.20
460.52
485.60
499.20
513.60
464.20
408.40
516.92
545.80
426.32
459.32
425.20
422.32
514.32
491.20
443.52
418.40
445.00
475.12
501.80
442.52
484.40
438.12
398.72
508.72
587.12
536.00
469.80
448.80
511.80
544.52
455.32
474.72
423.60
435.12
529.32
495.20
438.92
443.00
422.00
432.20
521.52
449.32
464.92
477.20
441.52
521.32
507.12
447.52
424.92
445.72
398.40
493.40
474.72
468.32
445.60
436.60
500.80
535.60
440.12
423.92
416.00
444.40
481.60
504.80
439.72
439.80
472.32
501.72
521.80
452.92
542.12
489.92
418.72
519.60
446.52
433.32
447.40
469.40
465.52
515.72
467.92
440.92
426.92
393.52
520.80
515.00
433.60
464.92
465.60
440.12
495.52
464.12
462.12
429.32
420.00
471.00
543.40
435.20
437.32
442.12
445.80
491.32
461.80
441.92
427.60
425.80
472.00
551.40
454.80
481.80
473.12
404.12
498.40
540.12
429.20
434.00
436.60
443.80
506.92
441.92
466.60
432.20
448.60
503.40
463.80
442.80
439.40
467.52
462.80
503.60
499.12
491.92
452.00
379.52
457.32
534.60
463.52
439.40
428.20
450.60
528.52
472.32
457.72
433.60
436.40
495.32
579.80
479.12
540.52
427.52
423.92
522.32
491.80
516.72
420.52
427.20
462.32
483.20
477.40
453.60
402.72
405.32
497.40
512.20
572.60
457.52
419.20
475.60
525.52
436.72
469.12
441.00
443.80
527.92
528.12
440.12
439.52
480.20
452.80
545.72
406.20
453.12
432.80
440.60
504.60
524.00
434.80
462.20
490.40
523.20
606.60
539.00
561.92
526.12
480.20
545.52
603.00
517.00
472.60
433.52
397.20
481.72
453.40
437.72
450.12
453.20
534.20
568.52
426.72
454.32
400.80
431.60
499.20
484.80
431.20
456.60
467.60
540.20
551.52
447.92
468.92
436.32
408.52
490.12
550.32
446.80
439.12
479.92
444.00
534.40
457.32
465.20
450.72
505.72
514.00
483.00
453.60
479.12
486.92
397.60
492.72
503.40
450.40
437.72
412.72
488.20
516.92
435.32
449.52
444.80
437.72
491.32
445.92
442.20
499.20
463.80
490.92
550.92
473.80
445.72
454.72
403.00
509.32
506.12
451.12
430.72
419.40
441.72
548.80
485.20
466.52
436.52
444.92
496.72
478.32
431.72
433.20
461.40
442.32
517.32
523.40
518.32
440.40
448.80
494.72
471.40
408.40
418.00
434.80
410.80
462.52
464.12
435.20
426.80
420.60
484.60
540.40
425.60
451.32
425.60
448.12
514.72
513.40
442.72
448.52
440.32
467.12
545.60
438.60
449.00
427.92
426.80
535.52
446.60
420.00
414.12
435.32
451.12
501.12
459.80
448.52
429.52
449.40
514.92
515.80
439.00
480.52
481.00
480.80
486.40
446.72
458.40
438.52
471.72
515.40
523.92
455.12
437.72
429.00
492.52
567.60
472.52
487.20
502.40
501.12
492.60
582.12
448.72
492.92
417.72
400.12
493.92
441.72
448.00
441.40
428.52
449.72
524.72
428.92
453.00
426.92
417.40
515.80
507.20
503.72
482.12
516.52
489.52
545.00
454.12
448.12
430.40
417.92
472.52
479.52
441.12
455.00
414.00
433.12
510.32
420.00
445.00
425.60
461.92
519.20
572.80
451.72
459.12
446.12
407.92
518.40
552.00
492.52
425.60
421.32
483.40
531.80
468.72
461.12
420.32
433.52
500.20
479.80
446.20
463.72
446.72
483.60
604.52
476.72
495.20
429.80
421.52
474.40
478.40
420.12
430.32
430.92
458.80
551.20
514.92
475.52
440.00
420.12
461.92
561.60
448.20
492.12
436.40
471.52
538.40
509.20
461.12
440.00
456.80
480.52
497.32
439.52
445.32
436.80
416.52
505.12
431.72
442.32
444.12
446.52
492.12
487.20
497.80
485.80
432.60
440.80
496.60
515.80
429.80
459.00
446.20
486.80
547.32
430.00
440.52
419.00
438.72
522.32
511.80
432.00
418.32
438.80
470.92
529.12
450.52
480.12
459.32
441.80
530.00
468.60
454.52
477.40
437.12
404.52
485.00
438.00
448.32
435.52
457.92
518.20
503.00
430.12
420.32
420.12
450.92
511.52
456.00
449.80
463.12
468.32
477.92
546.80
452.80
411.60
389.72
393.60
502.40
456.00
441.20
460.00
431.00
458.40
528.60
436.40
457.72
432.60
435.72
480.12
557.32
473.60
460.52
505.40
448.60
506.80
460.32
465.52
425.52
425.32
496.32
463.20
455.92
459.92
462.40
494.52
565.52
461.92
488.00
473.00
457.60
502.92
545.00
472.80
503.92
436.80
437.32
530.20
438.12
458.12
447.12
429.60
438.32
551.40
503.32
438.60
430.20
430.52
474.12
468.00
512.40
503.52
428.32
458.20
617.12
523.20
503.92
480.40
469.80
477.72
490.52
453.92
464.72
458.80
472.32
594.00
439.72
481.92
448.92
446.60
513.40
520.32
481.92
459.72
494.32
538.92
600.92
520.52
485.12
482.20
475.52
512.72
616.72
456.32
501.80
454.40
457.52
515.52
487.92
498.40
462.92
438.60
505.80
554.80
498.92
455.52
508.52
474.52
504.12
484.52
511.60
451.12
464.80
486.92
607.92
472.60
469.00
484.80
543.20
533.80
518.12
484.00
609.72
583.32
613.60
697.32
525.40
515.40
552.20
466.32
523.40
567.72
472.20
412.60
427.20
427.72
550.40
484.20
464.20
469.72
475.00
486.00
486.72
459.52
452.12
468.00
476.92
501.00
459.00
491.20
478.12
505.12
513.60
574.00
447.60
469.80
440.60
450.72
496.92
433.92
483.72
474.40
487.92
464.80
556.12
455.60
454.60
486.72
444.60
483.40
557.00
532.52
507.52
437.92
431.40
537.92
436.00
455.12
453.40
436.60
486.20
461.40
451.60
439.00
422.32
446.12
521.12
433.80
432.72
458.32
443.12
485.80
531.60
489.40
429.12
430.12
448.80
466.92
568.72
479.00
433.92
417.80
469.00
566.32
436.80
461.52
474.00
440.32
524.52
451.92
487.92
455.72
440.40
522.12
548.80
466.92
474.60
463.12
415.60
477.32
469.40
430.60
427.52
455.40
459.60
523.20
432.20
457.12
448.92
451.20
494.52
498.92
457.20
428.12
444.80
489.92
609.12
450.60
444.20
554.20
495.52
495.60
491.92
462.60
430.20
472.00
456.20
482.12
438.52
472.32
444.52
440.92
482.20
580.80
443.80
470.32
473.00
450.32
498.52
470.92
468.72
454.92
440.32
500.32
532.20
447.72
467.72
429.52
407.00
476.12
526.12
458.72
439.92
435.72
501.80
549.92
457.00
465.12
464.60
512.60
490.00
533.12
455.72
444.92
430.80
432.60
511.20
432.52
488.32
498.00
462.32
480.60
569.80
430.20
439.12
441.00
468.60
487.20
469.72
473.92
496.20
446.20
509.72
562.12
466.72
453.00
420.80
425.92
462.92
447.12
457.72
447.92
424.52
513.40
528.00
443.12
461.40
456.52
438.92
492.60
529.92
468.60
471.72
428.60
465.12
571.32
470.40
484.32
445.00
462.00
508.72
556.52
469.52
457.12
456.12
461.72
514.60
474.12
509.52
464.40
486.80
527.12
554.12
461.92
455.52
462.12
386.92
473.40
455.80
421.12
446.60
405.60
504.80
565.52
449.92
446.20
443.92
440.40
498.32
474.20
450.12
442.80
472.40
520.32
586.72
460.52
472.40
492.72
425.80
462.80
547.92
453.60
412.60
492.60
425.20
467.80
484.40
465.92
430.00
449.60
490.52
498.80
453.12
510.00
503.12
499.60
481.92
498.20
530.72
452.72
437.00
479.00
566.40
506.60
425.20
446.80
449.92
477.72
601.12
421.20
448.00
408.12
509.12
457.92
433.72
513.00
494.72
460.32
551.60
464.72
447.12
431.12
427.52
446.52
541.52
434.92
485.80
450.92
429.80
482.32
457.32
430.40
429.32
469.52
483.52
493.32
469.52
493.40
539.20
451.00
510.72
578.32
436.40
428.32
442.00
445.92
509.12
439.72
449.60
483.80
427.80
561.80
556.20
525.92
485.12
503.32
464.00
554.12
540.52
520.12
468.20
459.80
522.92
590.80
464.32
464.60
446.60
482.40
489.60
514.80
462.52
460.60
439.40
486.60
545.80
460.80
483.72
484.80
480.72
530.12
561.20
529.80
479.40
490.72
452.80
538.60
458.32
451.80
456.80
473.80
560.40
525.52
441.72
457.32
444.60
470.32
579.12
530.92
493.20
446.40
487.60
555.12
599.60
463.52
495.80
484.32
445.52
478.52
475.20
442.12
477.20
437.92
509.20
558.52
463.72
494.12
440.12
444.20
492.00
492.92
476.60
495.60
482.60
515.40
547.60
462.92
493.00
452.92
476.20
465.40
523.80
443.00
450.60
474.32
486.20
562.00
464.72
490.92
412.52
450.20
516.80
554.52
450.52
489.32
494.32
464.12
490.20
495.72
472.52
455.92
490.00
483.00
501.72
471.12
476.60
474.40
451.12
486.20
494.20
509.92
527.20
533.80
568.20
501.72
512.92
467.52
484.00
465.60
520.92
572.52
436.20
417.52
454.92
456.72
516.60
435.92
492.80
425.80
426.20
478.32
452.20
424.32
446.72
453.40
452.60
516.32
478.00
506.20
450.92
450.72
526.72
482.72
421.92
455.72
429.20
423.40
461.92
540.12
439.52
424.72
457.72
497.00
529.80
433.20
443.80
431.20
447.40
522.00
498.60
520.60
427.92
467.72
478.60
540.20
434.20
439.32
430.60
385.20
502.92
446.20
466.60
425.20
418.52
467.72
553.60
465.20
503.72
429.32
463.40
503.12
539.40
434.52
463.72
452.52
462.72
466.80
427.52
467.40
427.92
424.60
501.52
505.20
416.00
421.72
442.52
490.12
562.32
468.52
463.00
454.00
478.80
538.40
585.80
445.40
475.72
431.52
444.72
475.00
424.20
446.40
446.00
469.52
452.40
544.80
440.92
462.12
422.92
481.60
517.72
477.00
436.72
454.80
451.00
540.12
522.12
471.32
469.52
419.52
448.72
472.60
475.12
423.72
483.12
463.72
445.20
536.20
425.92
447.60
428.80
422.72
532.00
537.60
496.80
488.00
512.12
466.72
489.52
465.20
446.00
438.52
465.12
456.32
584.52
471.40
443.12
441.20
479.40
493.32
444.60
438.40
429.12
471.40
516.92
532.92
462.80
493.80
438.32
445.80
524.00
489.52
449.20
441.12
440.80
452.72
542.32
461.40
444.40
433.20
437.52
470.92
499.60
426.12
455.12
458.80
463.72
546.92
486.20
490.20
429.00
474.00
488.12
494.80
453.00
435.12
444.92
434.80
488.72
501.12
490.00
447.52
442.32
501.12
455.00
478.60
484.92
445.12
480.72
506.12
501.32
462.92
444.20
457.00
483.52
566.92
438.60
442.72
437.40
446.20
483.92
472.12
445.20
425.32
428.52
466.52
536.72
465.32
423.32
469.40
513.12
561.12
451.12
435.20
494.60
445.92
443.12
469.80
436.40
456.72
424.32
528.20
472.52
496.92
438.80
461.20
441.00
463.60
502.80
435.20
433.80
490.32
469.32
545.60
509.52
469.92
480.12
421.40
438.92
466.32
455.80
430.20
455.80
469.92
459.52
552.60
429.12
440.52
432.80
453.80
511.32
446.12
465.80
474.12
483.60
460.92
500.72
454.72
449.72
430.72
444.72
468.52
463.92
402.52
447.80
442.80
484.52
502.60
453.40
436.12
431.80
452.80
520.12
507.40
459.80
486.72
471.40
459.20
511.60
444.20
460.92
438.12
449.80
470.72
546.12
467.32
447.20
418.20
421.40
492.52
466.60
443.00
472.80
459.92
460.40
567.00
472.20
511.12
436.00
475.12
478.40
456.40
441.60
448.80
456.32
447.52
571.40
476.12
448.80
419.80
433.92
472.92
477.60
444.32
416.40
457.00
490.60
555.12
524.52
479.40
427.32
450.52
481.40
537.60
430.92
430.80
431.00
451.92
533.12
444.52
441.92
436.72
463.60
485.72
560.52
467.40
452.40
445.00
475.60
529.52
433.12
436.72
467.40
458.80
515.20
563.60
451.80
477.12
445.92
478.12
465.20
586.12
450.92
430.12
430.60
480.72
588.40
452.20
461.12
485.80
472.52
549.72
566.12
483.40
507.00
438.80
421.72
479.80
438.92
468.40
476.80
498.32
477.52
500.60
497.72
460.60
469.92
479.20
526.60
480.12
534.72
539.52
495.72
508.60
558.60
481.00
551.80
482.52
470.60
477.80
468.12
508.32
472.52
451.40
478.80
577.00
443.40
485.32
464.20
469.20
506.20
534.00
487.52
469.12
456.60
466.92
499.92
468.00
459.32
435.40
448.32
474.00
468.40
480.80
455.40
435.92
452.00
529.12
516.72
545.12
536.92
537.60
522.00
496.92
478.60
456.80
430.92
469.92
512.52
459.60
422.00
431.52
448.32
457.32
522.60
469.20
432.80
437.72
449.00
481.92
436.92
440.40
472.60
488.80
487.80
589.72
488.92
439.92
448.32
476.52
466.60
441.52
448.60
425.20
432.92
473.80
528.40
436.52
457.20
421.20
449.20
492.52
459.92
452.12
460.00
487.52
525.60
472.72
466.00
431.00
478.72
423.52
464.32
521.52
438.12
430.52
426.72
483.20
543.32
455.52
460.60
433.20
439.00
487.40
581.80
502.40
491.92
489.52
499.20
503.80
460.00
512.20
462.32
408.80
460.40
517.12
437.00
472.20
499.80
466.00
464.40
440.60
441.60
435.40
430.32
498.12
560.00
437.72
479.80
492.52
486.12
491.92
533.92
448.52
431.00
430.92
444.92
469.40
450.80
446.72
510.00
455.52
490.60
588.20
434.12
429.12
430.32
471.60
484.60
453.72
478.80
488.92
453.32
482.92
534.80
455.12
452.72
427.12
461.80
468.20
437.40
449.52
440.00
422.72
493.32
551.80
452.92
512.20
486.72
469.12
519.12
506.60
497.60
497.80
445.12
475.32
557.00
441.80
464.92
431.00
418.12
484.12
502.40
493.92
437.40
429.92
476.72
515.72
497.72
471.00
455.20
447.40
531.72
524.80
487.92
456.52
417.92
464.32
494.72
473.12
458.20
439.52
444.32
480.80
513.40
483.80
450.92
449.80
462.32
472.52
445.12
451.20
449.32
449.12
514.12
520.80
486.52
457.32
453.52
484.60
452.80
472.00
432.80
440.12
433.92
477.32
543.92
508.60
502.40
505.92
481.00
589.60
553.00
513.40
596.20
750.40
751.00
745.32
535.92
628.32
591.80
599.00
641.32
578.80
569.80
677.00
625.32
416.12
500.40
444.32
445.52
414.12
450.20
491.52
508.12
439.12
459.92
473.40
485.40
471.32
482.52
469.52
436.92
422.52
471.52
527.12
458.32
466.12
466.40
450.32
537.40
452.00
506.72
408.20
439.92
533.52
520.60
427.60
507.92
473.92
443.72
460.52
510.72
431.72
427.00
433.60
481.20
527.52
429.60
480.52
428.20
408.80
480.20
518.60
455.20
428.60
458.12
491.32
535.00
521.20
530.72
469.92
468.00
538.60
504.00
474.00
460.32
438.92
445.52
490.92
479.12
457.92
435.80
502.72
500.72
505.20
513.60
552.72
489.20
533.40
587.52
598.40
469.32
446.72
454.00
505.52
565.92
485.20
406.40
443.40
447.60
528.12
528.60
460.80
443.40
439.00
467.92
494.72
514.20
511.32
468.80
441.92
567.80
597.00
476.12
442.52
492.20
479.52
518.00
479.80
477.40
449.92
459.00
554.12
594.60
498.92
553.52
462.32
447.00
499.92
482.72
452.12
483.12
517.52
589.00
617.52
464.20
481.80
488.32
487.52
477.00
513.20
460.80
454.40
482.52
513.80
553.52
457.12
464.60
472.00
495.12
590.80
590.52
473.52
511.12
510.72
493.00
490.00
468.60
502.20
500.00
492.32
471.20
457.92
467.20
498.72
456.72
477.20
483.72
460.72
458.72
456.52
433.60
533.00
510.12
480.60
488.80
567.52
446.00
433.00
479.52
464.00
466.60
444.32
512.52
548.12
441.60
510.40
446.60
448.40
461.72
498.32
448.92
453.00
468.92
502.72
562.52
489.00
494.20
480.20
435.92
545.52
475.52
441.72
449.80
425.92
466.60
464.00
464.92
507.12
462.92
442.20
486.00
457.52
421.52
465.60
449.20
433.92
500.20
495.12
510.60
450.60
446.40
539.52
555.40
460.52
452.52
461.60
467.52
481.12
492.60
425.40
470.40
469.20
567.40
620.92
568.60
551.60
531.80
554.52
566.32
565.12
485.40
418.40
454.12
463.20
494.20
444.00
459.40
432.12
450.92
555.60
483.60
466.32
447.52
442.12
476.92
473.20
481.32
474.00
430.52
448.20
539.40
513.32
449.80
462.92
441.12
473.32
494.52
454.20
480.32
431.92
438.12
495.00
557.92
457.20
456.72
444.12
439.52
479.72
465.40
428.20
487.20
487.20
498.60
544.52
452.12
488.92
444.20
459.72
456.32
505.52
471.80
495.20
456.52
482.12
540.40
442.80
446.60
429.60
451.72
518.20
515.20
482.12
458.00
466.12
503.60
530.72
448.92
455.52
428.72
431.32
474.92
512.32
425.00
472.40
439.32
455.32
467.52
441.12
436.12
445.92
457.80
481.32
523.40
460.80
487.92
503.72
439.32
447.40
470.00
430.12
4