Measuring voltage and current with INA219 ...
514.52
694.92
668.12
720.60
724.52
575.52
495.12
542.00
519.20
592.12
424.40
432.72
498.92
477.40
655.92
498.00
417.80
412.92
493.20
520.72
621.20
438.52
494.12
503.80
507.00
587.40
615.80
418.40
440.80
496.52
466.52
674.92
483.80
454.92
431.32
484.32
563.60
537.20
480.52
404.12
546.80
514.40
671.52
525.92
436.20
466.80
503.32
629.32
423.52
425.32
440.92
541.12
571.60
448.60
456.32
454.00
418.32
482.32
661.12
425.40
416.52
484.12
517.00
474.40
485.80
518.72
494.60
457.12
523.72
620.00
443.52
426.80
470.72
505.80
492.52
570.40
511.52
414.20
431.80
553.92
703.20
434.52
434.52
439.20
506.00
540.32
481.32
472.52
497.60
420.92
495.40
578.00
417.80
445.72
437.72
453.60
522.40
407.52
427.20
398.00
419.60
466.92
550.72
440.20
475.40
437.32
444.72
499.12
465.72
469.72
434.80
467.12
474.12
498.60
399.20
464.40
429.80
440.20
505.32
447.52
420.12
439.52
423.60
432.80
506.40
416.40
439.52
434.60
443.80
535.52
568.52
411.72
462.80
456.92
450.92
501.60
405.60
455.92
437.40
429.92
540.52
532.60
406.92
449.80
411.40
460.40
497.52
465.52
452.32
429.60
452.40
523.60
505.52
397.92
475.32
438.00
426.12
484.60
520.72
423.32
436.60
474.00
509.20
522.20
423.40
438.92
438.80
443.52
534.80
505.60
431.72
496.32
526.40
506.32
554.52
462.92
471.52
461.00
437.72
563.12
502.40
416.72
475.72
455.40
439.72
492.32
447.60
459.40
480.40
479.40
526.20
506.00
475.52
501.52
520.20
508.40
485.00
460.92
415.72
427.72
436.80
511.60
585.32
466.72
508.40
457.92
472.12
540.92
486.00
473.12
517.32
501.32
529.60
612.32
556.40
556.12
482.60
465.80
548.00
487.60
426.72
458.72
452.12
476.00
523.32
424.00
473.72
442.32
451.32
550.52
563.32
465.32
500.60
507.72
475.52
535.00
499.00
492.60
453.72
508.12
535.00
555.32
421.00
448.52
435.92
461.20
518.20
485.40
492.20
438.12
435.52
528.80
557.52
467.60
483.12
549.00
466.12
576.80
493.80
493.40
487.20
467.60
469.40
566.00
442.12
464.52
474.80
456.32
536.80
505.80
443.52
436.52
448.80
439.40
503.72
474.60
428.92
404.52
482.80
555.00
596.20
459.32
468.60
443.92
561.52
499.72
512.60
444.92
449.40
469.20
487.20
577.92
427.80
457.20
456.60
467.32
489.60
420.20
450.40
476.12
491.80
505.00
556.32
447.92
489.20
432.60
443.00
520.60
442.52
425.00
442.20
406.52
424.72
541.12
446.32
469.92
441.60
521.12
525.12
492.32
539.12
505.40
484.20
484.80
542.52
470.60
449.60
421.60
446.00
504.60
526.72
415.72
478.12
421.80
400.12
462.32
414.32
435.52
449.80
496.80
483.32
540.60
461.92
493.80
446.00
440.40
509.20
406.20
421.20
408.52
437.80
501.32
532.32
432.60
459.72
430.20
426.60
481.00
461.80
407.72
452.80
424.32
491.00
545.72
465.72
474.80
428.60
461.72
508.52
543.52
410.32
415.32
432.00
473.92
513.60
415.72
459.92
429.32
439.72
479.60
548.52
424.00
474.60
428.40
447.80
530.00
473.20
430.52
433.92
471.40
477.00
573.40
359.52
457.92
411.00
441.32
503.92
458.40
413.12
409.72
424.12
492.92
552.12
436.72
437.20
448.52
477.12
544.72
571.20
425.80
437.12
454.92
454.40
537.92
406.92
487.80
426.32
503.52
495.52
592.92
427.52
453.00
439.92
462.80
500.92
434.60
439.60
529.60
558.52
594.20
641.92
550.20
547.40
488.12
486.00
496.20
443.52
413.72
448.20
452.80
524.40
568.32
404.12
439.80
403.20
424.72
520.32
468.20
431.72
470.32
479.20
474.92
546.20
437.52
455.92
429.80
435.12
483.92
412.72
408.40
437.20
445.80
477.32
521.00
438.32
441.72
434.12
469.72
506.20
466.92
432.52
474.40
463.20
467.92
498.32
441.12
424.52
441.20
427.20
483.00
503.92
441.40
437.20
425.00
470.72
509.20
462.20
433.52
478.20
448.32
493.80
574.80
513.40
507.60
410.00
460.20
520.92
418.12
410.72
434.60
450.12
457.40
506.52
471.92
450.60
445.00
448.20
491.20
475.60
478.72
444.92
453.60
519.92
542.72
457.12
437.00
418.92
422.72
468.80
450.60
430.80
443.60
439.20
472.72
555.32
413.00
433.52
413.20
436.40
510.60
539.00
442.00
454.20
419.20
479.32
529.92
466.12
529.80
448.92
428.60
457.20
505.52
462.60
425.20
430.32
423.60
502.32
567.80
418.80
423.72
407.00
512.20
538.12
525.40
443.20
457.40
483.60
495.92
525.72
465.52
460.40
414.12
480.00
505.52
456.12
444.80
441.00
457.52
522.00
530.12
423.60
450.32
433.32
476.32
506.80
511.20
461.60
480.52
480.20
512.12
470.80
467.20
447.12
427.32
465.80
482.40
561.20
416.72
453.80
414.60
479.60
511.92
434.40
436.80
438.20
474.92
486.80
568.40
467.00
447.72
484.40
474.92
479.80
448.00
420.92
432.00
447.40
514.72
595.12
466.20
428.92
438.32
483.12
491.20
477.60
479.72
463.12
450.40
490.60
517.60
517.40
526.92
478.20
461.60
468.60
521.00
499.20
432.92
437.72
481.80
586.72
404.20
435.52
440.92
430.92
485.20
592.40
428.52
469.60
430.00
481.80
520.00
508.52
415.92
454.12
471.00
514.60
585.72
442.40
418.80
400.20
457.72
492.40
454.20
452.32
417.12
436.32
484.32
601.32
476.00
422.40
431.72
490.32
538.92
539.40
453.92
465.20
452.12
486.52
543.92
396.40
414.60
454.12
447.72
469.52
553.20
406.60
426.72
430.52
511.80
572.20
421.52
417.32
451.92
494.32
497.60
594.20
460.52
440.12
437.60
479.72
488.32
426.40
432.40
479.40
485.52
485.00
553.40
421.80
413.00
424.12
457.40
507.60
477.20
456.72
445.60
480.92
495.52
572.40
477.40
433.20
420.60
491.00
505.52
552.72
445.12
467.12
448.52
501.40
571.12
432.52
423.92
441.12
469.72
465.12
520.00
469.00
462.20
518.72
501.52
480.80
435.72
405.92
428.92
449.60
462.32
575.72
446.00
427.40
431.12
475.40
557.40
434.00
447.00
453.00
440.20
458.72
484.40
473.80
493.60
426.52
530.00
552.72
416.60
422.60
428.40
449.20
496.80
489.20
469.52
428.72
469.80
482.12
521.20
413.60
466.12
447.52
411.00
479.12
564.32
478.12
449.40
441.12
476.52
516.52
426.60
407.72
407.72
428.12
479.72
551.80
422.52
446.80
433.92
452.80
510.60
417.92
446.40
442.60
430.32
503.40
560.20
439.60
466.60
433.20
448.80
487.20
437.40
415.40
433.92
428.12
497.32
569.40
417.92
445.40
430.32
451.00
531.60
534.32
437.40
466.20
483.32
496.12
547.20
456.72
492.12
428.52
463.52
473.40
474.40
410.00
429.80
476.12
504.20
467.60
442.12
442.40
427.20
450.80
511.80
474.12
433.72
468.32
475.52
476.40
546.92
447.80
445.72
437.40
416.20
499.40
548.40
391.12
444.20
458.12
456.00
482.92
520.52
396.20
435.52
429.20
500.32
516.80
441.40
553.72
560.80
517.40
578.12
560.20
532.00
463.52
484.00
499.00
477.60
414.92
434.52
414.72
440.72
481.00
490.80
404.12
435.52
457.20
454.00
485.72
480.52
475.40
472.12
430.00
498.12
539.80
410.20
439.00
427.92
446.52
497.32
477.80
449.80
404.32
420.32
476.52
567.32
463.00
472.32
454.72
445.12
486.00
491.52
479.40
431.52
428.72
481.80
528.00
410.00
418.72
426.40
450.52
486.20
486.20
430.52
415.12
423.72
496.60
563.52
448.20
474.40
446.00
420.12
539.80
524.72
474.20
434.60
440.00
477.92
525.00
423.40
508.92
484.92
433.40
488.60
548.72
404.32
447.92
423.92
420.92
513.12
480.60
428.92
426.92
457.40
484.00
560.00
428.92
480.80
470.32
414.60
461.80
451.80
426.20
437.80
461.40
504.32
536.52
411.80
430.52
432.52
424.92
498.32
481.92
415.40
461.92
446.20
522.52
516.20
440.72
469.92
425.00
423.60
483.52
540.52
410.80
433.80
442.00
461.92
480.40
412.80
444.12
427.72
435.92
511.72
548.40
446.20
519.40
465.52
472.92
485.60
465.80
398.92
447.40
432.92
566.52
524.60
399.80
446.12
432.12
429.72
488.20
509.80
417.32
441.52
457.80
479.72
530.52
464.32
474.80
492.12
432.00
545.40
528.40
428.40
449.60
443.32
451.60
481.20
439.52
469.52
414.52
422.32
446.40
465.72
415.00
444.60
457.32
453.52
498.40
473.52
469.52
435.52
444.40
519.40
518.40
411.52
435.92
413.52
422.12
487.92
460.52
418.52
437.92
425.92
494.72
549.32
438.80
462.92
428.80
436.20
492.92
498.32
482.00
430.92
445.60
496.00
534.12
413.60
423.60
419.40
441.12
495.72
444.20
407.92
415.32
440.20
470.20
503.92
464.92
455.52
477.12
495.32
564.12
550.60
435.52
492.20
464.40
477.52
483.00
457.20
407.12
426.00
465.40
539.80
500.40
404.12
437.52
445.00
472.92
534.32
475.80
428.32
452.00
446.12
520.00
536.12
425.72
461.92
396.00
454.20
516.12
491.00
410.72
434.52
460.00
480.92
534.80
425.72
439.52
430.92
455.52
511.72
470.52
433.00
483.72
456.20
515.72
591.00
496.72
536.72
482.20
465.80
496.32
532.12
369.00
498.20
414.72
449.60
501.12
441.32
444.92
428.60
460.72
512.20
556.40
471.92
480.92
468.20
447.72
500.60
460.80
419.60
416.92
428.20
497.12
518.20
442.80
448.52
420.52
452.80
469.92
426.00
397.20
499.92
449.60
502.52
577.72
454.20
464.32
459.12
442.20
511.40
488.32
414.92
428.92
416.12
480.12
527.52
438.00
431.12
428.80
442.52
495.20
541.40
453.92
466.92
439.12
447.80
463.20
462.60
439.32
468.12
487.92
483.00
525.20
460.00
467.52
471.60
465.40
507.52
446.00
433.92
442.00
435.20
475.32
488.72
480.20
472.92
428.80
473.00
534.40
546.32
429.32
451.60
448.32
506.92
477.32
420.92
394.00
420.52
478.12
505.80
508.80
401.80
452.80
444.72
475.52
541.52
471.32
455.52
462.80
480.72
520.32
555.72
467.40
452.40
445.00
442.80
488.32
449.20
395.60
410.52
443.32
516.80
562.60
411.00
435.20
464.12
446.40
485.20
423.72
423.60
460.80
450.80
489.20
549.92
412.12
424.12
410.00
440.12
483.12
440.80
380.32
443.72
443.32
495.12
537.92
432.32
422.80
414.40
475.40
480.92
584.40
445.92
460.20
481.80
476.80
498.80
465.92
431.20
423.72
415.40
478.60
487.00
410.52
454.12
433.20
466.92
484.32
459.40
386.40
428.40
441.72
503.52
633.52
584.12
575.80
546.92
529.12
587.40
439.60
427.40
414.32
426.80
472.12
545.92
426.12
439.32
413.52
435.00
488.72
442.40
387.40
458.80
427.52
474.40
536.20
470.52
486.60
425.72
457.52
514.92
507.72
422.72
406.80
426.72
476.40
565.12
449.80
418.80
443.20
490.32
511.32
532.12
486.20
488.20
416.60
492.32
523.92
528.40
397.72
475.52
442.92
508.80
522.60
396.32
426.52
494.80
516.80
487.32
447.40
392.52
439.20
432.60
507.80
514.20
468.92
448.32
443.12
479.52
520.32
475.80
434.52
460.92
409.32
503.32
531.60
427.32
493.52
409.92
445.60
471.32
540.32
399.72
427.72
431.60
463.00
548.60
421.00
443.40
443.32
477.40
498.52
563.32
439.00
437.40
437.72
452.92
473.80
425.80
415.20
485.00
480.60
510.40
527.32
463.92
498.40
433.52
451.92
499.32
419.20
456.00
478.92
484.92
475.32
580.72
423.72
419.32
426.00
440.80
492.12
477.72
421.60
503.20
468.00
490.52
524.00
430.60
426.92
457.32
482.00
518.52
576.72
476.20
461.12
474.60
479.52
513.72
463.32
465.32
459.40
450.00
510.00
478.60
428.60
450.92
427.20
444.92
487.40
457.80
415.32
436.20
435.40
512.72
556.52
463.12
499.92
440.40
478.40
484.12
522.60
394.40
449.80
421.32
497.52
598.72
424.20
420.32
423.72
420.20
511.00
441.20
431.12
473.92
427.92
487.80
534.92
506.20
430.80
427.52
456.40
495.00
457.32
423.60
405.52
439.20
502.60
517.20
448.52
409.40
411.52
430.12
486.60
495.80
440.40
437.80
433.72
496.72
527.60
492.20
435.80
443.52
411.40
481.80
568.60
415.20
429.32
432.60
495.32
515.52
428.80
419.40
460.80
442.52
456.60
557.32
460.32
422.52
469.72
485.12
488.92
471.20
452.72
429.32
440.80
506.00
540.32
447.40
440.32
475.72
484.60
520.60
492.80
403.12
432.20
446.40
482.72
489.32
413.20
457.92
511.80
497.20
521.40
573.32
451.40
433.20
447.32
477.92
519.20
444.32
456.60
436.20
445.52
502.80
572.32
429.72
420.32
429.12
473.40
490.32
599.00
460.72
478.80
447.92
504.52
591.32
462.92
434.72
435.00
425.60
484.20
455.80
427.40
424.72
411.72
504.40
558.80
420.92
433.20
463.00
416.72
491.80
566.20
515.12
455.72
421.92
491.80
576.72
453.40
435.92
456.72
469.20
572.52
571.60
446.40
440.12
447.00
434.12
489.20
445.12
425.40
434.72
434.12
521.60
540.60
511.72
461.32
464.20
464.00
491.52
449.12
398.40
439.72
440.92
514.40
558.32
420.32
444.80
398.52
428.32
497.72
477.00
453.12
432.00
446.52
503.12
546.12
436.80
447.92
449.32
451.40
503.52
475.12
426.60
429.80
444.52
483.92
498.72
505.92
428.40
445.72
496.20
509.80
524.92
444.12
478.12
515.52
517.00
514.92
438.52
501.00
447.32
443.52
508.60
551.12
418.20
416.52
451.60
462.80
486.72
441.60
404.72
430.32
431.72
495.92
575.80
443.32
468.40
475.00
504.60
452.52
431.80
455.40
401.40
431.72
490.20
544.20
437.00
459.00
457.00
432.32
486.92
474.32
400.52
429.20
468.92
479.92
495.32
469.32
450.60
474.80
441.20
473.40
613.20
417.92
426.00
448.20
424.40
523.52
462.12
439.80
440.92
496.80
486.72
556.80
416.40
417.00
480.20
453.60
494.52
471.20
455.92
461.92
442.60
491.40
532.20
452.32
440.60
430.32
446.40
478.92
458.12
426.32
401.00
430.52
466.92
518.40
427.20
452.40
432.32
432.40
563.80
621.52
616.80
553.80
546.00
563.12
604.80
503.40
520.00
495.60
448.52
497.40
569.72
424.00
421.60
442.52
453.72
513.52
434.00
413.80
406.92
447.00
530.72
578.52
477.00
452.92
482.72
441.92
512.80
438.60
397.20
429.52
443.32
522.72
549.12
453.92
423.20
429.32
439.72
442.52
529.20
421.52
438.40
444.12
534.00
527.32
436.40
462.12
433.40
415.00
500.00
520.92
411.12
396.52
465.40
490.12
483.20
433.60
431.20
430.92
445.32
488.60
551.80
423.00
450.92
507.20
527.32
495.80
476.32
442.52
432.72
430.72
491.12
503.20
417.52
447.80
459.00
443.32
491.00
448.32
404.20
432.92
440.00
499.80
472.00
478.52
474.52
482.92
462.20
522.60
572.92
404.80
424.12
432.60
455.52
482.32
420.92
469.60
418.40
430.72
500.60
468.12
441.52
422.80
514.32
476.32
529.80
509.92
533.80
502.80
454.80
538.40
531.00
436.32
420.60
442.40
446.72
498.00
467.92
389.40
411.40
466.00
499.92
558.60
432.52
462.60
439.40
468.32
549.80
527.12
480.40
429.52
463.32
492.40
565.32
450.32
418.80
440.60
450.60
510.20
486.00
398.52
389.52
450.92
453.00
517.00
387.80
443.00
436.72
443.32
550.52
522.00
413.32
431.20
445.72
490.52
468.60
442.60
407.20
427.80
431.52
535.00
529.80
482.12
424.20
447.72
471.00
526.80
488.40
432.40
474.00
490.40
544.40
547.80
596.40
520.00
434.52
441.80
486.40
440.40
406.80
469.92
471.52
484.12
526.40
447.80
412.60
417.60
448.12
500.60
463.32
433.12
453.20
475.60
527.00
555.20
523.52
450.80
436.32
458.20
535.20
531.32
435.92
439.20
469.20
490.00
538.40
448.00
443.92
437.60
429.20
537.32
588.20
445.92
475.80
457.72
467.92
493.32
455.52
449.20
439.52
436.80
498.92
543.20
426.20
479.80
441.72
449.32
474.12
459.92
396.60
447.52
493.40
503.72
558.00
454.32
460.72
516.72
456.20
490.12
484.40
409.20
411.92
426.00
471.60
543.80
462.52
431.72
414.72
468.92
478.12
532.40
451.20
482.40
448.12
487.00
534.60
480.80
508.60
406.40
464.80
500.12
508.80
424.60
433.12
429.52
433.92
485.32
473.72
375.12
423.80
425.92
470.72
519.72
428.92
447.92
431.00
432.32
526.12
534.92
456.40
441.20
467.20
483.52
570.92
440.00
448.20
429.52
459.92
514.00
526.52
410.40
401.12
421.92
462.32
542.92
527.40
424.52
428.52
460.20
522.32
532.12
441.20
474.80
436.40
437.60
555.52
490.00
413.40
467.72
493.32
492.32
481.80
418.72
443.32
449.80
442.12
497.92
475.12
418.20
442.00
465.92
538.72
539.12
474.52
458.32
423.52
421.92
485.12
502.40
388.12
392.40
419.72
416.12
570.60
454.32
411.40
408.00
447.92
474.92
450.60
454.52
463.20
443.72
507.60
511.60
435.80
448.12
431.72
439.00
503.40
466.80
406.40
460.20
433.80
490.12
473.72
441.92
392.52
426.12
423.12
466.00
484.52
531.20
470.20
492.60
458.32
512.32
428.32
389.72
394.72
421.40
454.60
533.80
465.60
447.12
434.60
441.52
487.52
424.20
404.20
451.40
430.92
464.72
528.92
508.52
507.00
431.32
469.92
483.40
439.80
403.72
420.32
429.60
476.92
580.20
444.32
402.20
426.32
413.52
518.72
499.40
407.80
455.32
425.52
475.80
572.72
486.80
478.12
457.40
455.52
546.80
631.12
460.52
464.80
461.60
431.80
491.00
450.40
407.40
411.60
439.20
493.20
531.60
471.32
416.72
425.60
519.00
588.40
714.80
525.92
573.60
524.72
600.92
630.20
442.60
410.12
421.52
476.80
513.60
536.52
402.12
417.72
435.00
480.92
561.72
475.40
443.92
462.20
453.12
527.32
560.80
453.20
432.32
420.92
482.72
491.40
436.72
426.40
476.92
476.00
517.80
437.92
475.60
417.52
434.72
431.92
494.92
459.92
446.52
447.00
482.92
529.12
466.32
486.60
432.00
425.60
436.40
488.12
466.92
408.00
436.12
434.60
478.92
559.40
458.92
425.00
405.80
457.80
499.00
497.32
468.32
464.92
503.40
468.20
500.40
427.92
439.60
473.52
450.92
482.60
476.52
429.40
452.72
442.92
450.52
502.72
449.40
433.60
502.60
460.00
566.72
549.60
475.32
498.20
467.40
508.52
479.00
566.40
405.00
416.60
427.32
491.20
573.92
471.52
422.80
426.20
443.40
486.80
457.52
460.60
419.20
409.40
452.20
544.12
463.60
456.72
421.72
502.52
474.92
461.40
419.60
434.00
435.32
454.00
587.12
442.32
409.72
439.32
437.12
472.12
472.92
436.92
415.80
435.32
517.00
550.40
520.32
422.40
452.52
444.52
493.80
531.60
435.00
436.60
445.60
477.20
496.72
411.32
394.52
411.72
433.92
453.00
581.80
466.92
429.80
455.20
473.00
533.52
527.52
439.60
469.60
516.80
499.92
536.60
434.60
473.80
418.40
490.12
503.40
495.40
408.72
421.92
417.92
491.80
577.12
449.72
434.40
472.92
477.72
535.80
563.52
495.52
452.72
449.52
472.00
494.00
475.80
446.40
491.12
467.92
517.52
597.60
492.00
490.12
459.80
464.80
478.60
424.00
467.92
518.00
493.60
477.60
576.52
469.00
456.00
437.12
468.60
507.32
444.52
460.20
454.92
445.40
547.92
587.00
453.00
477.72
472.92
475.60
506.20
488.80
487.00
478.60
474.72
521.20
561.92
432.32
432.40
438.12
493.80
517.12
527.92
452.60
438.92
431.92
517.00
482.20
477.12
434.72
477.52
472.72
532.32
541.52
500.12
473.60
430.20
472.80
497.72
480.92
435.72
435.92
439.40
561.12
494.80
440.52
453.00
456.60
438.40
503.80
486.40
468.20
433.20
455.00
510.92
573.20
478.60
435.80
469.40
436.60
479.72
499.60
435.52
431.20
435.12
492.72
526.32
443.40
463.00
495.92
425.72
506.72
459.32
429.60
414.32
443.20
479.00
489.20
496.52
442.80
428.40
424.72
498.92
498.80
422.52
434.80
469.12
468.80
474.80
451.80
404.80
408.52
405.72
470.72
552.60
473.92
444.40
463.52
501.40
505.32
476.12
445.12
423.92
431.12
467.52
508.60
441.60
431.52
428.00
438.52
476.72
455.72
413.20
415.32
426.72
463.32
482.92
432.20
451.12
469.32
501.40
478.32
489.60
429.92
383.52
402.32
489.92
545.20
440.32
439.00
421.00
406.32
478.00
554.60
412.40
433.60
468.20
458.72
464.40
472.20
455.32
461.72
455.80
497.20
533.80
467.00
459.12
444.20
439.72
461.80
524.80
452.80
481.80
445.20
488.72
483.40
478.52
418.00
447.80
459.92
492.72
540.20
480.92
481.80
444.12
515.20
553.20
442.92
412.80
418.92
420.40
494.00
518.32
437.20
413.60
404.40
478.12
531.80
444.00
404.20
426.32
441.80
512.00
574.12
497.72
431.32
471.32
442.60
477.40
424.40
391.40
414.52
408.80
510.80
513.72
431.20
416.12
428.00
429.80
482.32
474.92
413.72
378.92
440.72
522.92
565.32
552.72
536.60
477.52
474.00
598.60
547.12
435.20
461.32
441.92
511.40
543.60
444.60
398.72
429.52
435.52
471.32
599.92
432.40
426.80
523.40
577.00
645.32
550.00
551.40
516.00
556.32
509.00
511.72
429.52
429.00
496.60
419.92
477.40
465.00
406.20
408.32
432.12
520.52
523.20
448.72
481.00
503.52
502.92
489.60
495.52
458.72
434.92
440.72
500.12
500.40
442.00
475.80
446.80
425.92
488.32
429.12
443.60
413.92
464.00
480.20
529.72
468.20
501.32
513.52
448.52
507.00
509.60
437.52
414.72
402.12
451.12
445.72
441.32
466.12
400.52
404.80
501.80
508.72
442.80
429.80
466.32
466.00
479.20
480.60
458.80
451.80
421.72
505.00
540.20
446.32
447.72
418.00
455.60
484.52
453.72
428.12
383.72
416.12
455.80
513.92
447.40
429.32
425.12
440.92
505.00
475.60
456.60
426.80
443.60
460.32
542.32
453.00
461.00
515.60
509.12
528.52
510.32
449.92
443.12
451.60
503.72
541.40
447.80
438.12
425.40
464.60
536.52
579.20
473.72
451.60
484.40
460.72
527.20
500.32
432.40
422.32
462.32
509.92
546.72
469.12
428.20
442.32
450.00
506.52
484.92
431.00
446.72
482.72
472.32
500.20
456.32
497.40
459.20
476.20
512.60
471.92
460.52
455.40
499.00
466.72
598.40
466.52
423.52
433.92
450.32
547.92
602.92
469.52
441.60
477.80
503.52
518.00
506.00
454.40
431.80
458.20
576.12
576.80
418.72
485.40
472.92
469.00
503.60
482.80
428.40
395.60
487.00
558.20
509.72
453.60
477.80
502.60
463.92
531.52
507.80
462.00
428.00
495.92
515.32
543.52
468.20
516.92
481.52
462.60
482.60
515.00
457.00
422.92
472.32
486.92
545.40
481.92
480.12
472.12
459.92
512.32
573.72
440.72
474.40
430.52
453.40
511.60
468.92
420.80
400.92
414.80
512.32
522.00
451.40
443.00
452.20
439.52
477.60
466.52
465.72
458.00
508.12
466.60
552.60
448.72
453.72
425.60
434.40
506.32
481.72
423.40
399.52
444.40
468.72
550.80
461.92
440.00
441.40
490.80
536.40
586.72
484.00
417.72
440.92
441.92
507.40
438.20
430.60
405.12
448.00
496.20
481.20
495.60
392.92
431.12
440.80
480.60
470.20
438.60
407.92
474.80
539.32
566.80
422.60
458.00
450.52
464.12
472.20
451.40
441.12
394.92
446.12
501.00
540.12
435.92
432.72
454.72
452.52
515.52
446.00
431.32
449.32
478.92
490.80
492.60
468.92
437.60
461.80
458.32
465.92
539.32
440.20
500.80
471.12
461.32
545.52
533.40
472.12
419.12
470.00
540.20
606.12
528.52
496.52
481.80
532.20
566.32
489.92
479.12
426.52
456.72
517.20
541.20
450.32
476.92
439.92
447.60
527.52
465.72
438.72
449.72
494.60
511.40
530.20
508.72
516.52
507.80
460.80
501.92
452.60
436.80
413.00
425.92
492.60
546.92
479.20
459.72
407.20
455.00
496.52
463.32
452.00
441.92
418.00
488.40
583.40
494.12
503.00
441.52
422.00
547.20
503.40
448.52
456.32
452.40
466.40
535.60
535.12
449.32
442.60
468.60
499.12
573.92
478.40
444.20
466.40
450.60
521.52
498.40
444.80
465.20
476.52
508.92
536.92
440.40
412.40
416.12
430.00
521.92
466.92
427.20
402.12
425.40
469.40
574.32
487.60
422.80
443.20
451.12
517.40
556.32
430.00
442.00
442.32
464.72
532.12
452.60
452.12
443.20
480.32
505.12
493.60
469.12
414.72
453.20
466.20
520.72
453.20
422.80
446.80
472.40
538.40
541.20
452.60
407.52
425.52
435.92
488.32
469.40
431.72
443.12
434.00
459.00
543.00
443.12
421.32
447.92
491.52
536.20
500.52
476.00
505.20
548.20
642.20
661.12
616.12
475.60
425.32
453.12
478.52
445.80
462.72
467.32
426.00
451.60
499.12
438.60
447.40
414.92
443.32
561.72
495.00
478.00
440.92
465.20
424.12
520.92
454.80
413.12
431.72
431.72
464.60
543.20
465.32
429.72
450.60
458.20
487.32
579.40
428.72
438.80
440.40
484.32
571.00
460.60
493.72
428.60
424.00
516.40
423.20
422.32
418.20
426.72
454.72
545.12
472.80
432.80
409.72
440.60
483.40
463.12
466.20
452.20
426.32
531.72
528.52
498.92
452.60
453.32
476.00
487.80
551.72
452.00
435.60
471.40
465.32
557.80
447.52
438.40
421.92
432.52
475.00
553.52
446.12
405.20
437.92
466.12
532.80
471.32
468.60
443.32
427.80
465.92
511.80
436.80
459.60
408.72
466.00
459.72
430.20
409.32
393.20
437.00
470.32
559.00
461.80
440.20
440.80
458.32
531.80
591.60
449.32
406.72
423.72
468.92
548.12
417.00
442.52
443.52
438.40
521.00
582.60
494.40
431.20
502.32
493.52
591.72
489.60
709.72
707.72
729.80
677.00
577.72
526.20
610.20
674.20
530.60
675.00
575.52
666.00
413.00
430.80
588.60
461.40
446.40
445.12
408.20
472.32
508.12
449.00
493.52
437.32
449.20
466.80
502.20
452.40
441.60
438.20
434.20
592.72
420.32
447.40
440.32
443.32
509.80
515.72
448.00
438.80
471.12
463.12
551.32
496.20
463.20
465.52
496.80
497.80
483.12
460.52
443.20
466.52
473.40
555.92
564.72
439.12
409.72
439.52
446.12
470.92
431.92
459.32
437.72
426.60
497.12
582.92
501.80
447.20
447.92
434.80
480.32
499.40
419.20
452.12
410.32
444.20
547.60
484.52
397.72
453.80
449.32
469.72
460.52
456.92
386.20
437.72
468.52
514.52
561.72
438.32
438.40
441.60
488.92
510.40
431.00
417.72
439.80
486.12
452.40
446.52
406.60
394.00
388.12
519.80
562.52
425.72
387.00
482.00
501.92
553.00
473.52
467.80
409.72
422.80
480.40
547.40
433.80
435.20
472.00
436.52
484.72
457.92
432.20
395.92
418.40
434.60
547.92
478.52
484.12
442.52
498.60
491.60
514.80
500.12
409.40
441.92
471.60
578.72
472.72
476.00
440.40
446.40
511.92
512.20
458.52
422.72
430.32
466.00
513.00
458.92
481.40
444.20
470.32
502.72
528.60
406.52
443.32
429.20
467.32
519.72
456.72
448.40
417.52
429.12
495.20
529.00
455.12
431.80
425.92
444.92
465.60
469.00
462.20
459.40
431.52
483.60
564.40
433.20
414.40
420.00
427.60
485.40
513.12
466.20
407.60
386.60
445.12
536.60
406.32
458.20
419.00
438.60
522.52
560.00
482.60
424.00
437.80
475.20
501.32
424.60
453.40
426.00
437.12
510.60
567.00
435.52
443.60
424.00
422.92
466.32
530.20
457.80
442.12
458.20
542.40
591.60
438.12
434.60
440.12
428.52
487.52
478.80
413.60
421.00
427.72
502.80
549.72
449.72
454.60
430.60
445.52
510.60
525.12
445.12
416.72
502.20
641.60
591.52
464.40
496.00
453.00
457.20
522.20
514.32
454.00
464.00
467.72
483.92
487.60
431.52
442.00
414.12
436.40
528.12
548.40
430.92
428.12
486.60
480.40
481.60
478.92
487.40
429.12
468.72
489.20
483.72
446.92
460.60
443.32
437.60
475.72
511.92
432.20
421.32
449.80
476.00
530.20
451.20
469.12
454.32
505.92
486.20
478.80
449.60
399.52
419.60
442.60
510.32
446.92
475.60
409.52
397.00
455.00
497.72
448.00
411.32
463.52
460.52
470.40
507.80
540.60
571.40
539.60
617.60
650.20
537.12
539.60
522.52
539.92
558.40
547.72
5