Measuring voltage and current with INA219 ...
449.60
447.80
463.52
474.92
520.20
454.32
405.00
444.72
435.80
513.00
550.20
482.60
467.00
439.80
486.12
499.60
459.00
385.80
412.00
422.12
479.52
548.52
429.92
433.92
448.60
474.80
533.72
473.32
450.60
431.20
418.92
465.32
536.52
573.20
485.52
458.40
457.72
460.60
514.52
436.12
428.52
440.92
500.00
509.40
427.80
461.12
483.92
482.72
475.52
494.60
446.40
436.60
432.60
420.00
464.72
452.80
419.20
451.00
465.12
490.92
552.80
463.20
439.52
490.60
466.60
521.20
468.12
458.32
495.80
437.60
484.12
581.60
511.40
456.40
455.12
436.60
474.40
501.00
482.92
455.00
425.00
484.00
536.20
443.12
447.12
464.32
449.52
520.12
498.00
438.12
481.00
439.40
472.72
490.12
446.00
456.12
459.32
433.60
477.52
494.00
430.12
436.40
441.52
481.80
477.72
471.32
414.00
459.72
440.72
532.80
597.12
494.12
419.60
460.92
475.80
497.92
425.32
421.72
456.60
430.20
465.00
567.20
449.20
436.00
439.20
427.92
463.52
423.12
427.52
441.52
465.32
496.60
549.32
439.92
411.92
490.52
432.72
472.80
464.80
417.80
412.40
404.72
461.20
555.92
400.32
417.60
429.12
430.52
503.60
524.20
415.32
404.12
464.80
477.20
569.32
452.12
437.92
446.12
474.20
488.52
589.00
464.60
424.52
461.12
459.60
479.72
446.92
421.52
436.80
462.32
556.80
587.40
443.12
467.32
478.40
509.52
487.52
456.32
425.52
421.60
447.52
467.92
544.80
424.20
447.80
447.40
441.40
484.92
503.12
422.00
413.60
439.20
488.92
477.52
450.40
489.40
452.92
451.20
502.40
602.80
425.00
425.52
493.80
458.40
487.92
446.40
465.00
440.32
439.60
491.32
503.12
453.60
457.20
467.32
457.52
468.72
468.20
424.52
469.80
403.72
512.00
554.12
449.20
420.52
432.32
428.72
477.00
483.00
436.92
436.92
433.60
487.80
538.92
426.12
476.52
443.40
427.72
530.80
553.12
468.52
428.20
449.80
510.92
492.00
450.92
417.00
416.80
433.20
495.52
469.20
423.40
415.12
433.40
424.00
458.20
427.52
431.12
429.20
475.20
538.32
582.40
430.00
479.60
456.80
459.40
514.32
452.40
434.20
451.52
426.60
501.60
559.60
454.72
459.12
479.72
469.12
476.40
481.52
449.00
445.20
457.20
493.72
567.20
435.80
447.92
465.72
455.32
464.52
438.32
400.00
423.12
454.00
486.72
497.72
421.40
406.12
412.20
435.60
512.00
558.40
484.00
528.60
570.12
532.32
549.60
462.80
434.20
432.32
418.20
494.12
559.60
428.52
424.92
453.40
440.12
450.32
547.12
422.92
417.92
439.52
534.72
531.80
489.40
498.12
483.32
446.32
467.00
471.40
403.32
421.72
443.72
472.20
486.40
449.92
436.40
427.52
443.40
472.12
492.00
427.80
428.20
472.52
513.12
525.32
458.00
441.32
495.60
431.52
511.40
461.20
605.12
454.72
457.20
453.80
480.72
558.20
470.92
430.20
429.52
488.32
482.72
487.00
467.52
463.12
438.60
515.32
654.32
489.92
490.52
501.40
525.40
498.80
460.80
453.12
457.40
474.60
525.80
706.72
419.40
422.52
433.60
493.52
477.12
470.92
478.92
432.52
421.32
534.20
549.00
425.40
419.00
446.40
484.32
458.00
538.12
437.40
423.60
428.20
497.12
509.60
451.80
504.72
467.80
461.52
470.20
622.00
448.12
450.60
460.40
521.80
564.60
548.72
484.20
469.00
456.12
524.00
598.12
387.20
433.32
460.60
490.60
491.52
462.32
410.52
440.00
439.60
520.72
583.00
431.40
444.32
459.20
529.52
490.80
503.92
455.52
429.80
431.12
459.72
477.72
474.60
422.60
458.72
469.20
443.20
517.40
441.72
442.12
425.32
518.40
523.32
449.72
483.60
471.52
507.52
467.72
632.60
382.32
439.40
453.12
487.80
519.72
459.32
435.12
470.72
465.32
491.00
604.60
443.72
434.60
458.00
470.00
487.00
500.12
477.12
501.12
456.00
517.92
577.92
417.92
407.60
397.20
482.00
515.32
566.80
450.72
420.00
437.20
491.60
595.60
421.00
478.20
473.52
467.72
489.00
599.40
486.80
456.80
430.60
497.92
526.60
410.80
422.72
449.20
444.80
465.92
610.40
380.60
415.72
435.00
501.12
451.12
463.12
452.92
421.40
474.00
520.20
602.80
447.60
412.60
437.72
475.40
486.72
518.60
445.80
415.60
450.80
501.72
572.52
410.92
445.60
432.20
457.80
447.32
550.00
453.40
437.92
525.52
574.12
614.92
446.72
441.52
430.00
476.00
493.20
569.52
404.92
426.32
458.12
485.20
472.20
482.40
433.92
447.60
467.00
494.00
466.80
415.72
470.12
482.80
518.20
533.60
461.12
460.32
453.12
492.72
479.40
449.32
400.52
452.80
472.92
493.20
528.52
451.80
441.72
453.60
436.00
512.20
461.52
464.80
473.72
478.40
489.12
564.32
449.72
451.52
438.60
436.72
495.40
550.80
448.92
427.60
434.60
482.12
501.52
450.00
453.32
458.32
460.60
491.72
530.80
468.72
465.60
492.60
436.92
488.12
453.72
476.52
425.40
435.40
520.32
543.52
464.12
481.60
476.12
485.92
487.00
464.32
399.72
476.32
443.40
527.80
583.52
458.00
461.60
420.80
418.92
511.32
495.32
400.92
429.52
422.72
483.40
552.20
499.20
428.52
444.60
435.60
483.32
546.80
418.40
432.00
452.20
437.12
558.52
487.72
438.52
431.32
463.60
494.40
498.72
420.00
450.40
416.72
440.12
520.12
482.12
397.20
426.72
418.00
502.32
510.00
436.40
444.00
434.40
479.20
534.80
573.52
425.92
459.32
416.52
459.00
545.52
442.12
434.32
432.12
468.00
502.80
468.32
410.20
418.20
437.32
462.72
535.60
451.00
438.72
460.60
479.60
525.00
487.20
443.00
441.92
424.40
449.80
436.80
416.52
424.52
444.52
515.52
484.40
501.80
411.32
406.40
425.12
479.52
523.40
483.92
405.40
481.40
455.40
521.00
547.52
459.32
481.00
432.32
431.92
498.32
464.92
439.80
443.20
421.32
567.92
667.32
671.20
550.80
449.12
497.20
526.20
511.80
538.40
570.40
616.60
554.40
578.52
526.52
452.60
452.00
455.40
502.12
473.00
426.40
473.12
446.72
515.20
561.20
444.12
402.92
441.52
453.80
503.20
541.20
506.32
496.60
451.40
449.60
504.60
438.52
423.20
425.80
434.40
464.92
562.32
438.40
457.72
424.20
457.12
507.72
470.40
407.40
507.60
458.12
502.60
552.12
481.00
426.60
422.80
478.20
509.32
472.92
422.80
418.80
436.92
453.12
597.52
441.20
437.12
418.00
438.52
497.12
543.52
456.20
417.60
428.00
481.12
531.52
490.32
396.60
441.80
485.00
484.12
550.12
426.92
441.40
430.92
460.72
534.80
422.60
409.60
436.40
439.60
485.32
517.60
453.92
428.60
452.20
465.00
497.60
464.32
408.40
453.60
392.92
489.80
553.12
459.72
426.32
448.32
447.92
488.12
487.92
400.92
406.00
432.80
486.92
546.20
445.40
460.80
533.00
489.72
494.80
532.32
456.12
431.80
434.00
459.20
485.52
413.20
435.40
428.60
434.20
471.80
499.00
432.32
449.20
428.80
459.60
490.12
458.60
419.72
474.12
497.92
487.32
580.00
434.52
446.20
434.72
457.40
508.72
482.72
466.92
473.72
463.92
503.40
567.32
490.00
456.00
496.12
466.52
506.92
487.72
466.20
466.52
420.60
454.92
544.60
428.00
444.72
437.60
447.72
499.72
490.80
448.12
428.72
435.92
436.52
463.32
495.00
415.00
450.12
424.72
505.32
604.20
449.72
433.80
429.00
472.32
487.92
441.72
397.52
411.60
438.12
479.20
582.52
458.00
448.00
459.80
445.00
480.12
424.72
431.20
426.32
443.40
541.40
541.72
502.00
468.12
438.40
492.52
476.20
457.72
400.92
420.40
435.32
463.00
525.52
415.12
407.12
431.60
427.32
487.20
488.92
413.40
413.32
460.60
509.32
584.52
468.12
397.00
459.00
419.92
469.80
549.92
451.92
451.40
450.60
439.40
525.00
491.60
456.80
450.80
445.52
468.60
586.40
439.80
450.60
476.92
513.12
490.32
474.20
429.00
426.00
459.32
552.12
576.20
476.80
436.12
422.72
447.60
512.72
523.80
439.60
487.32
472.72
527.32
546.52
428.52
448.60
482.32
496.20
473.72
528.72
442.32
397.80
442.52
457.00
479.72
438.80
446.00
431.40
436.00
477.52
567.92
435.92
434.72
444.52
468.80
455.32
544.20
466.92
484.72
428.00
523.32
571.32
440.52
426.20
437.92
451.32
467.12
424.72
418.80
406.92
420.80
472.52
548.92
434.92
416.72
456.40
422.40
497.00
487.52
415.72
426.00
431.20
448.32
489.20
412.92
400.00
399.72
389.12
463.00
529.92
467.52
402.32
441.72
452.20
531.20
441.60
462.20
418.80
438.20
521.12
506.40
442.40
428.20
453.40
471.00
451.72
439.52
398.00
418.40
428.60
501.40
535.80
435.00
386.72
462.12
462.20
509.20
459.92
469.32
427.92
443.92
498.92
515.72
462.72
439.72
465.60
440.80
476.92
539.00
424.32
412.40
438.40
480.80
523.92
432.12
435.72
446.60
458.60
467.40
464.40
395.32
435.20
453.32
464.72
477.32
440.20
429.52
427.72
432.00
475.00
490.20
422.40
420.92
471.60
488.32
486.32
459.32
415.32
411.60
430.72
507.80
525.32
444.80
477.52
461.60
456.12
450.00
463.60
440.12
428.00
418.32
468.12
539.20
464.60
482.32
454.60
450.12
465.52
463.72
417.12
431.12
463.12
467.12
480.20
461.52
457.20
488.72
428.92
472.72
535.12
413.40
383.20
414.00
452.52
533.92
446.72
416.20
414.60
425.00
470.12
542.80
409.12
429.72
449.00
534.92
559.80
583.12
576.92
533.32
454.92
477.40
554.80
431.80
438.40
460.80
434.12
504.20
513.92
420.12
430.72
438.32
466.32
533.20
459.20
468.92
433.92
431.12
558.80
498.72
489.12
537.92
467.40
459.12
545.52
422.52
403.72
465.20
462.72
479.00
567.00
437.40
399.40
437.32
480.72
486.40
491.00
471.52
434.40
451.80
557.40
566.92
422.92
442.60
487.72
451.32
516.52
443.20
464.60
437.92
436.72
510.92
531.52
455.92
459.00
429.32
435.20
496.52
506.60
411.40
449.00
452.92
537.12
565.40
444.32
461.80
439.80
438.80
475.20
490.92
413.40
398.52
474.00
495.80
536.60
442.00
429.72
430.00
435.52
522.40
456.72
436.52
408.40
444.32
509.00
501.20
472.72
439.52
440.80
443.32
512.20
496.52
399.60
430.72
460.72
426.60
481.20
455.72
397.52
440.40
452.52
496.52
535.60
462.52
489.60
498.52
432.80
479.52
459.80
430.72
416.12
419.20
455.52
550.12
458.32
453.12
443.80
472.32
484.80
525.72
414.40
393.72
443.72
479.72
506.72
465.72
452.92
493.40
435.60
511.32
476.00
420.40
461.60
448.20
479.12
499.12
459.00
433.12
453.80
416.80
500.72
506.12
424.92
441.20
457.60
468.92
521.92
503.12
475.12
436.92
473.60
494.00
546.40
445.40
431.32
421.32
448.72
530.52
520.00
436.32
394.52
434.32
455.92
547.60
452.40
457.32
420.00
481.52
509.52
509.72
421.20
454.92
455.32
444.80
496.40
443.40
426.92
438.80
426.72
521.80
488.92
399.52
397.00
447.92
479.72
551.52
481.72
411.80
426.12
430.20
496.80
529.12
456.00
448.40
431.20
442.92
477.60
455.92
445.40
435.32
496.52
478.12
550.80
457.20
458.72
454.20
454.80
508.52
496.32
405.00
521.32
550.32
557.00
499.00
465.60
511.52
471.72
444.80
514.32
487.92
424.12
485.32
467.12
482.12
576.20
432.32
396.20
452.92
439.40
563.00
565.52
478.40
475.12
489.12
470.40
482.92
453.80
428.60
420.92
419.80
514.72
588.32
447.20
453.00
420.60
425.12
465.32
455.40
387.00
422.40
516.52
486.92
538.32
483.12
462.60
458.92
454.92
491.00
478.20
434.60
436.12
439.92
487.52
544.52
491.12
434.32
422.60
392.12
475.80
540.12
408.32
463.12
461.60
484.40
558.20
478.40
489.52
444.60
490.20
522.00
557.72
435.92
430.20
436.52
468.52
487.32
442.52
426.00
411.92
413.72
481.00
488.40
412.72
441.72
450.80
507.12
522.72
471.52
403.80
479.72
474.20
482.40
562.52
444.12
436.60
451.12
458.92
523.32
481.32
421.20
439.20
416.80
450.80
576.32
455.80
423.20
441.60
466.40
519.60
539.92
391.80
438.00
454.32
439.12
473.80
443.52
425.32
439.60
485.12
499.32
488.80
402.20
418.80
420.20
443.40
487.20
452.72
386.12
452.40
485.52
524.72
543.52
464.92
476.92
449.52
450.60
473.52
467.12
433.40
438.72
434.80
514.52
586.12
453.00
446.72
465.32
476.72
520.00
514.92
447.80
493.72
515.20
485.60
544.20
462.60
483.32
439.20
468.12
493.00
464.12
431.40
456.20
447.80
503.32
521.92
478.80
474.80
460.52
510.92
527.00
520.12
457.52
452.72
495.80
489.72
551.60
483.20
428.00
424.60
479.00
553.40
551.00
491.40
452.92
460.80
448.80
518.20
510.00
467.72
486.72
530.80
516.00
602.40
463.32
533.52
487.00
486.32
516.80
486.60
424.12
457.92
461.72
521.32
584.40
512.52
445.80
454.52
455.40
556.60
454.92
470.52
467.12
529.20
602.80
696.52
610.00
565.20
567.32
503.20
498.20
571.72
440.80
489.60
445.52
458.40
525.92
497.40
469.72
436.12
434.12
482.72
608.20
476.80
483.92
441.72
524.52
539.72
533.00
453.00
471.60
465.20
525.00
575.12
481.40
470.80
427.60
491.12
512.80
479.12
447.12
443.32
454.40
492.00
605.60
472.52
454.92
489.32
540.52
552.60
553.52
451.60
456.00
462.12
522.72
586.20
564.00
513.60
536.52
586.52
626.32
623.40
492.12
478.12
450.72
466.20
548.20
463.00
480.80
487.32
492.72
544.00
535.00
446.00
472.72
459.60
448.40
503.80
477.52
425.00
466.32
439.60
470.40
575.60
426.00
501.60
430.00
469.60
523.20
509.12
458.92
461.12
498.92
457.40
591.60
493.52
460.20
478.80
466.52
492.32
543.40
465.92
424.20
453.60
485.52
521.52
444.52
469.40
511.60
443.20
543.20
582.12
459.60
496.52
439.72
474.72
495.72
592.60
400.92
450.72
442.32
487.92
538.20
445.52
431.72
436.00
478.92
505.32
478.92
399.80
441.92
485.32
513.00
573.12
540.52
461.80
465.00
437.80
468.52
431.60
403.20
423.52
443.32
484.00
562.60
455.32
446.12
417.80
430.52
466.52
447.52
451.72
420.00
477.20
477.12
515.92
469.40
435.72
457.20
426.32
498.92
512.52
434.12
414.40
429.52
503.80
514.00
469.32
413.92
456.72
425.60
480.80
590.80
480.52
457.80
539.00
478.60
534.20
465.60
450.20
430.12
417.12
484.52
549.80
454.40
518.00
471.40
467.12
458.12
455.60
429.40
421.20
429.12
523.20
503.92
466.80
475.32
465.60
507.52
501.92
497.60
439.80
409.52
436.60
458.52
559.72
459.32
431.20
453.32
415.20
514.92
553.20
452.12
450.92
412.80
546.00
536.60
474.60
480.72
480.92
510.92
486.60
554.00
452.12
421.40
457.92
430.72
453.72
447.20
449.12
430.00
437.40
489.60
509.52
449.12
425.72
484.40
492.20
486.32
510.60
444.80
508.00
495.32
485.20
574.92
482.80
435.80
414.60
433.92
483.80
493.40
444.32
410.92
417.40
478.60
540.12
427.00
445.72
464.92
467.80
488.00
604.12
483.32
433.12
435.00
459.40
442.32
429.32
419.52
400.20
398.20
432.32
504.00
400.92
413.80
442.32
436.60
496.12
473.72
442.00
416.40
421.12
543.20
585.00
463.60
435.92
456.72
451.32
476.00
464.80
429.52
421.92
450.80
526.72
530.92
467.92
424.80
428.40
480.12
494.72
535.52
450.52
426.72
474.00
482.60
533.52
439.00
484.72
453.32
439.80
516.60
506.60
410.72
429.92
443.00
459.72
544.80
485.12
408.12
425.72
452.20
490.12
589.12
429.72
459.12
497.00
478.80
493.52
478.80
431.92
416.12
418.12
477.32
543.72
449.80
431.00
441.32
448.12
465.00
430.20
403.52
412.60
421.32
500.52
536.72
447.12
499.40
469.32
523.40
525.00
480.52
412.92
414.32
433.92
436.60
484.52
424.92
429.52
426.12
420.52
480.32
512.60
404.12
399.60
484.80
480.52
509.20
483.32
442.20
466.20
426.00
487.00
498.52
471.20
438.32
423.32
426.20
424.12
484.32
444.32
418.72
432.20
484.80
542.00
426.12
448.20
444.20
467.80
502.00
497.92
466.60
436.80
423.40
459.20
507.80
431.72
425.80
417.20
417.12
502.40
485.92
378.80
374.20
444.40
485.52
582.32
454.32
421.12
435.12
450.32
555.92
586.40
468.20
427.52
505.40
501.00
493.52
430.72
431.20
426.72
423.60
507.12
544.12
537.40
453.40
442.72
430.92
491.00
473.60
423.12
520.32
539.12
678.00
665.32
499.52
446.60
433.80
435.52
476.12
479.20
409.80
428.52
436.20
499.00
571.52
446.40
444.32
435.40
407.92
432.92
470.32
403.60
419.40
477.72
479.60
484.80
429.92
453.20
438.32
442.12
465.40
560.92
440.92
434.20
459.20
460.20
515.52
433.52
400.80
434.32
441.32
531.72
519.32
469.20
484.32
467.40
538.00
529.32
577.72
488.12
474.32
425.92
499.80
547.52
436.40
488.60
436.52
436.92
473.00
473.12
407.40
413.40
464.60
462.92
510.72
432.12
451.92
506.12
421.32
496.00
618.60
428.20
439.80
452.20
505.32
570.12
484.32
511.92
454.72
461.52
531.72
499.00
414.60
445.40
459.00
452.80
491.00
500.12
446.80
491.20
440.52
509.40
545.40
414.80
436.00
433.52
451.40
470.20
477.20
409.12
437.60
439.32
474.80
574.72
418.32
444.32
434.80
432.92
517.00
495.00
470.40
398.40
460.72
475.32
511.52
449.80
425.40
407.20
451.80
492.92
554.92
424.52
413.32
418.12
447.72
463.52
430.92
417.72
436.80
449.00
523.80
559.52
417.40
416.80
440.52
464.12
490.00
441.92
426.60
432.60
435.52
474.40
561.60
418.60
427.52
422.72
422.00
470.72
452.72
407.72
386.40
414.20
508.52
557.12
416.40
448.60
416.72
438.20
474.32
465.32
423.00
413.32
457.20
461.80
475.20
456.12
442.40
434.20
438.40
517.72
477.32
412.12
447.20
471.80
496.52
513.00
469.92
427.60
427.32
446.72
485.52
602.60
476.00
455.40
429.20
453.92
494.52
428.12
437.60
477.80
451.00
524.12
564.72
507.00
479.20
501.60
457.80
521.12
451.52
380.60
432.92
429.72
471.32
464.80
508.92
471.20
424.80
420.52
478.12
479.12
419.00
408.12
461.60
468.20
577.00
475.52
468.32
467.20
424.40
482.72
513.32
424.72
416.32
432.00
466.92
509.92
457.80
414.92
419.60
429.60
462.20
539.80
462.60
474.72
422.60
446.72
530.60
481.92
441.32
433.92
430.12
525.92
527.12
440.20
430.00
421.60
440.92
489.00
483.32
408.92
424.40
450.60
478.40
549.92
468.92
437.00
462.12
487.92
479.32
525.20
405.80
447.52
454.00
459.72
529.72
455.92
427.60
430.00
469.52
501.12
561.00
437.52
411.12
422.80
459.72
530.00
466.20
446.60
455.80
487.40
550.32
584.32
466.20
527.72
465.80
421.60
512.52
482.72
411.80
423.92
460.40
514.12
563.52
420.32
420.12
429.00
440.60
494.20
577.92
414.60
446.00
453.00
518.12
521.00
467.60
415.00
410.72
456.32
460.72
440.80
416.80
468.60
401.00
478.72
480.80
455.52
444.12
430.12
506.12
496.00
456.12
442.20
440.32
472.72
426.40
490.00
456.32
398.72
413.52
434.12
473.20
525.92
428.52
442.52
434.20
494.32
548.80
456.60
424.12
416.20
488.72
469.00
557.12
461.72
461.60
462.00
426.80
477.20
430.72
386.20
392.60
429.80
443.00
519.80
472.40
441.92
411.60
432.80
490.12
445.20
422.00
462.52
440.52
440.00
472.60
556.52
491.12
387.92
440.60
483.80
523.92
469.40
409.12
420.40
483.80
581.92
442.80
400.32
426.92
441.60
524.60
570.12
471.52
460.80
423.40
489.40
534.20
505.52
426.52
461.52
436.80
459.52
520.52
416.32
419.40
444.00
448.32
502.52
453.72
417.00
413.60
423.12
470.40
562.12
461.92
439.52
480.32
521.80
530.72
510.32
414.00
462.00
433.80
486.80
587.12
435.52
431.80
431.52
472.12
511.00
539.40
422.32
406.32
431.00
453.40
557.60
464.40
522.32
568.92
566.32
576.12
556.80
441.72
468.52
428.12
450.80
494.40
441.80
384.80
428.60
409.72
473.40
510.72
438.32
431.72
419.80
461.32
504.00
466.72
466.60
451.92
473.80
470.40
582.60
504.72
463.80
414.92
417.60
463.12
474.12
398.92
431.40
429.00
451.00
527.00
445.40
434.92
439.92
457.32
494.12
567.00
459.00
471.72
458.12
467.72
525.40
522.72
455.40
447.12
433.00
490.40
521.32
480.00
492.32
420.72
432.12
466.20
458.92
437.72
424.60
444.40
471.20
563.92
465.32
470.12
430.20
443.20
485.92
470.72
415.20
408.80
423.32
478.20
554.20
435.60
439.72
414.00
423.52
479.12
446.32
439.32
449.80
433.60
468.80
529.80
485.32
389.60
424.92
448.72
470.72
438.52
396.80
403.92
434.20
422.40
510.92
472.92
451.52
431.40
448.80
501.72
514.32
490.80
419.52
466.32
518.12
534.12
479.80
462.20
472.32
435.12
470.60
573.20
415.20
405.80
411.32
492.80
520.32
430.72
393.72
413.32
422.52
459.92
568.32
422.72
446.20
472.60
463.32
506.40
494.32
448.72
412.12
430.72
437.92
498.00
428.60
433.00
447.00
436.40
503.20
518.52
455.60
404.72
439.32
519.00
528.60
436.32
447.52
488.52
489.60
570.00
562.00
468.12
445.80
424.20
451.12
512.40
428.32
475.32
453.32
443.32
488.72
543.00
434.92
438.40
445.00
499.20
489.20
463.60
425.20
498.92
462.52
494.60
529.20
425.52
456.20
446.40
436.72
471.52
464.20
418.12
424.92
436.12
469.60
520.92
459.20
404.60
465.72
419.52
475.92
569.40
480.92
539.00
443.52
485.80
502.00
465.60
469.32
434.52
458.20
471.32
570.32
460.00
418.00
413.12
445.20
514.40
470.72
481.60
523.12
483.72
606.72
562.92
486.92
455.60
449.20
475.72
501.60
497.92
466.00
433.60
427.60
469.00
452.32
475.32
440.12
437.92
439.12
517.40
512.12
456.12
445.52
547.60
518.00
537.40
484.72
440.80
458.00
477.20
476.92
531.52
423.12
424.80
431.12
495.72
537.00
423.40
429.20
470.92
464.52
559.00
538.52
456.32
487.12
472.60
489.00
528.52
481.72
434.00
469.32
462.32
510.60
567.72
443.12
441.00
492.80
454.60
494.72
452.80
395.40
410.92
425.40
468.40
604.72
462.20
489.92
488.32
485.12
488.80
608.12
472.00
470.12
481.60
486.60
551.32
473.80
482.60
492.32
483.20
506.40
485.32
434.12
445.40
455.52
474.60
510.80
472.60
483.52
471.20
466.92
512.40
625.40
502.92
447.80
449.40
468.52
522.32
472.80
476.32
438.40
461.40
477.52
603.92
463.72
469.52
492.32
460.12
517.20
517.00
457.20
496.20
498.80
507.12
538.40
460.20
462.32
518.32
487.12
480.32
513.12
463.60
465.60
475.52
472.92
550.40
486.80
458.80
481.92
448.72
549.80
554.00
486.40
429.20
472.92
477.92
569.12
465.32
463.12
461.52
460.60
517.20
590.60
502.72
471.52
478.52
466.32
500.80
478.12
438.40
486.72
478.72
540.80
588.72
487.00
453.80
494.32
456.32
494.72
443.80
423.40
423.92
481.32
544.40
536.12
469.32
476.52
445.80
447.52
512.20
524.92
439.72
429.52
443.00
534.20
611.40
459.80
431.72
466.20
424.32
492.92
530.40
431.92
442.12
480.80
474.92
519.80
439.00
430.92
417.52
435.00
451.60
460.12
504.12
456.00
484.00
476.12
490.52
477.52
386.60
434.60
414.72
469.32
511.72
438.92
427.52
442.60
445.52
470.52
474.72
404.80
424.40
429.52
528.60
598.32
540.20
620.72
584.92
596.72
540.20
670.60
490.12
471.92
434.12
462.72
522.20
427.72
436.80
431.00
458.60
470.92
562.92
424.32
417.80
502.00
442.32
497.40
474.20
421.92
483.92
437.20
517.32
544.20
416.20
427.72
426.00
420.12
501.60
475.92
442.92
416.12
418.92
520.32
565.40
439.20
466.20
451.52
448.92
512.80
507.60
449.20
449.80
449.12
503.40
531.00
426.92
433.40
417.72
460.00
572.20
543.52
523.52
525.12
551.92
554.52
597.40
608.92
695.92
736.00
680.52
736.80
585.72
511.12
567.80
663.00
614.80
706.40
724.32
574.72
442.12
424.72
609.60
444.80
429.92
426.60
431.12
508.12
505.00
455.72
392.20
385.92
487.52
537.72
494.92
419.00
490.32
442.12
419.92
564.80
434.60
384.00
407.32
449.52
489.72
477.92
428.80
458.32
464.92
455.00
534.20
468.60
417.00
439.20
422.72
467.20
505.80
466.20
440.40
428.12
434.80
489.00
500.12
427.32
419.60
441.80
455.00
519.00
464.92
433.00
418.60
437.40
528.12
546.92
469.00
456.52
497.20
471.80
470.12
470.92
392.40
434.80
405.80
492.40
504.32
483.72
455.72
451.72
445.20
479.00
577.20
430.80
427.00
470.72
488.72
494.92
478.20
472.80
533.60
449.40
523.12
518.72
414.52
426.92
479.20
535.32
553.20
478.72
473.12
468.92
439.80
556.12
527.20
435.32
457.20
471.60
477.20
544.60
468.00
535.72
435.92
474.40
491.60
556.92
424.12
434.52
439.92
440.60
483.52
503.72
394.32
438.00
499.12
511.92
561.60
444.52
465.52
426.92
484.00
551.60
519.20
410.52
408.92
454.52
484.72
490.20
448.12
456.92
466.60
455.32
498.60
517.32
464.40
424.80
453.52
452.92
550.32
474.40
442.32
415.60
509.92
534.52
569.20
433.40
470.80
433.72
441.92
477.72
433.52
395.72
425.32
461.72
501.52
496.60
448.00
441.92
439.60
459.80
508.60
473.00
434.32
481.72
443.12
548.20
575.92
464.00
485.72
456.40
419.80
488.20
451.80
401.92
400.60
455.20
479.32
518.72
443.92
426.12
455.52
445.72
515.52
480.40
457.80
487.72
490.92
480.00
526.72
502.00
451.20
432.32
440.12
494.00
475.40
434.52
440.40
454.72
545.20
516.32
455.72
415.40
420.92
440.60
471.72
509.12
454.80
474.20
456.20
470.92
526.00
487.32
425.60
408.52
458.92
467.20
551.40
488.92
440.52
418.12
432.40
453.60
456.12
412.00
438.52
486.80
469.92
548.92
492.72
530.80
450.60
477.92
519.20
486.52
426.72
404.80
447.92
451.12
480.72
493.52
432.92
469.80
437.92
523.80
553.12
431.32
462.20
424.92
490.12
517.72
567.80
461.32
436.12
418.32
489.52
571.32
432.80
444.52
447.52
460.00
505.32
431.52
414.12
439.32
422.52
471.80
563.80
469.92
462.72
486.52
493.12
509.00
524.32
435.72
453.72
416.92
512.00
542.20
448.80
482.80
444.92
488.32
529.52
490.00
433.32
428.00
451.80
515.72
597.60
472.80
441.32
476.32
477.20
572.40
566.72
456.00
483.32
425.32
466.40
501.32
442.32
442.40
440.20
450.80
477.00
547.00
463.60
429.60
418.00
470.80
492.40
451.32
442.00
469.12
476.52
513.20
543.20
462.60
438.00
440.52
437.32
496.72
461.32
419.72
419.80
459.60
470.40
559.32
444.92
452.92
459.00
471.52
496.60
488.80
470.80
473.20
442.20
482.32
549.80
434.20
461.80
417.80
455.40
494.20
540.60
471.52
472.72
437.60
453.60
472.40
434.52
423.20
435.12
460.80
576.40
634.60
605.40
592.80
535.20
535.40
520.80
461.52
433.20
430.80
459.52
539.72
583.32
483.40
435.32
463.72
476.92
548.60
450.60
432.32
438.92
396.40
506.92
550.52
507.80
450.32
453.60
515.60
509.72
565.20
438.52
476.60
443.20
473.40
561.32
439.80
457.20
451.72
456.72
481.80
479.32
465.52
429.40
442.12
455.72
542.12
508.32
403.32
439.52
468.92
530.20
574.72
443.00
416.20
434.40
479.40
518.72
450.92
412.40
417.32
439.92
471.92
556.12
454.92
452.80
450.40
458.60
546.72
446.00
461.00
509.92
441.32
466.32
507.40
509.52
484.80
438.20
447.92
465.20
510.52
425.12
410.92
439.12
432.52
490.92
467.40
408.00
478.72
474.52
517.32
509.72
451.32
440.32
452.12
469.40
546.92
468.12
433.20
448.60
450.20
515.00
567.92
453.00
4