Measuring voltage and current with INA219 ...
261.60
260.92
257.52
263.92
259.32
258.00
258.92
244.60
257.12
257.20
248.00
253.32
259.40
261.52
256.00
257.40
256.40
261.52
257.20
264.40
266.72
270.80
254.40
262.92
258.72
255.32
257.40
256.20
239.52
266.12
260.92
253.80
267.20
261.72
271.72
256.80
280.32
285.92
274.40
270.52
247.80
261.40
255.40
263.92
264.80
266.32
265.32
263.00
248.52
255.40
258.32
256.32
262.72
266.12
275.72
240.80
256.80
243.60
257.40
258.92
258.72
241.80
263.92
264.60
259.72
248.72
239.32
251.72
256.60
240.32
263.12
262.92
267.72
244.20
240.32
256.20
258.00
251.60
255.72
264.92
256.80
272.40
253.52
258.12
241.32
257.80
262.32
259.80
315.00
359.60
335.92
305.60
276.12
270.12
256.92
253.52
247.52
279.92
256.00
267.20
254.72
263.32
261.52
259.80
262.72
255.52
256.92
242.72
240.20
258.60
247.60
267.40
271.20
277.12
245.12
257.40
242.72
256.92
260.32
258.92
248.80
294.72
267.72
257.80
245.32
266.52
263.60
267.00
268.80
276.72
274.72
259.32
289.32
257.32
273.20
257.12
285.40
278.00
287.92
284.32
278.72
276.32
278.32
260.40
277.20
276.92
279.40
273.40
256.72
275.12
283.00
288.40
270.80
258.60
275.40
277.20
258.60
270.60
276.52
274.80
275.60
287.92
284.80
257.60
273.20
261.80
278.12
278.32
276.60
279.40
258.32
297.92
272.40
277.92
277.92
277.72
276.00
278.40
273.40
255.92
272.40
274.40
266.32
274.20
259.80
274.72
276.60
258.92
283.80
299.80
299.80
285.32
287.72
276.60
277.32
277.40
277.60
283.12
284.72
273.40
273.32
285.92
285.00
285.52
276.72
283.00
274.12
274.92
271.80
255.80
274.40
274.12
278.72
273.00
272.60
255.40
270.20
276.52
276.52
259.60
259.20
276.32
288.32
258.60
275.12
286.20
277.20
267.92
279.80
256.72
287.60
271.32
285.52
270.00
296.12
286.80
281.60
292.92
330.00
354.92
378.00
364.72
327.00
355.40
258.00
260.60
283.00
273.12
272.92
272.72
256.52
277.32
278.52
256.92
272.32
297.60
279.00
276.20
272.12
256.80
274.32
272.52
276.60
323.12
279.52
280.40
265.00
281.72
262.40
281.52
273.20
358.20
361.72
431.12
460.60
466.92
448.72
358.60
348.60
337.32
337.60
378.20
375.32
340.60
323.72
350.40
312.32
289.40
265.80
347.40
374.32
714.52
373.60
385.12
346.12
421.32
517.20
489.00
467.72
483.40
439.72
460.80
468.20
460.52
461.32
469.52
477.20
450.00
334.92
302.52
312.20
332.72
331.72
324.60
324.92
299.80
338.72
362.52
324.52
297.12
294.12
299.20
319.60
303.20
281.80
296.40
289.60
306.40
326.72
312.80
252.32
286.00
274.12
269.92
271.12
270.60
262.72
278.12
253.00
285.80
278.32
278.32
274.60
253.32
270.12
272.20
281.40
270.52
269.92
251.20
274.00
274.12
285.72
274.92
268.20
268.20
300.40
268.32
277.80
261.80
259.40
272.72
264.80
274.32
273.32
267.92
266.20
266.00
252.40
243.12
258.92
242.92
264.32
260.40
258.72
241.12
256.32
246.20
252.60
245.00
260.72
271.52
263.12
237.00
244.00
257.80
259.12
260.12
259.92
289.12
245.80
260.60
254.72
269.80
293.80
257.72
275.20
302.52
290.12
296.52
366.80
339.32
446.00
481.12
602.72
646.60
635.52
537.00
416.60
390.12
404.52
380.32
490.72
433.20
415.80
450.80
421.80
529.00
699.52
700.32
701.92
675.60
692.32
704.12
707.80
399.52
321.40
336.40
398.12
301.12
387.80
332.60
401.80
313.52
375.40
479.80
404.80
340.12
340.20
353.72
358.92
368.20
359.12
394.40
336.80
388.40
534.72
567.00
518.20
365.52
570.00
425.72
399.20
334.20
324.12
298.92
311.92
298.80
374.32
518.72
309.92
307.20
306.00
289.72
305.12
307.12
309.52
301.92
302.32
305.72
314.20
327.72
348.72
382.60
364.00
349.92
367.20
347.00
301.92
336.40
330.60
304.72
308.40
338.80
318.92
333.32
323.72
330.40
325.12
304.32
333.32
333.32
321.72
298.00
331.80
336.60
343.60
305.12
320.12
277.80
288.80
299.00
302.32
283.80
275.20
293.12
279.00
301.92
292.80
297.00
280.80
310.72
304.72
291.00
289.20
292.52
289.20
280.80
292.12
292.32
274.40
292.80
287.80
320.20
295.72
295.60
281.60
290.60
292.00
277.20
290.52
290.72
287.32
292.52
275.40
309.32
293.52
291.20
295.00
275.32
327.52
316.00
301.00
276.00
288.52
287.80
290.92
280.40
291.00
287.92
290.60
300.92
335.00
292.20
289.40
274.60
298.72
329.92
306.80
290.40
275.32
276.92
296.52
279.60
321.72
289.20
277.20
288.12
291.52
270.92
269.40
287.12
271.80
302.20
293.60
266.80
284.72
286.20
269.52
267.92
283.52
290.60
295.80
284.00
289.40
273.00
295.12
283.92
282.60
280.72
281.12
301.00
303.00
284.12
279.92
269.20
292.20
279.60
286.52
273.52
289.60
289.92
285.92
287.40
290.32
289.52
289.32
314.00
266.52
280.52
281.92
281.20
274.40
270.52
267.20
293.32
298.60
329.92
386.40
329.72
327.12
308.00
292.12
281.32
309.00
290.20
280.52
286.72
265.20
287.32
282.92
287.80
276.72
288.80
281.00
280.52
282.40
288.72
284.52
282.40
282.72
284.40
293.40
285.60
290.52
288.72
287.60
282.52
291.00
284.00
280.00
306.00
285.40
284.00
309.80
268.40
296.00
306.92
309.72
282.60
281.40
277.12
284.20
288.00
301.60
320.32
358.80
359.60
357.00
348.12
314.60
265.80
277.12
279.72
287.60
288.00
288.00
289.00
297.32
304.52
290.72
296.40
294.00
275.92
302.60
285.20
296.12
276.92
293.52
293.12
314.20
292.00
272.52
272.52
281.52
291.32
281.40
274.32
261.72
278.60
278.52
290.60
273.72
278.80
264.72
279.60
262.32
279.52
311.80
276.12
287.80
281.60
279.32
279.32
278.32
261.40
271.12
288.20
272.60
281.20
264.40
280.80
280.20
278.40
278.72
279.20
276.40
278.12
282.60
264.12
282.40
287.20
288.72
282.00
285.52
280.92
282.00
285.92
266.12
275.60
273.32
290.40
273.40
286.92
278.80
282.80
278.12
272.72
258.12
280.20
272.92
257.92
279.20
252.32
271.00
283.72
316.80
303.72
313.12
284.00
281.00
270.92
271.92
258.20
280.20
281.60
286.40
282.40
254.00
250.40
278.20
257.60
273.60
260.00
268.12
278.80
278.92
265.32
269.52
269.60
255.32
280.00
280.52
269.52
261.52
278.80
269.92
267.80
256.20
268.20
269.92
280.60
282.92
272.72
269.92
271.72
272.40
270.80
262.92
269.00
254.12
271.40
261.00
256.00
275.00
252.80
282.40
270.12
274.40
274.20
262.92
253.80
285.52
270.52
269.80
254.12
271.52
291.32
258.40
273.40
270.12
271.12
290.60
280.72
275.20
270.72
271.52
269.20
265.80
252.80
272.12
253.92
281.40
268.40
268.60
253.52
265.92
272.12
270.92
253.80
271.40
272.92
299.12
271.32
273.00
270.72
275.40
276.12
278.40
280.92
276.32
273.52
279.12
276.20
270.80
269.12
269.80
264.00
279.00
308.20
276.40
282.72
286.80
261.40
276.72
261.20
260.40
288.52
281.40
270.60
269.12
271.80
278.52
270.40
255.92
272.12
252.72
265.92
264.20
268.00
269.00
276.52
283.20
268.40
255.72
279.12
269.32
263.80
268.60
266.92
257.52
270.80
270.20
270.92
277.92
269.12
280.80
275.12
257.12
270.32
269.72
259.52
259.52
280.52
271.20
269.12
279.20
270.92
268.92
292.32
253.52
252.92
281.60
253.12
270.60
277.32
270.00
274.72
272.32
269.20
269.52
267.32
275.52
267.92
272.12
254.52
295.32
290.72
259.12
254.80
277.72
270.80
276.00
266.32
271.40
269.32
266.92
251.20
271.80
277.32
269.72
255.52
267.60
268.40
277.52
266.80
252.12
270.80
267.72
250.80
253.32
274.12
268.92
276.92
258.80
260.40
265.80
260.12
261.32
277.60
271.12
252.20
281.40
267.32
269.12
266.60
269.12
258.32
292.80
275.12
271.12
273.12
255.52
260.52
267.40
250.92
289.72
273.12
265.32
272.20
270.32
274.00
278.92
278.52
255.72
272.40
272.80
272.12
279.40
283.92
276.12
253.32
271.20
277.12
257.12
256.00
257.80
264.80
270.52
273.00
273.72
259.00
274.12
268.40
277.20
257.80
281.92
283.60
276.52
272.40
282.92
267.92
260.20
260.00
258.40
257.80
258.32
264.40
257.72
258.40
258.00
265.72
289.40
261.92
257.72
266.00
292.12
280.12
262.80
262.12
257.80
263.72
264.40
258.52
245.12
262.92
261.20
260.32
252.52
251.52
257.60
243.12
263.60
281.00
259.80
255.72
257.20
250.52
257.52
241.12
264.32
269.52
268.00
252.00
257.00
257.52
256.40
242.60
259.72
259.60
282.40
263.40
251.12
262.92
259.52
238.12
266.32
259.92
257.72
256.60
257.00
256.92
259.12
256.00
241.20
257.32
259.52
276.32
258.52
257.40
258.72
268.00
247.80
272.00
282.80
262.20
278.12
278.12
280.12
280.12
288.12
276.20
298.72
387.12
353.40
397.72
346.60
290.80
242.60
257.52
260.72
263.92
264.52
257.32
259.40
242.52
245.32
259.20
258.72
243.60
284.32
246.72
256.32
259.72
256.52
240.80
267.32
262.00
257.52
260.72
259.20
264.40
270.40
276.20
257.52
256.32
257.72
271.52
261.52
266.60
259.80
248.80
263.40
251.32
264.40
262.92
259.60
251.12
261.00
261.92
257.32
259.80
255.52
257.72
261.72
239.60
265.32
257.20
257.00
258.60
242.52
257.92
259.80
255.92
258.32
259.92
257.92
261.72
264.20
247.80
266.32
289.52
265.20
257.52
244.80
245.60
258.52
257.92
241.60
240.00
260.92
254.40
269.60
257.60
243.52
244.12
271.72
282.80
261.92
240.72
257.92
258.72
262.60
242.60
260.20
245.72
260.60
257.72
254.92
265.92
260.32
262.72
265.12
269.32
265.92
258.12
259.00
265.72
261.40
254.40
254.80
254.52
245.72
259.52
257.72
240.80
255.72
254.80
254.60
242.12
257.72
279.52
263.72
263.00
266.12
270.00
250.72
257.72
246.80
267.52
264.00
253.92
260.00
253.20
239.32
253.60
256.32
238.72
259.32
253.72
255.32
237.80
261.80
255.92
254.60
255.40
257.32
266.40
264.72
239.80
254.72
250.52
246.20
265.60
245.12
257.80
243.40
256.52
241.00
263.52
258.40
259.32
263.00
258.32
253.52
254.20
255.32
246.20
241.92
255.40
239.12
299.40
268.20
254.32
256.12
256.40
257.52
252.20
250.00
312.60
340.80
315.80
264.80
253.20
253.40
255.00
256.52
258.52
274.32
255.32
254.40
238.32
259.72
249.52
261.40
267.40
256.60
245.12
261.60
258.12
256.60
257.60
256.52
257.12
253.40
266.92
267.92
260.92
251.00
261.60
253.32
255.32
261.72
256.52
270.32
292.80
279.40
267.32
268.52
265.12
263.12
266.20
273.20
296.20
294.20
283.40
301.12
315.60
279.60
278.12
285.00
276.52
264.40
278.12
290.80
262.32
280.32
276.60
289.92
288.80
272.40
256.52
275.20
271.12
269.92
263.72
249.60
256.40
265.20
268.72
247.12
265.12
271.60
265.20
266.72
289.72
266.92
267.60
278.00
271.40
266.12
267.80
262.72
250.80
263.52
248.32
269.52
260.40
271.52
248.60
264.60
250.60
294.92
256.60
268.00
268.80
250.12
267.12
264.52
249.12
267.12
277.20
264.20
265.20
268.12
267.80
269.92
271.52
260.52
268.92
264.20
246.40
260.32
264.32
268.80
265.60
261.52
247.92
262.52
261.92
247.92
264.92
254.52
252.12
272.80
291.40
263.40
275.12
273.92
277.12
284.00
269.72
276.00
266.32
252.80
267.20
267.20
267.60
265.52
267.52
265.92
273.12
297.72
273.20
266.40
263.60
248.40
269.72
264.40
271.52
289.20
276.00
286.12
292.12
295.60
274.92
296.52
289.80
262.00
287.20
269.12
254.40
272.80
255.00
275.20
254.32
265.52
258.92
264.12
264.12
263.92
247.20
278.72
261.92
263.80
263.60
273.32
263.52
263.00
248.20
348.52
342.72
388.60
451.12
442.00
448.32
427.32
373.00
355.40
329.72
355.60
343.32
377.20
343.52
512.92
377.32
322.12
327.80
428.32
415.72
533.52
424.80
425.20
405.72
447.60
498.20
471.40
469.12
463.00
468.20
454.32
426.72
430.12
463.52
459.60
442.60
353.12
322.12
282.32
299.12
316.80
328.80
330.92
344.32
342.12
359.52
312.92
284.60
278.52
285.32
268.00
297.00
291.72
293.92
294.60
300.72
375.32
327.72
278.72
263.32
262.40
247.80
268.80
284.20
257.52
258.32
278.72
281.80
312.52
319.52
340.92
347.80
348.00
355.12
268.12
267.92
259.12
258.00
258.12
272.60
267.60
260.80
259.40
241.40
256.32
242.72
260.80
264.80
254.12
242.80
268.52
260.92
268.40
257.80
247.60
268.80
284.40
249.12
244.92
243.72
262.40
263.32
269.72
260.00
262.20
262.72
242.60
250.00
244.20
259.40
259.60
240.20
264.80
282.00
240.80
252.92
235.80
256.72
252.72
252.00
253.40
256.72
309.40
267.92
291.92
289.80
301.40
282.12
371.80
366.20
448.12
450.80
533.00
634.60
637.20
548.32
498.92
541.00
501.32
501.92
515.52
515.60
521.72
540.60
573.32
664.40
685.92
686.32
685.52
688.20
688.20
687.00
561.12
538.40
414.20
477.92
635.12
413.92
365.52
344.72
431.72
409.80
598.20
452.80
352.32
422.72
395.72
347.92
398.52
386.80
441.12
380.60
407.52
574.72
563.12
687.12
364.60
526.92
500.20
390.72
354.12
325.32
297.92
310.12
323.92
367.72
313.40
312.20
371.52
545.20
387.60
444.00
415.00
450.60
377.80
339.20
360.32
363.52
423.60
429.92
337.12
342.20
329.52
389.40
361.20
376.12
377.00
328.80
307.60
324.32
322.52
366.00
333.20
360.72
336.12
283.52
269.40
287.80
289.52
287.80
287.12
297.20
292.52
294.32
286.92
295.40
301.52
312.80
288.92
271.92
319.20
282.20
290.72
274.80
299.72
275.72
289.92
291.60
292.40
290.80
291.20
291.60
278.00
287.80
269.40
286.52
286.72
313.72
284.12
286.60
270.20
287.60
293.00
285.60
270.72
287.92
289.92
286.32
288.00
290.92
299.32
289.00
299.52
288.80
315.92
284.00
294.40
301.00
287.80
270.20
281.20
270.72
285.72
265.00
282.40
274.40
275.20
276.40
276.40
275.20
259.00
280.60
287.20
283.32
273.80
274.92
279.20
281.12
279.32
277.40
282.72
279.60
284.72
287.40
283.72
281.52
273.00
285.40
272.80
277.60
280.32
275.20
289.92
289.92
281.80
299.32
296.60
311.40
272.32
269.32
271.20
273.20
274.52
274.60
291.20
281.80
276.32
277.72
264.20
283.00
276.32
283.40
273.00
274.32
265.52
267.20
281.52
285.72
271.92
267.60
284.40
306.32
273.32
281.40
268.40
284.60
260.00
271.40
276.80
270.40
274.92
281.32
263.52
270.00
346.20
361.00
310.72
283.20
284.80
271.60
272.80
278.00
279.20
275.12
275.72
273.32
281.92
271.92
275.52
272.32
272.40
276.00
278.00
277.60
286.20
271.60
274.60
276.40
276.92
276.32
267.72
273.60
280.20
274.40
258.60
273.40
281.12
271.80
254.72
271.12
277.92
282.80
261.72
273.20
269.72
272.32
271.20
278.20
270.32
254.72
274.40
274.20
261.32
276.32
272.32
272.92
281.60
255.12
293.52
256.80
258.52
290.32
263.60
272.72
257.92
273.60
272.60
287.00
269.92
276.40
278.72
265.52
276.00
271.20
259.20
285.12
271.80
277.20
280.92
278.92
271.92
274.40
274.40
258.00
274.92
258.92
259.52
272.40
264.00
273.32
271.72
277.12
279.60
278.00
267.20
272.32
273.92
255.20
265.60
279.60
310.20
274.72
278.00
258.32
281.80
273.40
273.12
274.20
275.80
279.52
279.40
281.20
281.20
272.40
282.80
261.60
278.32
287.20
279.00
279.20
285.72
289.40
295.40
287.40
286.00
313.92
282.00
279.92
272.52
267.92
278.80
271.00
279.12
273.92
279.92
272.92
270.32
270.72
264.80
268.92
254.20
273.52
283.60
328.72
290.32
275.40
284.12
295.80
289.92
279.52
275.52
274.40
262.52
296.92
291.40
313.20
306.20
356.72
384.80
394.52
346.40
281.72
276.40
298.00
278.72
268.92
268.52
278.40
258.00
276.32
278.52
268.72
284.20
292.40
292.60
267.40
286.40
285.12
273.20
287.20
285.32
271.80
274.12
270.40
278.00
278.92
284.92
279.20
282.12
258.60
269.40
271.60
303.60
271.60
274.80
255.60
280.60
270.60
254.92
270.60
278.40
255.20
274.92
272.32
269.52
273.32
272.20
278.32
282.32
319.20
276.52
272.12
276.20
272.40
269.52
269.52
270.40
276.92
269.80
267.40
268.92
269.60
259.52
269.12
251.60
271.80
279.32
271.80
272.40
273.92
270.52
276.12
273.60
270.12
272.40
268.60
278.40
286.92
269.00
270.20
267.92
271.12
272.12
272.92
267.12
258.32
277.00
283.40
263.52
275.32
276.00
277.32
281.60
280.20
298.60
277.32
285.92
268.00
255.40
285.20
281.52
271.60
286.00
263.12
268.20
276.00
267.72
254.32
253.60
256.52
268.00
268.40
273.32
269.32
252.92
266.52
292.60
271.12
267.20
267.20
268.00
255.00
273.92
270.12
264.72
269.20
268.92
276.12
266.80
262.52
270.20
268.40
277.40
303.12
280.60
268.52
267.92
292.92
290.72
279.12
275.92
294.80
278.32
320.12
305.52
269.40
268.12
269.00
271.32
256.40
275.80
252.72
273.20
279.72
273.20
271.72
259.20
261.12
266.20
270.52
274.00
272.92
282.80
268.32
263.80
250.12
278.92
263.32
257.60
269.92
268.92
251.80
274.80
269.52
264.40
250.80
276.92
269.72
267.72
266.60
271.00
279.12
273.20
294.40
271.72
274.00
269.20
284.80
276.60
267.80
255.12
250.60
273.00
258.40
255.12
268.60
268.80
277.60
275.80
276.20
297.72
254.32
271.00
271.12
274.00
269.52
269.00
276.12
261.12
272.20
276.80
276.40
280.00
268.40
276.60
269.92
278.12
304.32
284.72
266.72
258.72
258.00
264.60
257.40
259.72
260.40
260.12
259.80
277.20
248.52
258.00
258.60
265.80
260.60
262.12
262.72
268.92
245.20
269.72
261.20
262.52
257.40
265.12
261.72
257.40
244.12
277.72
275.92
259.32
243.92
282.60
261.80
251.72
261.72
258.92
249.00
258.40
259.00
261.60
260.60
260.00
267.20
277.80
261.52
260.00
259.40
245.12
287.52
260.92
255.32
259.12
257.60
263.72
253.52
308.92
252.00
258.00
264.12
279.60
258.00
260.32
243.52
246.40
261.60
267.20
259.60
259.32
272.92
262.00
263.20
243.00
258.40
269.40
267.32
273.00
258.52
251.32
265.72
265.32
264.20
264.52
264.12
266.92
257.80
256.52
257.60
258.52
245.00
244.52
260.20
261.00
257.92
270.72
263.52
271.12
262.32
243.60
281.72
262.72
259.92
260.40
259.20
268.60
276.40
277.40
260.92
243.72
268.60
254.72
260.20
260.72
244.20
298.92
321.20
306.52
274.00
281.52
269.92
274.40
280.80
273.00
276.60
273.20
267.20
266.20
269.52
277.20
281.00
273.00
256.60
254.92
284.12
260.12
247.32
259.72
256.52
241.20
259.40
256.32
257.60
258.80
259.92
266.80
258.72
258.40
258.92
244.72
264.72
250.80
243.52
259.32
280.72
265.32
250.80
300.00
259.32
243.52
256.12
256.32
254.20
258.32
242.00
268.12
272.12
288.20
245.12
267.60
267.80
260.60
252.40
258.80
259.40
260.20
255.72
259.12
258.32
256.60
272.60
262.20
259.60
258.80
281.80
269.92
250.52
263.20
240.92
257.80
269.80
242.72
255.40
258.12
255.40
265.60
262.52
257.92
261.40
286.20
258.72
297.92
284.52
248.00
259.80
277.20
311.20
325.20
351.72
323.92
305.80
291.52
288.80
263.12
245.32
250.92
250.12
236.92
260.40
249.52
232.00
239.00
248.00
232.00
248.40
252.52
261.32
245.20
246.32
246.00
250.12
248.00
248.72
230.92
259.80
259.32
253.80
249.40
238.20
234.32
248.20
256.60
242.00
261.20
246.60
237.80
255.40
233.72
249.52
236.80
240.00
240.92
249.72
258.32
256.32
263.40
263.12
252.32
258.20
252.00
238.32
262.52
256.60
258.92
265.72
253.72
265.00
258.00
287.60
266.52
277.52
264.32
263.92
264.60
265.72
271.92
265.92
267.60
267.32
318.00
322.12
327.80
278.52
247.80
270.20
281.12
258.00
261.72
259.12
243.72
266.12
262.80
257.72
258.52
261.12
247.92
263.80
262.52
259.72
243.60
282.52
279.12
266.72
246.60
265.92
275.00
266.80
257.92
259.40
245.12
264.20
249.72
248.00
246.32
268.32
268.92
256.52
262.32
254.92
261.72
245.00
261.40
251.32
267.80
244.80
266.80
251.00
249.72
269.40
262.80
253.92
264.72
271.60
264.52
261.12
287.60
268.00
285.72
263.32
258.60
263.72
261.12
261.52
261.40
246.40
264.52
261.72
251.00
234.32
260.00
262.72
264.52
289.40
259.92
244.80
268.92
262.20
262.40
250.12
275.80
260.40
245.40
265.92
249.12
260.12
264.40
259.72
257.92
259.00
269.12
262.72
259.60
259.00
243.20
266.52
251.60
262.32
248.00
258.00
259.00
257.20
260.72
260.40
261.92
269.92
275.20
266.60
251.80
260.00
243.60
263.92
262.12
258.32
241.92
265.60
273.12
258.40
258.20
241.52
252.60
255.00
241.72
264.60
255.80
256.32
263.32
257.52
256.80
243.72
256.80
249.72
254.12
252.52
262.00
256.52
261.60
244.12
254.92
257.72
283.00
255.12
319.12
255.92
256.40
256.80
261.80
257.32
255.32
244.60
265.40
272.00
247.80
257.80
264.52
260.20
248.00
259.60
252.00
255.12
250.32
279.92
275.00
269.12
268.12
273.60
273.20
255.40
276.12
273.00
282.60
271.52
268.80
262.00
267.32
245.00
260.00
243.52
259.40
240.80
261.80
265.60
348.40
327.92
381.40
462.72
461.60
432.80
427.72
360.20
357.00
300.80
359.92
334.12
332.72
328.72
476.32
361.92
266.32
270.40
449.20
538.72
521.32
416.60
414.32
408.52
486.80
537.60
457.52
453.32
456.40
451.92
433.60
442.92
456.52
448.40
489.60
478.00
315.12
391.60
382.92
340.40
391.52
311.12
386.80
314.00
326.72
318.00
372.20
327.72
338.72
362.12
334.12
347.92
359.20
366.92
337.60
314.32
319.60
340.20
390.52
372.80
345.20
319.60
309.92
377.12
333.52
367.20
308.92
315.72
331.52
366.92
364.32
312.20
319.00
349.72
310.20
380.60
331.92
330.60
288.32
376.80
334.00
325.32
314.52
321.80
308.92
389.72
366.72
316.00
335.32
356.72
345.32
321.60
387.40
304.12
318.60
363.00
313.52
363.72
350.52
325.32
320.80
347.60
319.52
306.80
366.60
348.80
324.80
354.60
357.12
332.60
371.20
343.20
333.80
317.60
333.80
317.92
319.32
352.72
356.12
308.00
329.52
367.80
327.32
328.80
358.12
320.60
341.52
339.20
361.72
342.92
334.32
377.80
296.32
319.12
376.12
317.52
329.80
367.12
372.00
288.80
370.20
307.92
352.20
295.00
370.52
334.52
354.80
307.32
371.80
335.52
361.72
289.20
325.12
370.12
328.40
317.12
336.60
366.20
373.80
360.72
346.12
303.60
342.12
311.52
329.20
330.60
356.80
332.32
323.52
331.72
358.20
358.52
374.92
382.40
442.40
377.00
334.52
308.40
341.72
330.12
357.32
373.92
307.00
335.72
355.60
366.32
298.12
339.80
360.52
355.40
375.60
316.92
335.12
383.20
315.20
367.52
327.72
369.60
305.32
349.92
350.32
374.92
320.72
327.40
373.20
375.40
312.12
339.80
334.92
341.40
314.12
377.92
332.52
352.52
294.80
366.52
336.52
370.12
306.52
331.32
324.20
354.12
289.52
369.72
327.80
409.20
356.60
364.20
393.92
329.00
361.20
305.40
355.12
340.52
347.60
315.12
392.12
344.32
350.52
310.92
304.00
343.60
331.80
411.20
346.60
309.60
327.80
361.20
301.20
303.40
302.20
363.00
326.32
334.20
300.32
349.52
357.20
360.20
325.00
373.80
345.32
352.20
300.12
326.92
326.72
303.80
344.00
335.52
366.40
298.00
334.40
337.80
307.60
297.92
344.72
345.20
305.80
338.32
342.00
331.32
305.72
366.80
317.92
352.00
287.20
306.20
306.80
375.00
306.60
324.92
329.92
317.12
360.00
307.20
314.00
310.12
348.92
434.92
428.40
414.00
430.72
429.92
305.92
311.80
302.60
329.52
333.40
312.00
321.32
301.80
381.72
334.12
305.72
282.60
270.40
282.52
284.20
267.52
268.20
264.52
277.12
286.52
298.80
307.12
302.60
245.00
237.20
283.52
271.52
278.80
273.32
258.20
347.00
365.40
455.12
565.52
560.72
616.12
692.20
595.60
430.60
374.60
421.52
401.92
457.60
453.20
432.92
451.60
557.72
534.92
514.92
672.12
643.00
704.80
706.92
708.52
708.92
709.40
707.80
567.72
562.12
567.60
681.00
630.60
571.12
643.12
647.32
649.12
596.72
582.40
538.52
645.40
529.32
509.32
568.32
528.00
566.72
570.92
700.60
710.00
630.12
708.12
609.20
555.72
504.12
706.40
576.20
519.72
514.60
527.92
536.12
538.12
496.80
491.20
4