Measuring voltage and current with INA219 ...
630.72
680.40
725.72
662.12
656.40
637.80
567.40
581.40
620.60
577.60
554.52
679.72
618.00
658.72
649.32
699.20
600.40
568.12
549.20
628.00
657.92
644.72
582.80
594.40
608.00
620.00
546.60
588.60
584.32
645.00
756.40
651.92
755.92
678.80
618.00
561.20
628.12
629.32
607.92
583.52
638.80
620.72
560.40
593.20
625.72
654.60
582.72
628.52
649.00
564.60
630.00
658.92
659.20
736.72
661.20
655.72
596.12
622.40
648.00
564.72
542.72
639.92
590.72
606.72
630.80
621.60
628.32
601.92
564.80
636.00
672.12
671.20
661.32
607.72
613.72
626.00
657.12
601.92
635.20
605.00
665.60
714.80
737.60
740.80
718.00
678.40
670.20
596.40
665.32
630.52
615.52
644.80
626.20
651.72
635.40
638.60
670.72
707.72
708.00
584.72
693.72
612.72
679.80
592.60
614.72
615.92
617.60
610.80
706.52
582.52
574.32
589.72
597.92
603.32
663.92
637.40
595.12
592.32
647.72
686.72
691.20
655.20
645.52
579.32
614.40
662.60
616.40
584.12
668.80
603.00
676.60
637.92
629.20
667.32
598.00
625.92
633.00
717.32
597.72
653.00
615.40
699.32
600.92
742.00
603.80
561.60
628.00
597.00
622.52
573.92
627.80
631.80
679.72
615.00
618.72
606.52
587.92
666.00
646.60
724.12
585.60
659.52
609.52
691.52
662.80
754.92
609.20
602.80
628.72
584.72
622.40
636.20
628.32
632.00
633.40
656.80
684.00
583.72
685.60
655.60
659.52
603.72
659.00
624.20
580.80
584.00
705.80
592.60
595.20
603.72
616.12
644.12
656.80
650.80
629.92
559.60
598.52
767.92
762.60
625.32
710.40
610.20
668.12
768.32
668.20
659.72
617.60
584.32
612.00
682.80
573.32
594.80
630.80
578.52
609.92
581.00
601.52
572.72
602.92
641.00
661.60
607.60
617.72
568.00
601.20
665.80
655.72
600.20
603.00
677.20
594.60
584.32
633.72
653.52
650.12
586.20
662.60
655.72
552.92
566.32
569.80
680.40
747.40
664.60
626.92
670.60
687.20
677.60
604.00
591.92
612.00
570.12
654.00
645.20
606.52
653.60
647.00
614.40
637.60
694.32
630.92
605.60
614.40
641.72
744.92
599.60
607.40
661.00
730.20
651.12
596.32
641.92
637.72
624.52
664.00
590.92
601.12
564.92
651.60
657.72
658.40
645.32
639.72
600.92
557.12
577.00
721.00
587.72
728.32
646.12
599.40
650.80
640.92
599.20
563.32
611.00
618.20
766.52
685.52
680.40
584.92
582.52
737.20
599.20
596.80
591.40
635.32
603.52
643.40
526.80
687.12
664.32
679.32
651.60
611.00
716.72
658.60
548.80
636.92
642.12
621.60
593.32
631.80
626.20
603.52
599.00
580.32
582.92
616.20
608.32
670.92
689.60
620.92
661.32
612.72
622.92
650.20
590.80
665.12
614.80
587.32
732.12
631.92
595.20
656.52
605.72
603.80
588.00
677.00
623.80
611.80
609.80
669.12
641.52
690.40
669.12
621.92
605.60
643.12
607.80
609.20
649.40
626.72
688.72
698.12
729.72
667.92
620.00
640.92
655.52
669.80
768.60
764.52
670.72
768.52
739.20
722.40
664.60
695.52
674.52
684.40
712.32
688.00
684.72
708.52
705.52
709.60
665.00
683.60
665.92
657.00
707.12
682.80
772.60
768.32
770.20
769.80
770.32
768.92
768.20
676.80
645.52
711.32
770.00
679.12
720.32
697.12
653.60
677.60
641.60
655.92
682.12
686.40
685.12
716.40
659.12
692.52
698.60
677.12
763.40
730.00
651.20
713.12
654.12
681.40
660.92
631.32
636.40
668.72
646.80
731.20
642.52
704.00
668.72
680.52
656.92
718.12
706.00
699.52
691.00
689.80
735.20
754.80
697.60
691.40
655.92
679.72
653.92
660.72
694.60
643.80
666.12
694.20
654.32
644.80
691.20
660.32
665.52
692.92
762.12
712.80
722.80
661.92
657.32
674.32
708.32
697.40
700.40
734.60
670.12
713.12
684.60
701.60
654.12
659.92
618.20
589.20
636.12
626.52
622.80
750.80
740.92
603.80
581.20
586.52
627.00
768.00
637.80
590.80
610.80
596.52
628.20
693.72
660.72
746.60
673.72
671.80
652.72
675.80
744.00
768.60
768.00
770.12
770.20
710.60
742.12
741.60
721.60
769.40
770.00
768.92
769.40
769.52
769.80
693.20
690.40
652.20
639.72
654.20
685.60
709.60
632.32
678.12
709.00
705.20
737.60
698.52
704.12
686.12
677.92
730.32
664.52
688.92
688.32
682.60
657.40
719.12
756.32
680.80
663.92
624.60
719.12
656.32
687.40
696.12
701.52
678.72
685.00
614.00
645.52
687.72
635.72
723.32
715.40
643.00
723.20
652.20
595.32
679.00
679.92
668.60
685.72
675.80
709.92
665.32
681.40
704.20
677.00
654.72
754.12
709.92
689.00
705.72
665.80
651.12
708.40
711.52
693.20
672.20
642.60
649.80
548.00
617.40
576.52
624.72
603.20
582.12
603.60
617.20
633.12
569.72
646.20
651.32
680.40
608.80
578.32
587.00
681.60
655.92
643.00
556.60
575.92
619.20
604.32
594.32
647.40
769.20
760.32
670.40
544.12
671.40
528.40
536.20
479.72
521.20
662.12
523.80
483.52
478.00
543.12
504.60
522.00
476.92
506.12
549.12
585.00
663.32
553.80
549.12
594.00
669.12
551.80
653.32
531.92
483.72
481.80
674.92
654.32
520.80
492.32
505.20
563.72
554.00
477.80
523.20
483.00
467.12
547.20
683.40
494.72
493.40
507.60
583.40
552.12
480.72
506.20
478.12
461.20
515.00
648.80
465.72
557.40
519.92
521.20
651.92
568.32
606.60
675.20
557.60
669.60
703.20
693.60
705.52
680.40
614.80
655.92
707.80
688.72
707.52
596.12
514.00
755.12
698.52
764.92
748.12
730.20
769.52
504.32
484.80
472.32
474.52
583.80
594.60
496.92
606.00
554.80
483.60
568.12
556.00
485.20
545.60
694.00
620.40
539.40
565.60
511.52
476.20
518.20
661.00
486.00
463.12
482.20
513.60
551.80
700.52
675.32
634.72
552.92
597.40
727.20
627.12
654.52
492.00
473.52
477.60
686.12
602.20
508.12
483.40
483.32
553.60
462.12
484.80
690.72
621.00
552.00
743.60
608.52
495.60
631.32
654.00
637.12
595.80
602.92
488.72
488.32
492.00
624.80
596.20
490.60
469.80
486.00
546.80
503.72
536.20
568.32
516.12
504.52
588.00
580.32
670.12
545.40
571.52
533.32
573.92
500.32
506.52
562.32
607.92
581.20
543.40
505.40
547.92
594.92
495.80
745.40
705.72
660.32
600.80
611.20
705.52
693.20
692.92
723.40
501.32
489.52
541.32
629.80
622.52
527.40
528.60
502.80
712.80
526.60
517.80
477.40
506.20
559.72
569.32
617.60
598.60
636.80
582.52
658.12
628.20
617.32
562.00
581.92
561.12
479.52
478.00
545.12
510.60
547.20
562.72
492.12
484.52
480.52
505.00
527.80
480.60
513.32
552.40
530.60
535.52
534.60
744.00
679.92
537.40
517.72
617.80
464.52
471.80
537.20
497.12
508.60
537.40
663.92
490.92
480.32
617.52
516.80
488.80
591.20
614.72
548.40
516.72
608.32
557.80
560.20
651.92
618.92
498.40
551.12
622.60
624.72
632.20
492.72
570.12
594.32
539.20
600.80
496.52
506.32
641.12
672.20
659.60
631.40
612.52
630.40
623.60
650.92
561.12
620.40
631.32
767.12
768.80
654.60
649.52
693.00
718.52
769.32
752.12
709.32
709.20
709.40
685.20
704.60
723.20
744.80
705.72
744.52
768.80
769.92
768.72
769.72
769.32
771.00
769.20
769.60
769.12
769.72
768.60
769.60
770.40
769.52
770.20
769.72
769.60
713.20
712.52
710.40
711.00
713.12
705.40
711.52
711.60
711.12
686.60
767.92
770.20
769.52
770.00
769.80
769.60
769.52
770.20
771.00
771.60
769.80
770.52
770.72
769.80
771.60
770.80
769.60
711.52
710.32
710.40
710.80
726.80
749.92
661.92
709.12
687.12
762.80
769.72
770.52
770.72
769.60
770.00
770.52
769.52
770.40
769.32
771.32
771.20
770.92
769.52
770.60
770.32
769.60
720.60
710.52
709.12
711.00
708.12
722.20
708.20
732.00
745.32
754.80
769.32
767.52
770.80
769.60
772.32
771.00
769.80
770.92
771.32
769.72
768.92
770.40
770.92
769.20
769.60
770.00
769.32
711.00
709.80
708.20
713.32
721.60
708.72
737.72
660.52
708.92
706.80
769.80
771.92
772.72
770.72
770.52
772.40
770.60
771.40
770.40
770.00
771.00
771.00
769.72
771.32
771.72
771.12
769.40
712.12
711.52
711.60
711.20
699.40
679.72
658.92
708.20
677.80
767.12
770.12
770.52
771.00
771.52
769.40
770.40
769.32
769.92
769.60
769.12
769.72
769.52
768.92
770.20
771.40
769.92
715.52
711.20
710.40
709.92
707.60
682.12
700.20
709.60
736.20
707.12
768.20
769.32
770.60
770.92
768.60
772.72
770.40
770.20
770.00
771.20
713.72
711.60
711.00
711.20
752.72
676.92
719.32
715.52
709.92
708.60
769.12
773.20
769.92
769.80
770.72
772.20
771.32
770.52
772.12
770.80
769.00
768.12
770.52
769.20
769.60
771.52
770.52
710.32
711.40
711.92
709.12
682.52
709.80
664.40
679.32
699.20
766.72
770.12
771.32
770.20
769.92
770.60
771.72
771.52
770.92
770.40
771.40
771.60
768.60
769.40
771.00
770.52
770.20
716.40
712.12
711.12
711.00
681.12
660.40
665.92
730.12
714.52
689.20
769.00
771.80
771.00
769.52
768.32
769.80
770.92
767.52
770.40
768.32
768.92
770.12
771.80
769.80
769.20
770.60
769.52
710.40
711.60
710.32
710.52
710.32
666.80
708.72
711.12
691.32
746.92
769.40
770.72
769.52
769.20
770.92
769.32
771.60
770.12
771.12
772.32
766.72
771.92
770.40
770.52
771.92
768.92
770.32
710.00
712.40
712.52
710.72
723.12
746.60
662.12
706.32
689.20
769.40
771.80
771.00
769.72
769.80
768.60
770.52
769.52
770.72
770.40
771.12
770.92
768.32
770.60
769.80
769.60
770.92
712.72
711.00
710.00
711.52
705.20
746.20
708.80
676.72
711.52
703.32
769.52
770.60
771.12
770.60
769.80
770.20
771.92
768.60
769.12
769.92
768.72
770.20
770.92
770.12
770.20
770.12
769.00
712.20
712.40
710.00
710.32
751.32
708.60
709.20
711.72
716.60
765.40
768.52
769.32
769.32
769.72
769.72
771.00
770.60
770.92
772.00
772.92
769.20
769.80
768.72
770.00
769.80
771.12
742.52
711.00
710.20
710.72
708.92
751.92
735.00
699.00
721.72
737.40
768.72
770.52
770.60
770.40
769.80
769.20
771.60
770.52
771.40
771.92
771.60
770.20
769.72
768.80
769.32
770.92
772.40
712.20
712.20
708.60
711.80
710.00
676.52
709.32
744.92
710.60
711.60
768.52
769.92
770.40
769.60
619.60
448.20
747.80
763.52
470.40
494.40
545.40
482.40
548.40
667.60
488.52
453.60
481.20
494.72
579.40
492.00
485.80
528.92
479.12
541.80
589.92
480.72
480.80
533.32
707.20
677.72
435.92
543.40
453.32
425.20
509.92
614.52
441.92
456.72
482.80
421.52
454.20
503.60
446.40
429.20
428.20
510.40
702.92
439.32
447.80
587.00
469.72
531.00
469.52
440.12
463.20
428.20
486.20
412.72
442.92
445.92
455.32
435.00
526.92
440.00
433.12
444.92
429.12
510.60
437.92
435.00
527.32
512.52
463.92
483.92
650.92
511.72
528.72
496.00
564.12
531.80
490.20
445.60
441.72
395.20
474.00
473.52
429.32
479.52
463.80
438.60
442.52
453.92
487.00
488.60
455.12
504.60
481.52
444.40
435.52
438.52
421.52
465.52
477.72
460.72
445.60
423.40
469.12
511.52
444.80
506.40
553.32
530.72
515.92
464.52
463.32
456.12
428.12
472.40
473.52
497.72
454.60
436.52
425.92
451.52
445.20
446.12
444.20
460.32
449.80
483.00
512.12
470.00
445.60
459.72
553.72
545.32
476.12
447.20
451.20
432.52
462.32
632.32
444.20
458.00
478.00
487.72
432.92
464.72
479.40
424.00
425.60
554.92
565.72
543.92
476.72
474.52
498.12
498.40
508.40
493.72
465.12
426.20
430.52
440.12
425.12
420.20
429.12
480.00
494.32
453.12
420.60
419.72
417.40
484.32
433.12
424.00
453.80
509.00
555.32
516.52
630.60
444.20
413.20
429.72
481.32
430.00
428.72
437.52
470.60
427.20
480.72
496.20
441.80
422.00
430.20
485.32
421.92
429.60
473.60
472.32
489.12
478.80
484.60
441.20
418.12
434.00
452.80
460.80
425.60
463.20
429.60
431.52
515.92
632.40
475.32
421.72
474.00
473.20
413.12
437.40
493.20
468.60
440.12
497.00
490.60
431.80
445.92
462.52
466.80
434.80
468.40
488.12
469.72
441.92
481.40
480.80
450.80
462.00
448.20
417.40
537.40
619.92
611.52
492.00
441.72
513.12
519.92
461.92
446.20
425.20
446.52
452.52
445.60
418.32
419.00
401.40
460.00
488.80
447.32
507.52
444.52
403.52
502.00
459.32
489.92
423.32
442.20
480.92
497.40
449.32
459.80
421.80
418.00
501.72
437.00
413.12
417.32
439.72
439.52
478.40
591.20
487.52
491.80
577.00
596.20
572.12
458.60
533.60
464.32
447.00
481.00
619.60
457.20
429.80
502.40
509.12
415.00
427.40
452.12
440.12
447.40
471.92
619.12
441.12
420.00
457.52
489.52
468.20
430.52
470.60
411.40
433.52
504.00
493.00
448.52
422.80
512.32
439.92
420.20
405.80
438.52
444.52
447.92
483.60
614.52
416.72
500.00
514.72
480.60
560.72
594.52
526.60
457.80
432.40
500.92
484.72
445.52
473.20
441.12
457.12
434.72
413.80
442.80
428.52
444.92
476.00
469.72
470.72
557.72
493.92
462.60
521.72
495.80
445.80
471.80
456.72
488.92
558.52
547.32
563.20
487.40
472.92
424.52
425.40
420.00
481.20
462.52
432.40
505.52
523.00
462.20
441.80
414.00
519.32
413.80
418.40
413.32
431.92
462.80
467.32
598.32
432.20
439.92
508.00
515.52
508.00
474.12
544.32
474.92
453.72
587.32
499.92
479.72
432.20
454.00
485.12
421.92
412.80
456.92
419.12
434.80
493.20
531.72
433.32
434.00
411.52
441.00
577.00
593.12
512.12
440.40
470.12
553.60
640.92
465.80
466.00
478.00
502.00
421.20
408.12
438.20
410.40
454.40
507.20
524.12
413.92
407.00
431.72
465.20
463.60
445.92
452.92
426.20
468.72
497.20
533.32
435.00
479.32
424.92
422.20
446.72
420.60
451.12
437.40
444.00
501.92
470.20
442.12
444.52
419.52
431.72
567.00
608.20
476.20
502.60
447.80
504.60
493.32
459.52
481.72
428.52
446.92
500.80
456.40
442.52
489.92
468.12
519.40
483.52
485.32
445.40
427.80
479.40
503.80
444.00
442.40
509.12
494.52
485.12
537.00
538.32
493.80
496.60
537.00
541.40
510.00
564.00
612.20
505.32
492.32
547.60
633.40
491.92
540.40
584.52
595.32
672.60
671.60
651.12
597.32
508.20
631.32
750.60
612.60
580.72
607.72
629.72
511.52
499.32
481.52
472.92
489.20
554.80
588.60
496.72
513.00
481.32
494.92
564.20
564.40
630.60
478.40
498.20
478.80
552.12
417.92
466.92
424.72
448.60
482.40
446.52
439.20
422.40
459.40
487.80
513.60
472.32
489.40
426.32
474.92
528.12
514.20
455.20
476.12
462.60
457.20
481.32
432.32
479.32
436.32
491.40
462.92
446.60
484.32
502.20
519.72
575.72
521.40
554.32
548.40
470.32
530.52
561.20
507.60
515.20
521.60
493.00
516.80
547.40
591.92
496.60
480.60
530.12
593.72
496.00
472.52
497.92
563.52
532.92
572.52
612.60
460.80
474.20
478.52
530.92
571.72
539.52
541.20
458.00
448.20
479.40
450.00
415.00
452.32
490.32
529.60
440.72
415.92
494.32
439.20
530.40
531.00
619.32
488.72
481.40
464.00
483.32
457.32
458.60
435.00
429.32
410.12
479.80
565.32
464.52
436.40
400.60
467.00
416.80
413.00
429.52
433.80
477.80
479.32
523.00
478.80
467.60
487.92
438.60
453.80
412.72
431.00
412.00
406.32
459.80
462.52
427.80
465.32
410.52
429.00
412.72
425.52
415.80
443.92
411.92
475.32
473.80
466.32
524.52
410.12
463.32
498.60
407.92
433.32
428.60
430.12
497.12
482.00
413.52
406.92
408.80
412.60
518.12
440.60
445.72
471.60
427.92
471.72
545.52
528.60
492.40
519.92
480.12
508.60
550.40
428.60
518.72
453.32
509.92
534.72
515.32
503.80
515.20
568.32
752.60
623.40
438.52
472.60
416.60
550.60
597.92
620.32
451.20
459.20
426.60
492.00
440.32
420.60
449.52
418.00
474.80
507.20
573.12
450.60
420.80
423.60
470.40
477.00
411.12
454.72
446.20
465.80
509.32
570.80
444.52
441.92
432.52
430.12
434.32
417.60
424.52
438.32
435.00
484.80
635.52
420.40
442.40
426.52
463.92
452.00
434.32
463.40
490.32
479.80
503.12
494.72
457.12
417.12
426.32
439.12
435.32
406.72
429.20
445.92
425.60
461.20
461.52
443.40
460.52
445.60
446.00
485.92
446.80
481.00
561.00
452.52
431.72
515.40
516.92
480.12
437.12
417.52
473.72
430.20
503.92
442.52
435.32
450.52
497.52
448.80
428.72
479.12
417.92
504.00
575.00
538.40
513.20
417.60
484.32
505.00
562.20
420.60
431.72
453.52
484.72
465.40
455.92
463.72
418.92
444.72
491.60
470.52
526.40
522.32
429.40
486.40
484.32
449.40
467.92
462.20
474.12
449.52
592.20
436.12
430.80
410.52
449.32
448.12
419.00
431.72
412.00
440.60
461.72
567.20
451.52
446.00
444.60
492.80
494.92
457.80
427.72
434.92
426.20
474.60
482.80
418.20
449.12
447.92
461.40
416.12
431.40
430.52
434.80
408.80
475.32
494.40
433.40
456.00
459.60
468.52
512.52
398.20
466.60
426.12
420.92
478.72
461.00
437.52
460.60
457.00
442.92
424.40
424.12
422.92
420.32
430.80
464.92
500.00
428.60
444.20
485.72
499.52
514.92
547.52
536.72
489.00
467.20
453.52
497.32
430.80
498.12
426.20
435.12
492.80
412.40
401.92
447.20
409.20
463.80
469.12
461.80
500.80
458.80
490.80
514.40
445.92
425.12
476.00
422.32
431.60
489.20
585.92
465.40
421.12
444.60
523.80
415.40
411.80
427.92
435.72
413.40
465.12
615.00
472.80
500.20
409.00
480.32
462.20
435.52
441.32
447.40
444.20
474.60
537.20
490.20
431.20
419.52
446.32
415.32
424.60
451.92
428.72
435.72
506.92
594.60
495.32
446.00
455.12
480.40
607.72
512.32
561.12
547.40
515.60
592.00
586.20
484.80
514.12
426.80
439.00
476.12
473.00
437.40
416.72
429.40
487.80
502.00
471.80
473.60
467.32
408.80
495.20
474.72
468.92
517.72
503.12
557.00
665.32
683.92
698.12
686.52
691.80
705.60
705.72
703.72
581.12
740.92
700.92
701.60
695.20
699.00
590.52
651.92
761.00
530.92
465.32
467.12
500.52
500.32
570.40
508.60
529.80
491.52
510.32
597.40
515.52
488.72
543.80
541.52
574.32
549.80
590.60
532.20
508.60
517.00
548.72
492.72
476.20
511.00
510.40
494.32
513.92
610.60
495.52
485.60
505.52
502.00
468.12
492.12
531.92
515.12
505.72
535.52
589.52
483.12
496.00
480.72
504.00
490.80
522.12
521.00
487.60
456.92
509.40
555.80
482.40
493.20
512.40
485.80
478.60
516.12
501.12
556.40
461.72
515.40
527.92
505.20
487.32
486.32
466.40
488.40
504.12
478.12
506.12
522.40
514.60
512.00
490.32
532.80
495.20
474.80
619.52
674.20
603.52
490.12
475.12
459.60
486.12
413.20
425.72
416.92
417.00
499.92
448.60
430.52
448.52
420.20
452.40
486.80
530.32
450.12
426.12
429.12
564.00
499.32
423.00
448.00
444.92
418.12
477.40
535.72
450.12
437.60
426.80
513.00
416.72
435.12
469.52
413.00
453.80
484.52
580.20
469.60
449.32
464.32
548.12
495.12
415.92
466.60
454.20
485.80
501.12
543.80
447.92
421.92
449.20
480.00
428.60
408.52
436.12
424.72
437.40
466.80
543.72
421.80
452.60
473.32
476.80
442.80
475.40
470.52
443.00
406.00
483.80
513.80
420.80
435.72
454.52
425.72
419.40
426.92
434.20
409.92
473.40
545.80
566.40
438.52
454.72
454.52
490.60
517.72
557.32
503.92
466.60
414.20
448.52
468.92
515.32
487.72
415.12
423.72
424.12
423.32
482.60
448.80
450.00
437.92
460.80
477.52
494.72
470.32
420.12
500.80
414.92
413.12
408.32
414.72
442.72
526.72
534.60
439.12
407.20
430.20
461.12
413.12
431.20
462.20
438.00
435.72
468.12
580.32
455.00
443.80
439.72
488.00
407.20
440.60
448.32
406.72
431.40
495.52
484.72
424.32
397.80
431.20
459.00
403.60
401.20
488.92
384.12
421.92
508.80
643.72
431.60
425.40
424.00
433.52
420.60
416.92
412.72
458.80
391.12
467.20
537.20
411.40
387.80
390.72
437.60
406.60
448.40
415.00
445.80
452.72
495.60
509.12
400.52
416.72
417.92
425.92
463.32
421.80
425.20
391.20
435.60
460.40
457.60
476.20
430.12
397.12
412.60
555.00
534.60
500.92
491.12
464.40
484.60
445.80
560.60
470.60
431.00
414.20
451.52
399.72
393.40
443.20
422.92
400.32
496.52
414.60
405.32
419.40
396.32
480.00
398.40
403.92
461.92
447.60
483.12
450.80
527.52
462.80
411.52
415.40
473.80
416.60
402.20
445.72
401.40
433.12
475.40
519.60
418.52
431.20
446.80
499.00
420.12
449.60
499.12
480.00
440.80
490.20
634.72
435.00
430.40
396.20
478.40
393.12
429.12
429.92
420.00
391.40
481.00
598.60
423.52
497.00
443.00
449.92
451.20
486.40
497.32
457.20
442.80
476.72
460.60
413.12
396.12
389.72
397.60
419.20
425.80
458.60
400.80
407.72
447.20
618.00
440.80
448.80
410.12
414.52
518.40
569.72
549.80
473.92
456.60
474.80
489.72
427.12
437.52
426.80
449.00
460.00
413.72
399.32
418.72
389.12
437.12
466.80
448.00
436.12
404.32
468.52
464.72
493.80
412.40
464.80
446.40
477.72
523.12
576.32
472.00
467.00
407.40
441.52
408.12
395.20
399.40
409.40
398.32
502.92
463.92
408.80
416.00
472.00
573.72
423.00
445.72
446.52
381.20
427.72
455.72
576.00
417.92
401.40
458.80
489.12
423.92
385.72
471.92
437.40
421.32
498.20
456.32
435.52
450.32
471.40
458.20
414.12
422.92
449.00
404.32
411.92
443.52
547.00
452.20
524.20
457.60
451.00
456.92
474.60
462.72
469.40
503.12
468.20
649.52
513.20
623.80
542.80
520.32
615.32
580.40
561.80
480.20
440.72
533.80
578.20
509.12
476.20
480.00
465.32
462.00
453.92
448.32
500.60
465.00
502.52
536.52
571.12
542.80
480.72
530.20
503.40
485.80
475.72
514.20
447.12
441.00
448.00
458.20
422.52
390.40
402.20
434.80
416.20
419.40
418.72
408.12
436.00
495.12
506.12
505.20
502.80
515.32
511.00
437.32
453.00
473.72
444.60
503.40
551.52
475.72
501.12
460.80
443.40
509.20
478.12
499.80
548.52
473.12
499.80
554.80
641.32
510.52
522.20
495.60
562.60
561.12
461.12
514.80
505.12
509.92
571.52
677.40
464.32
460.40
470.20
523.00
510.92
494.72
440.00
410.00
449.52
548.12
531.60
552.00
519.60
400.80
444.20
455.80
403.12
494.52
466.20
422.72
454.12
491.72
464.72
434.80
415.92
404.40
571.72
505.32
480.72
510.00
488.60
477.92
554.20
435.92
441.00
390.92
444.40
428.52
414.12
418.80
419.00
390.72
420.20
495.20
456.20
422.80
418.32
427.20
450.52
395.20
411.52
459.32
468.52
451.20
482.12
443.80
447.80
405.20
422.80
391.20
412.52
437.60
508.20
422.72
432.20
443.12
469.92
449.72
434.12
416.20
430.80
477.00
512.72
557.72
497.20
466.52
525.20
488.72
453.60
468.32
416.72
488.20
468.80
450.00
428.00
443.92
423.32
456.20
565.00
430.00
432.60
419.72
456.92
453.40
450.60
468.92
403.92
445.60
449.40
531.20
462.72
419.00
419.60
448.72
404.52
428.60
458.60
406.60
419.60
446.92
581.52
441.00
395.20
390.12
438.92
569.80
571.60
521.60
501.40
425.12
490.40
546.40
425.12
417.40
394.40
462.92
436.52
398.92
405.92
424.40
433.92
475.00
520.32
469.52
433.20
460.60
481.32
466.12
429.00
452.32
440.60
4