Measuring voltage and current with INA219 ...
262.32
334.52
259.40
299.52
270.92
253.52
288.40
294.32
265.20
287.12
305.32
267.20
269.80
287.12
318.40
325.60
325.60
320.00
317.80
327.12
325.32
283.32
259.60
313.52
239.72
269.52
317.20
251.72
261.60
262.80
243.12
317.20
262.52
248.80
274.80
255.40
264.20
277.20
266.32
281.72
302.12
271.20
305.20
298.60
294.92
307.80
285.32
282.52
313.32
296.12
291.20
316.80
275.00
283.80
307.32
295.00
290.72
288.12
288.00
300.80
282.72
273.40
293.72
268.40
288.12
292.92
276.80
282.40
268.12
267.32
288.12
323.60
275.12
309.60
268.80
289.92
368.32
304.20
317.12
293.00
283.80
330.92
328.72
298.92
318.32
300.00
302.32
315.32
291.00
284.40
269.00
262.60
282.12
281.40
271.52
284.52
256.92
263.20
282.00
269.80
266.60
274.00
273.00
307.12
285.12
270.72
284.40
272.12
274.52
316.52
292.80
294.40
313.00
321.60
280.52
326.40
259.32
269.32
263.72
260.80
326.52
273.52
261.52
281.92
261.52
265.32
291.72
256.92
268.92
268.60
262.40
288.00
282.32
272.92
282.00
281.12
281.00
301.12
263.20
269.00
270.80
250.40
249.12
272.92
263.00
305.60
269.40
300.00
286.00
272.92
261.32
278.52
251.40
262.32
280.60
269.32
280.40
320.80
329.12
318.32
326.92
327.80
336.12
323.52
333.20
338.40
337.32
336.80
324.20
334.72
334.60
332.12
333.12
331.00
322.00
333.12
332.20
501.72
504.60
469.12
481.92
504.40
364.00
380.00
365.20
324.52
335.72
383.52
418.60
350.12
334.32
350.12
468.52
504.92
321.80
344.32
294.40
329.52
489.32
308.92
310.60
282.92
286.32
318.60
390.40
310.32
299.52
274.40
301.92
445.32
307.52
320.32
307.40
304.32
359.40
379.40
334.40
325.80
331.32
292.80
370.52
306.00
290.12
301.80
273.92
349.00
382.32
290.12
307.72
282.52
284.52
339.92
327.60
291.12
313.80
285.52
316.52
357.00
295.32
296.00
282.00
284.00
361.00
355.60
297.40
284.32
254.72
279.20
385.60
336.92
373.40
292.52
287.00
311.40
320.32
259.80
249.40
243.40
248.52
315.40
292.32
259.60
264.60
246.20
271.52
254.72
255.52
270.60
252.52
245.00
245.20
246.12
254.72
271.60
231.72
252.80
317.40
251.20
257.20
241.40
250.80
274.40
311.00
285.72
284.72
253.32
268.00
261.20
259.00
267.92
249.92
250.52
243.20
246.00
242.92
275.60
228.32
242.00
256.60
233.00
234.40
235.92
229.80
233.32
226.00
229.52
254.32
229.80
244.20
238.72
232.32
238.80
243.32
221.92
228.92
239.12
241.52
250.00
277.60
246.72
251.00
241.40
257.12
241.20
224.92
258.20
233.00
228.32
231.80
214.80
222.72
234.12
227.72
228.00
247.12
234.60
228.92
246.52
229.32
229.32
268.92
227.60
231.60
233.32
237.20
253.00
223.32
241.20
244.72
233.32
242.00
249.40
263.92
230.12
245.32
258.72
244.12
231.92
238.60
291.40
235.60
238.80
248.52
248.72
267.40
234.80
287.80
234.40
253.72
236.40
246.72
232.80
233.80
242.80
231.00
241.80
244.92
253.72
240.40
225.12
229.00
233.72
243.32
244.92
292.80
253.32
304.92
244.72
249.40
246.20
242.72
242.92
248.40
244.60
250.20
254.40
240.20
241.20
246.52
234.52
301.32
280.52
244.60
242.32
288.40
242.92
253.12
248.00
291.32
290.92
264.92
278.92
279.12
236.72
246.52
242.20
240.80
251.60
228.60
238.80
278.00
245.40
240.32
260.92
223.92
231.92
229.92
230.92
238.80
213.52
228.12
249.00
226.72
229.60
249.80
226.72
237.52
235.92
228.72
232.20
231.12
316.32
308.80
328.40
323.72
307.52
359.60
314.20
289.60
340.60
249.12
237.12
261.92
267.60
347.20
301.00
280.12
225.20
241.72
238.32
227.00
229.72
264.20
221.40
230.60
231.20
234.60
280.72
226.12
239.92
265.72
246.00
248.72
272.12
238.92
252.12
249.20
248.80
247.00
235.20
243.60
249.00
245.20
246.72
261.40
237.52
239.12
258.72
277.52
242.80
229.60
228.20
222.92
237.52
241.80
274.00
228.20
244.60
242.12
247.32
240.40
242.20
242.52
243.92
231.52
231.32
237.92
223.52
283.40
249.12
251.32
235.40
219.80
226.20
273.92
275.60
242.60
241.40
216.20
240.92
251.52
239.72
276.72
251.40
227.80
245.72
245.72
237.12
239.20
258.40
233.40
218.52
230.40
284.12
256.00
224.80
248.32
318.52
233.32
237.32
232.60
225.12
257.60
233.52
237.32
271.92
231.20
238.72
251.52
238.00
243.92
223.60
227.72
237.40
262.32
257.40
246.92
230.32
231.00
290.52
240.60
261.20
232.12
252.72
261.72
230.32
233.00
236.52
221.32
243.00
233.32
231.60
233.80
260.40
228.80
242.52
254.80
249.92
248.60
222.60
238.72
275.40
264.32
250.32
275.32
234.60
261.00
259.72
249.20
245.00
255.92
255.00
292.72
246.60
244.80
255.60
233.32
240.72
258.72
237.80
240.00
233.00
232.32
242.00
243.00
243.12
255.60
240.00
237.20
300.80
240.52
234.32
241.52
226.32
237.20
235.60
263.00
263.80
216.60
231.92
260.72
240.20
242.60
263.72
245.92
291.20
332.60
318.60
290.52
237.72
232.00
240.32
235.32
233.00
244.40
243.40
239.32
253.72
242.20
245.12
237.52
228.00
230.40
243.40
241.72
251.72
217.72
234.80
247.00
228.00
228.40
228.72
224.12
231.60
225.00
235.60
240.80
233.32
242.72
303.20
297.80
239.72
251.20
223.40
230.72
226.80
226.52
229.52
211.40
231.12
246.60
226.20
228.12
228.80
227.80
249.12
271.92
244.60
244.80
230.52
231.52
237.52
300.60
266.20
335.40
247.80
273.12
251.80
277.40
268.12
266.00
228.60
266.52
284.92
257.92
270.92
224.60
253.12
258.12
231.40
330.40
223.92
246.80
240.80
272.80
236.00
272.72
217.12
255.00
280.12
271.80
245.52
251.52
241.92
240.92
249.60
244.12
254.92
230.80
271.12
254.32
260.92
249.20
262.52
228.40
236.40
293.12
345.32
264.20
235.00
246.12
240.12
255.60
252.00
268.60
256.00
281.20
254.12
259.32
247.72
265.60
260.80
272.12
258.52
257.20
245.80
241.52
234.32
258.12
250.00
235.32
236.12
247.72
239.72
248.60
252.40
243.20
244.72
241.52
263.60
247.72
273.72
256.00
266.32
248.00
245.80
247.52
243.00
275.20
242.60
231.40
238.60
234.52
258.92
228.60
249.00
278.92
251.32
267.72
222.20
241.80
258.32
239.00
243.60
312.60
240.40
241.80
248.12
241.92
240.40
224.40
230.92
226.60
239.52
244.32
302.52
242.92
228.12
261.32
228.00
229.72
225.60
219.80
228.00
228.20
228.72
265.80
222.92
244.12
247.00
235.60
232.60
250.52
228.20
234.40
239.20
230.60
229.20
205.72
227.00
247.20
228.00
230.72
256.52
230.00
234.20
234.52
226.92
236.60
232.32
249.12
223.72
228.72
229.72
249.92
224.92
233.52
250.80
233.12
233.20
227.92
227.80
232.92
262.12
234.20
252.00
228.12
238.60
238.20
228.92
229.32
236.60
224.00
228.00
231.32
232.12
228.92
218.00
227.72
247.40
226.72
242.72
235.92
253.12
282.72
231.12
232.20
268.40
297.00
313.32
334.92
316.72
243.32
237.80
225.20
231.92
242.40
242.12
247.12
225.52
233.92
230.40
239.40
247.12
267.52
229.80
247.00
243.92
278.32
270.92
239.92
238.32
244.72
245.12
245.52
256.72
241.72
260.32
312.20
235.12
235.80
220.00
225.20
223.92
235.52
234.20
236.00
208.80
235.52
250.20
230.32
230.32
232.72
265.92
237.52
249.80
233.80
238.60
223.20
229.00
223.20
229.52
240.32
255.92
218.80
228.40
244.92
230.00
232.52
205.40
226.80
229.32
268.20
264.40
247.52
224.32
235.80
235.00
227.40
229.20
220.72
230.72
225.20
234.00
234.00
232.12
219.80
232.32
248.00
227.60
228.32
272.00
219.12
237.20
223.12
234.00
249.52
216.40
239.52
234.60
228.32
228.40
242.60
218.80
227.80
230.52
277.52
234.00
238.00
233.00
253.20
232.12
240.32
253.32
249.12
265.32
241.80
243.92
244.40
235.32
243.00
238.80
243.92
242.80
253.80
241.60
243.00
259.72
241.80
244.60
228.72
229.12
234.32
239.80
247.72
271.80
233.72
247.92
241.80
241.92
269.12
327.32
240.60
241.12
230.40
242.32
238.52
230.00
238.40
249.12
231.92
283.72
299.32
243.92
258.00
262.60
236.80
243.52
226.20
263.92
253.20
242.60
262.52
251.00
235.12
241.92
252.00
242.40
253.00
233.40
230.72
220.32
235.40
244.52
292.92
287.72
242.80
229.80
234.60
232.60
242.00
222.20
235.92
234.52
229.72
244.80
224.80
236.52
249.60
236.00
235.80
239.80
250.40
240.12
268.60
280.92
241.80
241.52
256.20
254.00
233.80
241.92
268.20
246.72
268.20
265.20
270.92
273.80
293.40
306.00
264.00
257.52
256.80
277.20
249.52
264.80
277.12
271.32
283.32
251.20
263.80
269.00
274.80
262.40
292.32
248.00
279.52
264.80
261.00
259.92
253.52
256.00
249.32
255.52
264.32
266.00
254.60
253.00
296.12
249.00
250.20
248.40
253.52
279.00
255.92
251.80
271.40
235.80
250.92
262.32
249.60
252.40
265.92
236.32
244.40
242.12
237.92
230.72
275.80
238.32
253.92
231.32
236.92
256.60
222.40
248.40
234.72
246.80
243.92
222.12
248.12
246.32
241.00
239.00
246.40
241.92
248.12
281.60
236.40
236.20
223.80
228.52
246.52
232.92
234.60
255.92
225.40
245.00
249.20
234.40
232.72
237.80
224.80
232.60
237.00
243.00
241.00
231.92
230.52
250.60
240.80
240.00
263.00
223.32
235.52
232.52
231.72
233.52
210.12
226.52
252.72
274.40
228.60
229.20
218.60
237.00
241.72
241.40
238.60
234.72
241.12
236.12
246.00
245.52
285.72
236.40
247.52
237.00
242.52
243.32
231.40
236.40
239.40
237.80
239.92
263.20
227.00
246.00
242.12
231.52
233.92
227.72
281.40
236.80
237.20
288.32
234.40
234.00
230.12
250.12
231.52
229.40
229.12
222.80
232.20
240.32
233.72
229.12
211.20
224.80
225.00
238.32
228.60
240.60
217.60
227.12
224.92
229.40
233.40
219.40
227.40
230.60
228.12
231.80
250.20
227.40
234.92
228.60
229.52
271.72
219.60
230.80
230.00
224.52
228.92
230.12
222.52
226.60
244.40
225.32
226.40
213.32
216.20
218.40
233.40
235.40
232.60
250.80
232.00
241.80
231.00
229.00
236.20
220.60
225.20
225.12
228.00
225.52
228.52
224.60
211.00
225.52
232.72
271.32
227.40
240.80
241.80
240.92
246.00
218.60
239.40
256.00
238.60
241.80
258.00
231.00
295.60
255.32
240.40
239.60
226.40
231.60
216.52
272.60
292.20
342.32
300.40
313.00
342.52
250.40
227.12
221.32
215.92
226.92
224.60
227.92
241.80
239.12
265.52
281.80
312.00
275.32
257.52
224.72
235.20
240.80
235.32
226.32
217.00
225.32
244.80
226.32
227.32
247.40
215.00
235.32
232.32
228.32
290.00
222.52
223.12
217.92
225.60
231.12
249.40
225.52
232.92
249.12
229.80
232.32
242.20
248.12
298.32
295.72
234.00
252.12
222.20
245.20
251.12
247.60
251.40
264.20
246.52
257.40
250.80
266.00
259.32
261.52
253.00
276.32
256.00
258.32
244.72
243.92
265.80
265.12
257.52
259.60
233.12
302.12
263.72
262.20
254.00
263.92
253.72
296.20
291.72
274.52
264.40
259.52
265.00
257.20
267.92
269.52
295.00
259.32
276.92
276.32
281.12
293.12
264.52
260.20
275.12
276.00
284.80
287.12
257.32
258.20
276.72
255.32
257.60
252.52
252.52
243.60
256.52
262.00
258.72
263.40
252.00
274.20
297.12
254.12
250.12
257.32
255.20
256.40
271.52
258.80
257.40
262.60
238.72
243.12
254.92
268.60
232.00
247.80
241.20
239.52
240.92
215.32
231.40
236.32
230.80
233.40
248.92
228.12
237.12
243.60
275.92
234.80
247.12
243.20
231.12
246.52
283.00
252.92
239.12
241.00
258.12
233.92
233.40
224.00
229.52
276.80
228.60
232.52
241.72
214.40
228.12
224.40
228.40
230.80
244.52
222.72
229.20
228.40
233.52
237.52
233.52
232.00
249.72
242.72
234.00
253.40
228.60
256.40
240.40
253.92
2