Measuring voltage and current with INA219 ...
274.80
271.12
296.12
269.52
275.92
305.12
303.72
255.80
284.32
286.72
290.52
278.40
264.60
284.60
268.60
271.00
284.00
279.72
275.12
356.00
342.52
305.60
283.52
275.60
346.72
403.20
283.20
290.20
275.92
263.72
283.32
258.52
263.00
271.80
256.52
336.80
267.52
257.20
292.12
281.12
338.40
283.52
272.20
285.00
295.80
270.00
272.32
285.92
275.80
313.52
272.60
262.92
273.32
261.80
260.00
273.72
257.60
255.80
282.20
277.40
294.60
289.92
310.20
293.92
263.40
267.60
273.52
255.20
260.00
265.92
253.32
278.32
277.40
253.60
355.60
269.32
262.72
274.60
263.40
270.00
283.92
265.80
286.92
280.40
255.80
274.12
273.52
261.60
291.00
261.32
251.60
268.12
256.12
263.52
265.52
237.60
274.40
288.12
260.20
291.00
285.52
273.12
281.52
273.60
275.80
287.60
258.72
306.00
340.00
258.92
271.12
280.60
252.92
288.32
257.12
259.60
265.60
254.00
242.80
276.92
264.32
279.72
267.92
260.72
279.92
276.12
265.20
292.72
265.60
259.52
340.52
320.40
334.12
391.80
339.40
384.40
365.72
381.20
422.52
425.32
405.52
425.40
424.72
425.00
477.12
487.60
594.80
594.60
594.60
595.60
582.40
554.40
561.00
558.12
483.12
424.40
336.40
478.92
530.40
353.60
378.80
344.52
335.60
513.20
352.32
385.12
596.72
394.52
543.72
419.80
380.20
415.72
346.12
388.12
391.60
307.40
300.80
358.92
323.52
301.40
406.00
311.92
308.12
347.60
309.80
456.00
353.12
325.92
338.40
307.92
357.60
403.80
302.12
303.00
302.60
288.40
378.92
299.60
295.32
333.80
322.52
313.80
422.60
316.92
310.32
313.12
314.72
360.32
389.52
321.20
348.60
319.72
335.60
388.12
317.60
335.80
287.20
249.20
265.80
350.12
269.32
268.60
258.32
243.80
355.12
267.72
263.40
263.20
269.20
300.12
352.92
254.20
250.80
250.20
245.12
326.00
251.52
252.60
258.00
317.12
270.60
343.20
257.92
272.80
291.72
318.80
258.00
261.92
262.12
280.12
250.80
268.00
341.80
248.32
252.60
259.12
241.12
310.20
251.20
259.72
282.12
258.72
242.92
263.72
249.12
260.72
251.72
254.92
251.92
256.40
255.40
275.20
254.20
249.32
262.52
248.40
243.92
254.80
256.32
302.12
262.60
258.20
268.52
259.52
244.60
274.12
258.32
255.80
264.32
245.32
226.40
237.20
238.12
240.32
237.60
236.92
258.72
243.80
270.20
276.00
260.80
258.20
256.00
253.60
257.52
258.80
254.32
245.60
266.80
263.32
267.92
250.92
241.60
321.60
239.72
244.12
240.00
236.52
229.32
244.52
248.72
269.92
257.40
294.72
252.92
246.60
247.52
256.20
243.40
236.80
237.12
242.40
244.40
246.60
243.40
265.52
239.00
245.00
250.60
256.80
265.00
249.60
247.92
250.52
311.12
246.80
267.00
312.40
254.20
252.92
237.60
221.72
233.92
238.60
238.00
244.32
264.80
220.40
248.72
263.40
281.32
255.72
260.80
259.20
257.80
253.32
254.80
246.20
244.60
259.80
246.20
248.52
244.92
249.00
253.72
240.52
239.92
239.20
242.72
226.00
254.60
289.32
249.72
246.72
240.00
259.40
256.72
256.20
260.32
248.12
241.40
248.72
255.40
264.32
254.72
257.72
244.72
238.92
241.40
270.40
250.52
251.72
252.32
259.72
252.40
251.00
276.80
291.40
279.92
289.80
304.52
286.20
303.72
265.52
255.12
297.60
253.20
247.60
241.52
254.52
251.40
253.92
252.52
246.60
273.12
256.92
252.80
258.32
294.92
250.40
246.80
249.40
271.00
251.80
249.32
244.60
237.92
244.80
265.20
254.92
252.72
257.40
255.00
253.92
251.00
243.00
285.32
245.20
246.60
291.60
263.40
235.32
236.40
236.40
245.12
238.40
235.32
235.60
241.12
250.92
266.12
250.20
242.20
266.72
253.52
254.92
260.32
252.80
248.60
238.20
240.12
262.00
239.40
231.40
242.00
282.72
286.32
240.32
241.40
256.92
240.20
296.40
260.92
272.92
257.32
264.40
285.12
247.92
261.60
244.60
262.32
283.32
270.00
239.60
238.12
236.32
250.20
238.60
245.72
265.92
251.12
244.40
258.52
251.72
253.92
254.00
245.00
231.72
252.00
276.52
262.40
237.40
265.32
320.80
239.40
257.72
242.00
252.80
309.92
329.00
254.52
259.52
247.52
239.60
258.72
245.12
252.00
279.12
254.20
243.40
239.52
240.52
243.80
239.20
234.40
303.72
244.12
240.80
274.00
254.80
277.12
261.52
258.52
260.32
260.60
256.92
250.32
257.92
251.72
273.00
251.20
254.60
294.60
241.32
242.52
241.12
241.12
262.52
267.80
255.60
279.20
266.12
246.72
261.40
255.80
251.40
250.00
245.92
290.32
259.92
283.60
245.92
243.20
240.20
281.12
279.32
252.12
250.00
250.52
268.52
256.60
257.92
282.20
283.32
329.72
274.12
315.32
265.52
265.52
249.32
242.60
255.60
258.32
277.60
318.52
336.00
317.80
372.52
340.80
342.32
312.80
297.20
253.20
252.12
245.00
251.52
250.00
261.00
261.12
254.60
263.20
261.72
252.20
266.40
249.92
257.52
255.12
255.60
242.00
262.72
320.20
302.20
295.40
292.40
296.32
254.52
255.32
259.00
248.52
231.80
231.60
242.52
268.12
266.92
240.80
290.40
241.52
256.52
312.40
254.00
282.12
282.52
277.52
256.12
257.20
245.12
299.32
279.00
274.80
282.92
281.60
243.32
246.72
238.52
275.52
245.00
235.52
219.52
271.80
261.52
272.12
256.00
245.32
250.20
250.00
250.80
254.60
255.00
241.52
238.92
239.80
256.80
240.20
238.00
251.80
243.12
243.60
254.72
256.80
253.80
248.40
247.72
245.60
258.00
234.60
256.00
244.80
254.80
297.32
241.52
228.40
234.00
232.92
252.40
234.20
236.40
234.80
237.32
243.20
260.20
245.92
251.12
250.52
253.00
251.20
246.00
243.32
226.40
241.32
242.60
254.32
233.32
230.92
234.40
232.52
235.92
234.12
231.00
243.12
244.12
247.92
251.72
270.00
259.32
259.52
249.00
251.72
254.20
257.12
227.32
234.32
234.80
238.80
231.12
230.72
249.40
233.00
234.60
307.20
244.00
244.60
238.52
292.40
245.92
248.60
239.92
222.60
240.60
240.20
265.20
235.12
229.72
243.52
236.12
236.52
244.12
251.00
360.72
289.72
302.12
303.60
244.92
254.32
254.60
246.00
251.72
249.80
248.80
230.72
238.52
234.32
233.40
235.12
230.40
246.12
241.20
245.40
243.72
245.60
244.00
249.72
268.32
269.52
250.92
253.72
241.32
244.80
247.52
266.32
249.32
256.80
287.12
245.12
255.92
232.32
235.12
245.80
231.80
306.20
325.80
330.80
310.12
259.20
239.52
253.40
252.92
250.92
233.32
247.40
254.32
277.20
256.60
248.60
256.52
241.32
251.52
271.60
241.32
228.00
253.32
248.40
270.32
248.72
253.60
275.40
309.72
290.60
252.00
239.80
240.60
253.72
245.20
247.52
245.40
237.60
259.72
244.52
238.80
241.40
242.20
226.32
236.20
236.72
247.12
239.60
247.00
255.80
247.20
252.92
271.52
247.72
245.12
256.80
285.40
248.32
263.40
251.32
214.92
243.92
285.40
333.20
240.32
229.00
239.60
237.40
241.52
246.40
253.80
247.12
241.60
248.12
257.52
248.92
244.32
257.20
248.40
244.80
236.92
238.60
221.52
232.80
235.20
237.20
238.40
238.00
275.40
251.12
249.32
255.80
253.52
252.72
250.52
261.40
288.72
248.12
248.12
228.32
232.00
235.32
256.00
309.00
224.12
234.80
242.20
235.60
240.20
246.52
235.32
240.80
274.92
276.72
253.20
245.12
253.00
245.92
254.12
250.20
248.12
223.40
237.52
235.60
237.20
237.92
249.00
252.60
236.52
260.60
293.20
248.92
236.72
244.80
249.20
266.72
286.40
279.20
256.52
248.72
240.00
256.20
243.00
229.32
242.12
240.40
239.12
238.60
245.80
264.40
246.40
243.12
266.00
241.40
245.80
244.80
248.20
246.32
246.52
239.12
228.00
234.60
241.40
243.52
244.20
251.80
250.80
239.32
250.12
257.72
277.32
232.60
249.60
251.40
278.52
259.12
250.12
267.80
258.20
249.92
244.00
235.80
232.12
231.92
236.80
237.72
256.32
269.52
278.72
271.92
274.60
307.72
257.60
261.92
284.92
282.00
313.92
262.60
285.80
284.92
247.60
245.40
252.32
241.20
236.00
245.12
244.40
242.20
260.52
253.72
223.92
266.72
253.00
277.32
254.92
251.32
287.20
257.00
257.92
256.20
247.80
245.52
255.12
271.72
349.72
347.60
364.52
347.60
290.00
256.12
272.80
266.40
250.00
316.52
260.20
245.12
233.60
234.80
255.92
262.40
239.80
245.52
240.40
262.52
252.12
255.32
260.12
252.00
251.80
238.00
249.12
249.40
271.80
243.40
227.20
244.12
249.60
254.92
258.40
248.40
236.40
254.12
255.72
289.40
266.00
264.72
287.92
311.12
271.92
265.12
268.92
255.72
274.32
252.60
257.32
252.72
247.12
268.00
251.12
246.40
298.80
248.60
240.80
259.72
247.00
309.80
246.80
255.40
259.60
254.72
257.60
269.72
248.20
231.20
249.72
247.00
245.80
246.60
255.40
219.00
304.52
287.52
267.00
253.72
249.52
254.32
252.00
250.92
240.32
242.72
244.32
247.72
244.52
243.92
235.12
230.32
240.52
233.32
241.92
252.80
264.60
213.92
239.60
250.00
273.20
253.32
258.60
253.72
248.12
247.60
251.92
246.00
240.00
228.00
239.20
286.12
233.92
230.92
243.12
231.12
232.20
257.72
242.52
238.72
245.52
249.32
257.32
245.32
250.92
259.92
242.40
249.12
255.92
237.52
237.92
235.72
231.60
238.32
242.00
241.32
207.32
232.32
263.52
290.92
338.52
280.40
290.00
270.00
277.92
322.12
303.80
297.72
309.32
264.80
287.92
266.40
235.40
238.40
240.80
247.00
257.60
234.92
224.40
248.12
248.52
249.80
245.12
248.52
254.52
246.32
247.92
249.52
247.20
234.20
231.12
232.00
235.40
233.92
237.80
230.60
239.60
240.20
256.60
283.32
318.52
249.52
241.92
244.12
243.32
239.20
233.12
249.32
254.92
273.12
249.72
247.00
257.92
249.20
253.52
254.20
247.20
234.60
245.72
253.92
243.92
240.12
241.12
260.80
243.60
244.20
248.40
244.32
224.32
237.00
236.32
234.40
306.80
295.00
313.40
296.32
241.00
264.00
252.00
267.72
281.20
264.40
250.60
265.32
299.72
224.12
240.32
253.80
304.32
251.92
255.60
241.80
258.80
245.00
259.00
241.80
247.72
260.00
266.40
264.40
259.92
252.12
268.60
255.80
267.72
253.20
244.92
260.52
356.12
357.52
300.32
306.80
315.12
373.92
260.00
267.80
251.80
274.32
262.72
254.52
250.20
271.72
306.80
266.52
235.20
254.12
270.52
302.32
258.40
302.72
295.52
280.00
287.52
296.60
271.80
288.20
280.72
278.92
298.80
292.32
290.00
296.00
352.20
293.60
269.92
295.60
246.00
299.72
287.40
312.92
300.72
287.32
309.72
278.20
322.60
305.72
289.52
270.32
281.52
285.52
292.80
314.12
273.32
300.40
271.72
290.52
281.00
300.52
312.12
290.12
281.20
309.72
281.20
288.80
298.52
305.40
335.32
302.12
302.12
270.72
268.60
274.00
258.60
272.80
260.80
266.32
263.20
286.72
275.92
267.32
254.00
275.60
267.52
277.72
290.40
258.52
285.92
273.92
283.40
286.52
268.52
259.52
269.12
275.52
289.52
272.12
267.60
256.00
259.80
2