Measuring voltage and current with INA219 ...
253.12
265.80
267.40
253.60
273.80
256.20
257.72
269.20
252.60
243.00
263.12
262.20
276.12
264.80
252.60
252.00
280.00
280.92
277.40
258.00
273.00
263.12
261.72
309.40
306.80
255.40
283.32
273.80
259.60
276.12
253.20
257.52
252.52
247.20
244.52
281.80
276.60
246.92
261.92
264.12
262.40
268.20
264.00
281.60
259.60
275.00
277.40
264.80
276.80
281.72
306.60
302.52
263.72
264.32
276.52
267.20
265.00
274.00
267.52
240.20
251.92
255.12
271.12
264.72
257.52
273.92
253.80
261.12
279.72
252.60
265.00
268.12
256.40
252.32
265.92
252.80
268.00
257.72
256.32
260.80
251.00
248.32
251.00
251.20
274.60
317.92
257.12
244.40
263.40
254.32
290.52
264.40
262.40
298.60
267.52
264.72
282.00
376.60
354.92
335.80
257.80
283.72
259.20
260.20
260.20
251.32
260.00
260.80
244.20
244.52
253.72
245.12
279.52
256.32
242.80
269.72
246.52
262.60
268.40
367.32
295.20
251.60
242.20
248.40
257.80
249.92
243.40
265.60
256.32
270.80
247.12
255.00
249.72
243.00
250.72
312.40
311.40
296.20
334.60
390.20
374.72
369.40
391.80
409.80
470.60
474.92
472.80
471.00
446.40
398.12
388.00
454.60
453.92
458.80
456.12
460.32
469.52
453.60
455.40
461.52
355.72
353.52
481.72
507.80
355.20
375.72
345.92
371.12
430.60
355.72
352.92
520.12
371.72
451.00
332.52
331.32
348.52
330.00
349.32
392.92
321.72
314.80
331.52
335.12
395.32
334.32
312.72
339.12
314.92
312.12
506.52
314.60
314.52
307.40
317.40
348.92
338.32
320.20
312.32
313.12
319.80
398.00
320.60
373.80
348.60
328.80
323.40
400.80
345.00
299.60
297.92
317.60
403.52
315.52
311.60
300.32
302.60
317.60
365.00
296.20
288.92
339.80
251.40
300.80
258.32
247.12
263.92
246.80
254.80
351.52
272.80
255.32
253.20
254.32
286.92
317.40
251.20
249.52
266.32
262.00
263.32
253.20
256.60
270.40
258.32
259.72
249.12
252.12
247.52
249.92
248.80
273.80
252.12
248.40
251.52
285.72
276.40
258.40
259.52
239.52
236.80
250.00
262.72
256.32
257.20
259.60
253.32
244.32
240.60
239.60
245.72
238.32
240.72
219.40
227.20
233.60
245.20
238.40
241.80
234.00
231.80
225.92
226.72
237.32
238.00
236.60
245.40
300.60
253.52
249.12
269.92
237.32
231.00
224.72
237.12
243.80
229.32
231.92
225.60
223.32
231.52
250.32
230.60
238.52
233.12
233.40
232.72
230.00
233.92
232.80
237.52
238.80
227.32
235.40
248.52
257.60
236.52
237.60
241.32
235.20
217.52
276.52
238.20
259.80
275.12
234.72
227.00
230.20
238.52
249.72
237.52
236.20
242.72
233.52
233.20
237.52
235.60
275.20
241.40
234.20
252.00
238.20
248.32
246.60
248.32
248.00
244.80
249.60
236.60
246.12
249.52
242.12
253.00
246.40
261.20
249.12
249.40
267.72
316.20
239.52
246.60
250.00
269.20
246.80
245.20
238.92
236.40
248.32
324.72
278.92
312.52
295.92
264.20
265.32
257.92
261.20
264.92
241.12
241.80
256.92
245.72
257.32
236.80
257.40
258.52
262.20
241.52
243.40
256.20
250.52
259.80
277.60
297.52
253.00
330.00
303.32
320.72
333.92
345.32
288.72
268.52
305.92
263.40
262.32
275.12
275.60
275.92
271.12
280.40
274.00
270.00
262.40
277.72
314.12
272.92
302.40
287.20
297.20
271.12
301.80
268.12
307.32
295.40
281.60
275.60
334.92
376.40
283.92
300.32
282.92
277.32
269.40
262.80
266.60
252.92
266.12
261.60
282.52
280.92
279.92
278.00
259.20
277.52
261.80
302.32
244.12
274.32
260.72
269.32
248.00
278.00
295.12
279.80
264.12
304.80
280.60
250.52
260.80
253.60
309.20
281.72
333.00
260.92
286.72
254.60
281.40
271.92
277.40
258.72
263.92
253.60
288.72
264.92
292.00
408.80
269.52
283.92
252.92
278.92
282.60
304.00
259.60
264.32
266.72
265.52
282.32
324.32
284.80
269.80
270.00
286.12
257.00
274.52
276.52
291.20
297.12
323.00
259.00
257.80
269.20
269.00
256.52
294.40
264.40
262.92
273.12
246.40
258.52
250.00
267.92
249.32
254.00
273.52
238.72
264.80
275.12
262.92
265.40
318.00
259.92
247.60
231.20
281.60
269.12
275.80
283.92
293.32
254.72
274.00
298.52
250.52
245.60
245.92
249.32
256.80
244.00
237.32
289.52
299.92
253.52
321.20
254.92
262.72
305.52
258.92
257.92
251.80
254.12
233.92
245.12
246.20
334.40
257.12
242.80
242.40
283.80
277.80
272.60
290.80
292.92
258.00
285.40
344.00
291.92
271.00
275.40
317.52
308.12
315.52
305.60
413.60
328.00
316.92
257.80
279.12
278.12
294.20
277.12
278.80
269.40
261.12
241.80
253.12
257.60
265.92
254.92
256.12
245.72
255.32
258.72
275.72
256.00
268.60
259.72
264.40
273.40
292.92
336.00
284.72
265.20
275.52
282.12
270.52
264.80
259.60
257.52
257.12
251.52
248.00
238.00
232.12
240.72
230.72
241.00
240.60
249.52
239.12
243.40
245.40
239.40
234.00
298.92
292.40
255.80
244.92
254.12
270.32
262.80
259.92
266.80
275.12
294.00
238.20
246.80
236.52
246.80
248.12
238.60
255.00
254.12
274.12
248.92
254.60
251.20
330.72
265.60
245.20
248.80
261.20
246.60
262.52
262.00
288.80
264.72
259.92
254.20
248.00
246.80
243.52
230.12
238.52
235.60
256.60
232.52
236.60
297.32
234.80
239.40
234.00
231.80
224.40
224.60
230.72
256.92
233.40
243.32
224.80
246.00
246.00
257.32
248.80
230.40
233.40
236.60
224.32
237.32
229.52
248.52
229.60
234.92
255.60
223.72
224.40
222.40
223.00
224.12
221.40
224.12
217.20
270.40
225.92
241.80
226.40
229.00
242.32
273.20
238.00
232.60
234.12
224.20
232.72
222.52
240.92
225.52
226.20
247.40
224.20
228.12
239.32
228.12
220.12
220.12
223.32
227.12
248.72
234.40
249.40
238.20
247.00
242.92
240.20
241.32
251.72
283.80
253.20
239.92
232.60
241.12
239.52
233.80
242.40
231.12
223.92
228.40
236.20
226.72
224.80
232.12
224.32
226.52
230.40
247.20
227.12
233.40
224.32
226.60
230.32
229.20
230.40
215.52
217.92
223.12
218.00
225.52
224.80
232.80
238.52
252.80
230.80
227.12
224.00
224.60
224.12
221.92
229.60
228.20
254.92
228.72
242.80
233.20
239.32
217.40
219.00
227.00
220.00
225.00
226.92
208.60
226.20
251.00
244.92
223.20
223.12
223.92
223.92
218.80
222.92
222.12
220.12
221.00
245.92
243.32
284.52
284.32
236.80
229.80
231.12
230.12
228.00
214.40
228.80
225.00
208.80
223.12
229.72
233.40
223.32
233.60
237.32
228.12
233.92
286.92
295.80
330.00
346.20
319.00
226.20
329.60
279.12
315.52
259.72
262.00
258.00
246.20
241.52
308.80
275.00
250.52
231.80
231.52
251.72
259.52
239.32
245.40
242.72
246.80
237.92
241.92
227.12
239.20
235.20
258.12
236.52
227.32
232.72
228.72
232.60
232.60
260.60
235.00
227.60
231.60
250.12
233.72
233.20
227.80
227.80
233.40
235.00
236.92
276.00
224.80
290.20
222.60
230.92
241.72
266.40
245.40
251.40
254.80
227.32
227.12
236.00
234.40
236.00
234.80
236.12
245.00
236.72
240.60
247.92
229.92
220.92
236.32
229.60
228.72
231.32
239.32
221.60
228.80
228.80
248.40
229.60
243.92
274.12
231.60
230.52
235.00
239.72
227.92
230.40
233.00
228.80
241.32
237.32
244.20
233.00
229.32
231.92
233.20
230.00
227.00
229.92
223.60
228.92
266.12
279.00
237.72
251.12
242.52
239.40
229.40
233.00
240.32
244.92
249.12
244.60
235.40
303.12
245.20
257.92
249.00
249.12
244.12
306.40
238.72
244.20
247.40
244.60
245.32
246.20
251.00
249.92
238.20
252.72
233.60
276.40
229.60
234.32
218.60
229.40
235.40
223.12
236.40
235.92
243.60
237.72
245.00
238.92
243.12
236.60
237.32
274.60
244.92
229.72
231.20
241.00
236.60
242.60
246.32
231.80
223.00
222.92
230.32
215.52
255.20
233.92
238.00
237.32
282.32
294.60
262.52
256.12
262.60
242.60
254.60
249.72
278.00
249.80
238.32
240.32
227.00
237.20
239.12
249.72
246.52
256.72
250.32
244.60
231.00
239.80
245.00
258.72
241.20
240.00
252.92
237.92
243.20
251.12
246.32
249.60
245.20
301.92
243.72
243.12
246.12
255.20
243.72
240.52
257.32
249.92
247.32
262.80
266.12
235.32
267.40
271.12
263.80
250.32
274.72
316.40
266.72
244.72
252.32
246.20
243.12
246.40
247.12
218.40
231.52
229.00
250.00
232.52
230.60
236.32
230.60
244.20
233.72
234.20
255.12
230.60
229.32
232.60
230.92
233.92
255.60
237.72
230.72
235.60
237.72
233.92
229.60
240.60
245.52
247.60
281.80
245.72
231.60
244.72
235.00
231.12
227.60
231.92
230.20
231.60
229.80
229.92
227.60
234.92
231.20
247.60
229.92
226.60
222.52
234.00
234.72
244.32
235.92
233.40
237.80
234.32
245.40
232.00
237.00
232.80
233.12
232.00
261.32
244.12
268.52
231.60
249.52
217.52
227.92
233.92
239.60
229.72
236.92
241.32
233.32
221.92
235.80
236.40
254.52
236.60
248.20
256.52
247.40
243.00
259.72
244.32
233.52
238.00
244.32
228.32
244.00
237.72
224.32
241.92
237.40
257.92
237.40
258.92
294.60
318.92
247.80
235.52
248.32
255.12
244.40
249.00
244.60
248.72
240.12
252.32
241.12
238.12
230.00
243.72
213.80
231.32
228.92
250.52
229.32
232.32
242.52
231.92
237.20
242.40
237.60
233.92
237.72
234.80
243.80
239.80
237.52
261.40
282.80
238.20
249.72
230.40
224.32
223.92
228.72
225.60
229.92
230.72
236.60
230.60
237.52
236.40
230.20
236.92
264.00
234.52
239.80
234.40
243.92
236.80
236.00
233.20
253.12
234.92
256.92
251.32
240.00
238.60
285.52
244.92
230.40
234.32
270.60
261.20
246.20
231.92
237.52
228.92
234.60
246.00
231.12
226.92
232.20
236.32
225.80
230.92
245.80
249.72
247.12
258.12
249.00
245.92
241.80
247.00
238.20
238.32
236.00
236.12
242.60
245.32
254.40
256.80
240.32
228.20
228.32
242.32
294.32
248.40
248.00
284.40
298.40
321.12
334.92
279.40
233.40
237.32
234.72
238.00
226.32
230.32
222.40
225.72
225.20
213.92
226.60
232.52
243.00
228.00
229.40
226.92
235.72
213.32
226.00
227.12
234.52
228.12
232.32
239.60
228.92
245.00
257.52
241.92
225.20
226.52
230.40
212.00
233.00
228.00
211.60
279.60
227.32
255.72
238.00
223.52
222.32
232.80
229.72
223.72
230.92
240.92
228.80
236.00
229.52
233.20
232.00
248.80
235.40
231.92
236.92
233.72
218.00
226.40
226.52
223.80
234.00
278.80
240.00
229.72
236.92
243.20
232.32
234.52
234.32
230.80
227.20
237.80
245.00
247.32
251.00
248.40
268.00
248.00
241.80
240.00
247.80
237.60
242.20
241.80
246.52
247.20
249.20
250.12
243.52
249.20
254.40
246.40
248.20
244.32
275.60
301.80
245.32
238.12
256.12
238.52
237.20
255.20
242.00
241.32
236.00
245.32
220.32
232.92
235.20
235.20
229.20
238.52
238.60
230.52
229.60
250.20
229.80
224.60
228.00
231.40
216.00
288.12
242.60
245.92
228.92
249.32
232.60
230.00
242.00
279.20
236.12
237.72
236.92
239.92
258.72
239.92
250.60
268.40
232.12
224.72
228.52
230.00
233.12
231.40
231.20
222.92
286.20
233.20
247.60
237.92
231.72
230.60
231.72
232.12
242.72
236.12
235.20
234.52
229.72
227.72
232.60
234.12
251.52
276.60
268.20
237.92
229.32
211.72
221.12
228.80
229.20
224.92
240.12
251.20
242.12
250.00
249.12
242.80
235.40
237.72
237.92
240.00
241.92
242.12
242.60
240.72
244.72
262.60
242.92
231.92
234.00
234.20
231.60
230.20
243.20
229.92
279.60
275.52
250.80
302.32
245.00
238.00
227.12
229.00
227.40
280.52
231.80
233.32
233.12
227.80
235.40
234.40
243.12
237.12
239.72
241.20
235.52
224.12
231.80
229.80
227.40
232.20
230.60
229.72
233.80
231.12
246.20
229.00
226.92
230.00
249.52
263.40
299.60
234.52
244.52
233.92
237.00
244.72
234.80
233.12
239.12
242.80
234.92
232.92
228.72
236.52
228.60
227.92
249.80
226.32
230.92
245.72
232.00
234.52
236.92
230.92
213.80
229.60
231.00
241.80
233.12
234.40
240.00
233.20
255.80
257.60
251.32
235.92
238.20
234.52
212.00
232.52
235.72
265.72
273.00
303.52
282.12
248.52
235.20
267.40
238.80
263.60
242.80
266.20
254.92
246.20
240.72
282.32
282.52
249.72
286.20
249.72
250.92
249.20
243.72
263.12
244.92
242.72
265.72
263.32
244.80
239.92
233.40
242.80
233.92
230.72
218.80
229.72
227.92
232.92
229.60
231.92
244.80
228.32
235.80
235.12
234.00
231.72
234.52
255.72
253.12
237.32
234.00
240.12
228.40
245.20
235.60
227.52
219.12
264.40
262.20
257.12
259.92
309.32
279.80
234.32
235.20
253.00
236.00
223.52
235.12
235.12
231.40
238.20
256.20
218.80
233.92
237.52
248.00
241.00
243.20
256.40
241.32
2