Measuring voltage and current with INA219 ...
283.52
252.60
259.00
294.20
257.72
267.20
279.92
250.60
248.00
274.72
256.40
280.80
262.32
257.60
320.92
315.20
309.52
311.32
265.80
292.80
335.92
284.52
299.32
285.12
277.60
297.40
268.00
273.80
283.72
263.00
249.32
266.32
253.60
279.20
280.60
236.80
268.20
262.40
253.20
317.20
260.60
280.72
277.60
259.32
280.20
268.52
255.52
296.40
304.52
267.40
292.80
281.80
261.12
281.32
260.60
262.00
275.12
251.80
255.00
367.72
277.40
289.20
283.60
262.00
316.52
261.12
284.32
326.32
343.40
315.92
317.12
274.92
270.60
276.92
264.52
324.60
384.20
257.72
295.40
257.00
322.80
290.52
282.32
306.92
294.72
267.00
292.52
288.60
278.52
315.20
278.40
275.80
343.20
277.60
287.40
293.40
281.80
349.20
293.20
275.80
324.12
300.80
312.72
310.60
275.60
282.40
290.60
260.60
296.00
293.00
278.12
294.92
291.20
271.92
310.00
281.72
281.80
294.60
296.40
279.40
309.92
295.72
313.60
308.12
296.00
317.40
314.52
302.92
325.92
306.52
284.20
284.52
271.92
297.92
343.52
333.40
354.72
406.72
373.60
446.20
414.72
403.40
453.72
457.12
453.32
376.52
431.72
466.32
441.60
386.60
453.40
555.40
529.92
555.52
553.32
552.92
553.52
548.12
541.60
542.00
360.32
371.40
435.00
388.00
401.60
365.92
350.92
445.12
350.80
512.20
444.80
414.92
416.12
428.12
408.00
456.92
419.60
379.60
379.60
352.40
330.80
395.52
345.72
346.60
328.00
327.60
428.12
390.52
315.72
320.20
304.40
346.00
389.92
321.12
322.32
317.20
306.00
380.12
334.80
321.92
335.32
316.32
311.12
426.52
319.72
306.12
304.52
290.72
343.92
389.00
307.00
329.20
316.92
315.40
381.00
309.92
308.00
348.72
294.40
321.12
428.72
330.92
321.00
330.12
329.92
439.80
333.12
278.00
269.20
259.20
291.60
325.92
253.60
256.40
256.52
233.20
357.40
345.12
301.00
280.40
252.12
268.20
333.52
257.92
259.52
259.92
252.40
261.80
261.72
273.92
281.00
277.72
270.72
276.40
275.72
267.20
285.32
249.20
278.40
264.32
265.80
282.32
253.52
248.12
315.00
261.20
256.92
257.40
245.72
252.12
254.80
264.72
321.52
266.32
245.32
272.00
254.40
282.80
270.00
248.72
258.20
254.20
251.80
265.80
246.12
241.60
321.20
246.80
241.80
272.20
239.12
237.60
281.80
275.40
270.60
291.92
255.12
260.72
244.52
247.20
300.20
273.32
293.60
298.12
295.40
311.20
305.60
323.72
351.12
300.92
288.92
313.40
268.12
241.60
262.12
245.32
242.92
241.60
255.32
297.52
326.40
259.32
274.52
253.52
254.00
262.40
257.32
257.32
291.20
258.32
247.20
243.32
247.40
253.32
241.40
239.12
313.00
240.12
237.60
241.40
249.12
291.12
241.00
239.60
238.00
234.00
218.32
256.80
250.52
251.12
266.80
255.60
254.60
253.60
254.92
254.12
256.12
244.60
233.32
244.20
263.60
272.20
244.52
237.00
239.72
240.12
238.80
239.72
233.32
236.00
236.40
244.92
255.92
246.20
266.12
310.32
245.52
239.20
239.60
257.12
223.52
246.60
239.20
245.12
240.20
264.80
253.40
239.92
235.32
242.40
234.00
241.32
232.20
235.72
242.12
234.72
231.12
225.52
237.52
230.40
254.32
231.40
229.72
288.20
232.80
238.32
237.92
243.72
263.80
283.60
234.92
253.00
235.92
227.92
247.32
233.40
236.20
233.20
255.12
227.32
256.80
247.40
254.00
248.60
245.40
291.60
248.52
246.80
250.32
246.00
217.72
228.60
236.92
252.12
238.20
234.00
236.20
236.72
238.60
255.40
235.00
226.32
238.12
280.72
233.32
229.40
228.72
254.72
251.92
241.80
260.20
236.40
233.40
252.12
244.40
251.20
246.80
228.20
243.12
293.20
250.52
261.60
252.52
323.72
261.12
241.72
243.92
244.92
243.40
231.12
235.20
238.72
262.32
230.20
231.12
233.92
236.52
273.40
292.00
229.72
226.80
231.92
235.52
236.00
231.40
274.32
292.92
259.40
242.20
251.12
232.20
263.32
239.52
238.80
241.40
231.92
216.52
245.92
232.32
237.72
244.40
226.92
234.00
244.32
230.12
230.00
281.60
225.12
214.92
241.20
242.80
298.20
239.20
253.32
241.40
236.40
237.20
247.52
231.12
233.52
246.92
250.52
257.40
244.12
232.52
256.72
252.32
247.52
246.20
243.52
223.60
229.72
239.20
232.52
229.80
222.52
252.60
231.12
289.20
281.40
259.52
255.52
308.20
269.92
271.60
277.72
265.80
313.40
258.00
270.52
257.60
276.32
254.52
256.60
262.32
241.72
276.00
240.72
249.00
247.20
252.40
258.00
284.60
242.92
278.12
248.60
260.72
256.20
228.60
241.60
294.20
288.60
238.80
279.72
240.32
282.20
260.92
249.72
247.40
264.00
315.60
251.40
256.80
263.12
271.20
225.40
263.00
267.72
264.72
287.72
261.40
254.20
263.72
267.20
238.20
276.72
248.20
287.40
237.00
311.12
316.80
316.52
307.20
315.80
265.80
256.20
239.72
218.52
259.20
243.00
265.52
257.52
256.80
266.40
311.92
243.60
252.92
257.52
236.60
234.32
283.00
259.72
294.80
272.60
264.72
311.72
275.92
287.80
287.40
276.52
287.72
262.00
308.92
287.80
286.12
269.52
290.12
284.52
282.72
305.52
267.40
270.80
275.12
301.92
359.80
267.32
248.40
304.12
318.40
274.12
277.80
257.60
259.52
281.52
322.40
259.32
259.32
263.00
242.92
255.52
255.80
283.92
255.92
251.32
257.60
260.52
261.20
263.92
246.72
255.92
255.92
256.32
284.12
258.40
250.80
268.60
252.20
252.32
250.92
246.52
241.32
258.00
293.40
245.20
244.20
246.92
264.32
242.00
243.32
251.92
240.80
240.40
247.92
249.20
254.92
262.12
243.20
250.40
249.52
258.60
280.52
241.92
236.72
241.52
239.00
240.52
240.32
227.20
223.80
238.00
236.60
259.12
239.72
238.60
242.40
246.52
321.92
271.32
239.12
239.60
259.72
260.20
261.20
269.92
253.00
274.92
251.52
255.32
254.52
246.40
244.80
228.60
235.40
242.20
246.72
229.00
262.20
252.52
268.00
260.52
244.52
241.20
239.52
242.52
240.00
250.20
240.40
234.00
244.60
261.60
318.72
251.00
254.32
247.32
231.52
235.00
232.60
208.00
236.80
229.20
232.92
237.00
234.60
212.60
241.60
226.40
227.32
228.40
223.20
222.00
226.12
234.72
257.52
232.20
227.00
250.12
232.60
233.80
238.32
225.52
225.20
232.00
248.80
240.40
271.00
226.20
238.72
220.80
219.80
245.52
218.72
216.32
221.52
221.20
222.00
223.12
211.72
244.20
237.92
238.20
251.20
230.72
236.00
271.72
246.92
227.32
224.52
210.20
209.00
233.80
220.32
240.32
221.40
215.32
240.80
232.20
225.20
230.20
224.60
242.00
247.12
293.60
256.60
236.72
275.40
309.12
291.52
238.40
255.80
238.20
222.00
229.12
229.92
229.72
235.60
227.40
272.72
245.00
236.12
232.52
223.80
238.92
240.32
239.12
231.80
251.32
207.00
228.00
231.92
239.72
267.92
234.72
254.92
247.00
245.20
228.40
230.40
220.60
215.40
222.20
226.52
246.00
220.60
227.80
223.40
223.60
222.72
222.20
206.00
212.72
220.12
221.80
225.92
221.00
209.20
241.20
222.12
222.40
226.92
219.12
219.32
227.80
225.72
229.40
225.40
222.52
245.80
271.72
223.80
240.12
222.00
221.80
268.80
238.20
245.60
246.52
247.92
232.20
246.40
249.32
271.72
245.40
241.72
249.40
252.32
304.52
253.32
242.12
263.60
258.52
255.20
265.52
253.40
248.52
268.00
272.92
248.32
246.20
248.80
235.80
271.80
317.80
320.52
253.52
252.60
274.32
255.92
249.00
252.32
249.32
228.20
240.80
246.60
260.32
259.52
252.72
258.20
259.40
257.80
280.00
248.92
250.32
247.12
254.20
251.92
244.60
243.72
262.40
247.52
249.40
273.92
246.60
245.72
254.60
250.00
300.60
241.52
220.12
232.72
244.52
245.00
271.00
246.52
235.52
271.52
246.80
233.80
240.52
237.72
234.52
234.40
237.72
258.00
238.32
233.80
245.00
237.32
238.52
266.00
242.32
239.92
250.32
253.40
248.40
242.20
241.92
269.60
263.32
287.00
306.00
269.80
265.20
299.60
243.12
258.20
294.60
235.60
251.80
246.20
272.92
260.00
245.92
237.32
244.60
253.60
253.20
253.72
257.80
243.32
261.40
245.72
275.92
255.60
243.12
247.60
240.20
247.00
244.00
229.12
239.60
249.52
251.00
260.00
282.00
240.60
303.20
318.80
317.32
336.20
326.52
271.92
262.92
255.12
247.00
273.40
272.80
274.80
245.60
249.32
271.32
237.52
231.00
236.12
243.92
240.80
240.92
224.60
227.52
248.72
246.60
266.40
242.20
240.20
245.40
234.92
237.52
238.60
271.80
261.60
238.52
238.80
256.00
240.12
232.60
251.00
240.00
246.60
233.80
217.72
232.00
230.40
233.12
280.60
239.12
225.20
252.72
234.92
238.52
235.92
264.92
226.60
232.52
240.20
249.12
240.80
218.72
235.92
237.40
239.80
260.92
251.80
245.52
263.32
233.20
232.72
228.72
225.20
249.92
245.20
256.00
254.60
230.80
233.32
251.92
234.40
231.72
231.20
211.72
224.80
240.00
230.92
257.32
237.72
223.00
255.12
238.80
241.00
248.20
231.72
238.00
243.52
243.00
267.52
246.00
241.32
265.40
290.60
240.32
264.00
234.72
220.72
230.60
230.52
235.52
243.72
228.00
264.12
250.12
266.52
287.20
250.20
254.12
248.60
267.92
247.00
243.32
235.32
246.12
239.60
246.40
247.40
229.32
227.60
250.12
231.40
229.60
281.80
218.32
216.12
233.52
277.20
251.72
224.32
226.60
235.80
234.00
236.00
239.72
220.60
227.92
231.32
237.20
259.92
226.00
214.72
241.20
232.92
229.40
230.12
238.20
240.12
231.80
227.20
230.72
229.32
224.92
245.40
227.72
226.52
243.00
221.80
246.12
247.12
253.20
277.52
236.92
218.72
215.12
229.00
231.80
248.32
222.80
225.20
228.80
229.52
227.80
226.20
221.40
223.80
224.92
228.60
244.80
226.72
233.00
244.80
230.12
231.52
236.40
233.52
227.52
245.40
247.80
242.60
239.52
228.72
252.00
244.12
244.40
290.80
243.80
237.52
237.92
241.60
251.60
242.00
232.20
248.20
241.40
241.80
288.72
246.60
285.32
249.20
245.00
246.60
248.80
251.00
242.72
248.52
253.00
276.12
244.80
322.80
254.00
279.00
243.20
249.52
234.40
256.32
259.32
261.92
269.52
290.80
314.12
287.80
253.60
254.80
258.00
252.32
258.00
256.52
261.00
288.12
259.12
258.72
270.52
259.20
263.20
264.72
250.92
244.20
257.80
265.72
286.12
257.00
285.32
267.60
245.40
252.40
270.60
242.40
243.60
247.00
245.00
247.72
247.32
274.60
271.20
251.92
254.00
265.32
251.92
240.60
259.00
252.80
256.00
246.00
227.32
259.60
248.40
243.12
267.32
239.60
239.92
246.60
243.72
250.12
250.20
232.80
247.20
256.00
259.60
267.60
298.60
256.12
274.60
257.52
271.12
276.72
272.72
345.32
341.72
251.72
246.32
254.52
246.80
276.80
255.20
259.80
257.92
234.40
243.52
256.00
241.40
248.52
240.60
223.20
232.52
241.32
249.32
274.40
243.80
242.20
246.72
234.32
239.40
247.32
240.32
244.80
238.80
235.52
253.60
232.32
245.52
255.60
259.12
235.52
234.32
214.92
222.00
233.60
233.80
239.20
254.92
218.12
256.72
234.20
247.92
243.72
239.52
237.00
235.60
241.92
247.40
247.12
246.00
241.00
237.92
236.52
264.60
227.32
224.20
230.72
233.60
235.12
253.40
227.12
233.32
243.80
286.60
263.40
235.20
240.52
246.32
238.72
233.92
235.32
279.52
242.52
231.32
234.72
238.72
239.12
222.80
250.80
234.80
238.12
238.60
2