Measuring voltage and current with INA219 ...
289.60
271.92
296.52
276.80
259.12
267.00
254.80
231.00
248.52
251.32
252.60
267.40
263.20
254.60
265.52
312.40
283.12
262.52
258.92
269.92
265.32
284.40
279.20
259.32
261.40
279.20
263.00
288.72
263.60
263.60
265.60
278.12
286.00
273.00
256.40
247.20
314.72
251.20
274.80
258.60
264.12
251.92
249.92
258.20
261.20
251.20
261.60
267.52
248.12
278.00
260.00
245.40
260.12
256.92
255.40
271.72
258.12
252.72
252.32
251.52
273.72
258.52
253.80
261.12
259.72
247.92
278.00
247.52
256.20
248.60
248.80
257.60
258.80
246.40
259.52
259.72
250.52
267.72
260.40
258.32
262.20
319.52
300.72
314.40
294.60
261.20
262.32
259.92
275.00
248.60
251.20
274.32
252.52
264.12
273.00
257.12
236.52
260.00
260.80
280.92
334.20
272.92
294.80
269.92
246.92
274.60
256.20
266.12
261.32
254.12
277.72
269.80
259.52
274.20
279.92
335.32
278.40
265.52
264.12
274.40
326.52
272.60
282.32
265.40
261.72
284.60
269.92
289.60
262.92
277.92
261.52
254.20
264.80
270.60
259.40
239.20
255.80
252.92
280.40
256.12
255.60
249.60
249.52
260.92
273.92
262.52
249.20
259.92
271.92
347.12
339.92
319.72
313.40
378.12
279.12
285.72
251.52
241.92
267.92
276.32
260.40
269.32
258.72
246.32
261.00
253.52
267.60
267.92
281.52
253.92
250.60
272.60
285.40
251.80
269.12
271.60
260.60
305.52
259.40
262.00
251.52
278.40
263.12
311.52
246.20
225.52
258.32
261.72
272.32
271.52
280.52
283.52
266.40
272.40
328.40
273.12
276.92
270.72
264.60
278.00
273.92
260.40
288.80
304.00
254.32
276.40
247.52
222.52
244.52
255.72
267.00
318.00
253.20
281.60
275.40
261.32
325.52
332.12
327.72
321.40
325.20
326.00
329.72
326.72
422.12
410.12
387.60
425.80
426.32
425.92
407.80
425.20
426.72
338.12
424.72
393.12
427.72
354.72
412.60
413.72
411.20
402.20
419.72
324.20
368.20
359.00
387.20
357.32
325.40
345.80
315.20
315.72
402.72
330.80
327.12
428.20
430.00
498.80
433.12
307.52
341.80
397.92
326.60
440.52
299.32
303.60
316.80
294.32
290.72
391.32
295.92
295.60
290.00
299.20
346.72
310.00
293.12
293.32
289.32
303.52
343.92
288.72
298.00
293.32
310.92
358.20
325.12
356.12
307.52
290.92
304.60
386.60
294.32
326.72
303.60
333.32
347.52
396.72
313.40
353.12
354.72
335.52
337.20
307.72
342.72
283.92
285.00
295.32
352.00
241.60
241.20
238.40
238.92
327.20
265.52
267.00
259.32
254.32
277.60
351.80
350.72
255.60
260.00
252.52
286.20
252.12
256.20
251.40
241.20
247.20
235.00
244.60
246.92
239.92
240.92
214.92
228.00
236.40
264.60
241.32
245.12
236.32
245.80
247.12
242.40
238.72
269.72
247.72
238.32
332.92
303.52
282.00
317.60
262.72
321.92
303.20
241.92
217.72
256.52
248.40
284.12
241.80
260.80
255.12
263.92
253.92
274.92
258.32
251.92
317.60
295.80
332.60
249.60
257.00
259.52
332.72
335.20
388.52
363.00
325.20
292.52
336.32
256.80
253.12
250.80
237.72
231.32
273.80
320.72
235.20
265.32
335.20
238.60
248.80
261.60
277.72
289.20
240.12
263.80
260.60
237.52
240.60
331.32
272.60
299.72
242.72
237.12
297.92
230.32
241.52
268.20
238.00
249.40
230.92
227.00
227.00
257.20
236.40
243.12
279.40
245.32
288.12
368.40
260.52
248.52
236.52
238.92
235.40
226.52
243.92
228.80
259.00
238.20
244.80
235.52
227.00
235.12
239.52
254.12
229.40
304.12
275.40
242.92
236.32
239.72
237.52
213.12
226.40
227.72
260.40
230.72
228.32
218.32
225.20
311.92
322.72
258.72
242.00
227.20
230.72
243.80
235.12
232.12
248.52
229.12
237.12
235.80
230.80
192.40
220.20
221.32
226.00
226.60
238.40
220.12
233.20
228.92
244.80
239.60
230.32
240.92
238.00
250.72
309.80
238.72
215.40
234.32
235.40
248.60
231.80
268.80
227.92
229.60
240.52
237.72
252.80
231.12
221.60
239.80
264.00
240.92
235.00
229.60
237.92
231.80
234.72
230.52
207.80
227.72
232.92
238.80
230.12
230.60
237.92
223.72
227.20
230.60
269.32
229.20
219.40
239.72
255.72
241.60
240.00
260.40
263.20
245.80
251.72
227.20
228.20
218.52
228.32
231.40
226.32
220.80
240.32
213.92
237.80
320.00
247.00
249.32
220.12
242.92
249.52
230.60
319.52
240.00
228.92
230.60
245.00
227.20
231.32
250.20
233.00
244.32
246.12
232.52
225.32
252.80
258.32
265.00
264.40
245.20
277.52
241.12
242.20
253.12
243.52
230.20
275.80
244.92
272.52
244.20
239.60
256.52
301.40
248.72
262.80
238.52
258.60
239.92
242.80
252.72
238.40
236.20
225.92
246.72
235.32
302.00
227.32
228.32
258.32
262.00
305.72
246.72
240.52
208.20
233.60
247.40
264.00
311.92
254.60
232.12
239.60
244.52
251.00
253.60
272.12
300.00
248.40
245.20
244.32
279.72
258.72
228.00
240.52
230.92
236.80
257.40
249.60
344.52
302.00
326.20
278.40
268.52
340.20
327.40
353.12
256.72
249.80
242.12
251.92
235.20
233.60
231.72
229.80
233.60
244.52
261.12
245.00
242.20
231.60
241.60
239.12
327.00
249.80
226.12
216.92
239.40
251.20
228.32
233.72
220.60
263.12
236.40
234.80
236.80
233.92
239.52
244.00
307.60
304.20
246.72
255.40
251.40
242.00
246.32
230.80
212.80
210.20
223.92
227.12
226.52
225.60
214.52
229.72
230.12
262.52
242.92
240.32
235.00
241.60
245.00
243.00
248.20
263.52
245.80
234.60
254.60
231.52
233.52
231.32
232.32
244.52
285.32
304.72
221.00
259.92
234.00
247.20
240.40
255.12
275.80
242.92
243.80
307.60
245.12
221.40
235.60
238.72
259.72
245.72
238.32
244.72
223.72
226.52
237.32
240.92
241.12
232.20
242.00
248.32
236.60
241.60
267.60
269.32
278.92
289.40
257.40
263.52
254.12
235.32
250.92
253.00
248.20
253.72
237.00
311.60
258.20
236.00
246.00
232.72
248.60
241.40
240.92
241.40
218.40
226.60
231.00
249.20
227.12
230.12
243.72
226.40
231.92
235.32
232.60
232.80
234.32
245.32
257.80
268.80
259.80
265.72
259.12
283.12
266.80
239.40
228.52
220.12
230.40
231.00
229.52
228.92
244.60
236.12
235.40
247.72
243.72
260.92
242.20
246.72
249.92
246.60
242.00
222.92
242.80
245.12
256.12
286.20
237.20
231.92
244.20
247.20
246.52
245.60
220.12
256.52
276.32
268.20
243.92
290.80
324.92
337.40
341.00
340.72
307.32
329.92
244.20
239.80
245.20
249.80
242.40
261.80
238.00
235.12
244.20
301.52
223.80
240.00
248.60
249.72
249.00
246.52
234.60
255.60
246.72
247.80
233.40
229.72
247.92
259.40
253.72
234.00
228.72
207.00
230.60
249.12
272.80
249.60
252.80
242.12
250.40
250.80
245.40
244.60
233.92
223.92
230.52
240.40
230.20
232.80
234.52
232.32
233.32
233.32
236.12
226.40
241.72
255.40
246.60
248.20
252.80
253.32
255.12
262.80
299.32
276.72
250.32
278.12
276.20
242.00
291.20
232.32
214.00
229.20
237.80
270.12
246.32
247.20
235.80
246.60
255.32
242.00
244.92
261.20
259.52
259.00
272.72
244.80
252.52
238.20
242.00
250.52
252.40
247.20
222.40
249.12
249.32
290.40
304.92
250.12
273.80
248.40
262.32
261.72
261.80
248.52
254.52
272.32
291.20
267.80
267.72
256.12
256.12
254.72
274.92
272.32
271.52
264.52
270.60
291.92
278.72
276.12
290.00
264.32
265.20
269.80
257.92
267.20
243.40
250.40
258.20
245.92
291.32
313.60
249.72
264.52
273.12
257.12
257.60
252.72
265.52
256.80
262.20
264.00
238.20
262.80
255.40
274.20
248.00
251.60
253.32
243.40
249.32
248.92
303.80
250.20
241.40
248.72
252.72
246.72
249.92
250.92
243.52
246.72
249.12
243.80
253.20
233.52
236.12
242.00
238.52
234.00
229.72
235.00
242.20
259.12
255.40
240.92
234.60
246.32
252.72
246.20
242.80
224.80
237.52
247.60
252.00
235.32
234.20
222.52
235.40
245.40
246.12
248.40
223.60
236.60
248.32
295.20
308.32
257.80
284.12
248.52
249.00
247.40
243.12
227.92
240.92
248.00
243.60
246.40
241.40
261.12
236.92
244.40
250.60
242.72
230.00
222.60
237.72
257.80
243.20
233.32
210.60
237.92
233.00
252.12
232.52
243.12
238.60
246.60
249.00
236.92
240.60
272.80
277.40
307.92
266.20
243.12
293.20
225.20
233.52
232.72
228.52
228.12
238.00
231.32
230.20
257.60
246.32
245.72
260.40
251.72
247.40
256.12
247.72
228.20
242.80
310.52
268.40
251.40
245.12
224.00
231.20
232.92
244.72
233.12
259.20
224.80
270.80
280.00
249.80
293.00
295.92
269.92
272.20
294.00
287.32
263.60
257.40
289.20
288.32
248.32
240.60
225.72
254.12
243.32
249.40
245.00
242.60
253.40
247.92
252.60
254.12
251.92
233.00
251.00
315.00
323.00
291.52
299.00
261.40
263.60
271.00
315.32
244.20
260.00
240.40
258.92
246.72
245.92
257.20
245.40
252.60
240.60
303.80
265.80
252.72
254.52
310.72
273.32
253.00
270.20
295.72
286.12
242.92
302.80
261.72
245.52
228.40
259.00
241.40
243.12
250.80
209.60
257.92
262.00
296.12
297.12
241.72
237.92
328.32
260.40
256.40
261.40
270.92
244.40
282.40
301.72
252.32
247.12
240.60
268.40
252.60
278.80
266.40
243.52
247.60
271.32
246.80
301.20
254.20
252.00
253.60
257.00
263.40
244.80
235.32
263.40
238.52
250.52
289.60
290.00
251.12
249.92
244.80
260.52
279.60
246.40
277.80
250.00
278.32
262.00
251.52
246.52
256.80
238.60
286.92
260.92
266.92
244.12
248.60
249.60
246.00
249.60
231.60
245.52
241.40
248.12
247.12
245.92
251.32
248.60
251.60
253.72
265.80
327.80
243.72
258.00
274.92
251.80
249.92
255.72
243.92
230.52
239.72
230.60
225.52
219.12
232.80
236.32
236.92
239.80
253.00
245.20
244.80
270.12
323.12
308.12
319.40
327.92
326.72
281.52
266.60
271.00
237.12
238.52
267.80
232.12
237.32
244.32
250.12
234.40
242.60
241.32
227.12
241.60
240.40
263.80
234.52
245.20
259.00
239.60
230.52
237.12
231.72
224.40
221.20
231.40
243.72
230.92
233.80
236.80
239.20
263.72
261.72
240.80
242.00
242.12
248.92
251.52
254.52
255.60
270.60
284.40
320.92
330.12
245.80
249.20
244.12
241.52
256.80
262.12
265.52
236.60
265.72
266.00
288.32
266.32
281.52
270.52
260.32
260.92
263.72
256.52
252.12
267.60
256.80
282.12
258.52
265.92
261.72
253.40
260.20
327.52
264.60
250.20
248.80
286.12
324.60
266.12
265.32
274.40
262.72
255.12
262.52
250.92
245.00
240.52
251.00
246.80
248.40
249.12
235.32
245.12
2