Measuring voltage and current with INA219 ...
752.92
752.80
753.40
753.00
753.00
752.52
752.80
752.72
753.20
752.92
752.72
753.12
753.20
752.60
753.12
753.00
751.92
752.52
752.92
752.40
753.00
753.00
751.92
752.80
751.72
752.32
752.60
753.20
752.80
752.32
752.80
752.12
752.20
755.12
752.52
752.00
752.80
752.40
752.92
752.32
753.12
752.32
752.40
753.00
752.92
752.40
752.00
753.12
752.32
752.80
752.60
753.12
752.60
753.00
752.20
752.40
753.32
752.72
752.52
752.52
752.72
751.80
753.00
751.60
752.40
752.32
752.72
752.40
752.80
752.72
752.72
751.40
752.52
752.80
752.80
752.72
752.40
752.80
753.32
752.32
752.60
752.32
752.92
753.12
752.52
752.40
752.72
752.60
754.20
753.32
751.92
752.52
752.80
752.52
752.92
752.72
752.92
753.00
752.40
752.32
753.00
752.92
753.20
752.72
752.52
752.72
752.72
752.12
753.12
752.60
753.12
753.20
752.72
753.00
752.92
752.72
753.00
752.52
753.20
752.60
752.80
752.32
753.20
752.32
752.92
753.00
753.32
753.12
752.80
752.40
753.32
752.80
752.72
751.20
752.60
752.60
752.40
752.92
753.40
753.20
752.92
752.60
753.00
752.00
751.20
752.72
753.72
752.72
752.32
752.80
751.20
753.32
752.80
752.32
752.40
753.12
752.72
753.40
752.60
752.72
752.60
751.72
753.32
752.60
752.92
752.52
752.80
753.52
752.60
752.80
752.92
753.20
752.52
753.52
752.92
753.20
753.20
753.12
753.52
752.80
752.40
752.40
752.40
752.52
753.00
752.40
753.00
752.00
753.20
753.00
753.12
752.92
752.60
753.40
753.20
753.32
752.52
752.52
752.00
753.12
753.20
752.60
753.40
753.12
752.72
753.00
752.40
753.32
752.52
752.32
753.80
753.60
752.92
753.40
754.32
753.40
753.52
753.52
752.72
753.32
754.72
753.20
753.20
752.72
752.92
751.92
754.00
752.72
753.20
751.92
753.00
753.12
753.72
752.92
752.00
752.80
752.80
753.40
754.12
752.92
753.12
753.12
746.00
757.60
753.32
753.12
760.72
761.20
753.72
744.32
753.12
752.52
744.32
754.60
759.92
762.20
762.60
745.72
753.52
752.20
750.32
748.80
753.40
757.80
750.20
753.72
745.72
753.92
761.52
752.00
752.52
753.00
752.92
752.72
760.92
752.80
753.00
753.00
753.20
762.12
744.40
752.60
754.60
762.12
753.52
744.92
752.32
752.72
753.00
752.52
752.72
762.00
745.32
753.00
744.80
744.32
753.32
752.92
754.32
747.40
761.52
752.72
753.00
752.60
745.52
752.72
752.92
752.72
763.00
753.12
752.92
752.92
752.80
753.32
753.12
753.00
753.20
752.72
745.12
758.92
757.92
752.80
753.12
744.80
752.80
760.72
753.20
752.92
750.40
753.20
753.32
753.20
752.92
753.32
753.00
753.00
753.00
753.20
753.12
753.52
753.32
752.32
752.00
753.20
752.52
752.60
744.72
759.00
747.72
753.32
754.80
752.32
752.80
752.72
752.92
753.00
752.80
751.52
752.72
749.40
744.72
752.92
744.60
761.52
752.12
753.00
752.60
751.40
760.20
761.92
752.40
753.52
744.72
753.72
760.60
752.32
744.32
754.80
752.40
753.00
754.60
752.80
762.40
752.52
752.40
760.12
752.40
752.40
752.60
753.20
761.32
744.40
752.32
753.32
753.20
761.20
751.72
762.40
752.12
753.60
752.80
749.12
754.12
752.80
752.80
753.32
752.40
761.40
751.52
752.20
744.12
761.32
752.60
744.52
745.00
744.52
760.32
753.20
753.12
752.60
753.00
753.40
752.72
760.92
760.32
752.80
754.40
752.92
759.00
753.20
752.00
752.32
752.20
760.32
753.52
751.92
751.20
753.40
753.00
753.00
744.52
752.60
751.12
752.20
752.00
752.12
751.40
753.32
750.40
744.12
759.72
752.52
752.60
758.60
753.20
753.20
752.80
752.72
752.32
752.80
752.80
752.92
744.60
743.80
759.92
760.92
749.92
752.80
755.60
750.20
746.40
758.32
752.32
744.20
752.40
752.40
752.92
753.80
751.80
752.32
761.32
751.92
752.60
760.20
752.52
760.60
761.12
752.60
752.60
752.32
754.12
752.52
750.92
753.12
760.40
753.32
751.40
761.20
760.80
752.92
743.80
752.92
753.52
752.72
753.20
752.40
752.52
752.40
752.72
752.60
752.72
752.72
752.92
753.40
747.60
752.60
752.72
752.72
752.80
752.72
752.12
751.12
752.60
753.52
743.40
750.80
761.12
753.00
752.52
752.00
752.72
753.00
748.80
752.52
752.92
752.92
744.80
752.60
762.00
761.20
751.92
752.52
751.92
749.12
753.12
752.80
753.20
753.32
752.72
752.32
752.32
753.20
753.00
752.32
752.60
753.00
752.92
752.52
752.12
752.00
752.52
752.80
752.92
752.20
752.32
753.12
752.92
753.00
753.00
752.72
752.72
752.72
752.40
753.20
753.20
752.40
752.72
752.60
753.12
752.80
753.20
753.40
753.32
753.00
752.72
752.92
752.12
751.92
752.92
753.12
752.60
752.72
753.00
752.40
752.80
752.60
752.20
752.40
753.12
753.20
752.52
753.00
752.80
753.20
752.80
752.52
752.40
753.40
753.32
753.00
752.92
752.72
752.40
752.92
753.20
752.80
752.40
753.20
752.72
752.72
752.40
753.12
752.40
752.40
752.40
752.80
753.40
752.60
752.60
752.12
752.12
752.12
760.52
752.32
760.00
748.12
753.12
752.52
753.12
752.00
752.92
753.20
761.32
752.12
752.20
760.40
759.80
746.80
761.32
752.60
756.40
760.12
761.40
761.60
753.12
751.60
752.92
758.52
753.72
752.40
753.20
752.92
752.92
752.80
752.92
753.92
752.60
752.72
753.00
752.52
752.12
753.12
752.92
753.20
752.32
752.92
752.52
753.60
752.72
752.52
752.52
753.60
752.92
743.40
747.40
752.60
760.52
753.32
753.20
761.52
752.92
752.40
752.92
752.80
752.72
753.12
753.00
751.72
753.12
753.00
753.12
752.40
752.92
753.00
752.92
753.12
753.12
753.12
753.60
752.72
752.72
752.80
752.52
752.80
753.40
752.92
752.80
753.00
752.72
753.00
753.40
753.52
753.00
752.72
753.00
753.52
753.12
752.00
752.92
752.72
753.00
753.20
753.20
760.80
752.80
743.92
753.72
760.00
760.92
752.60
753.40
753.52
752.92
753.20
752.80
752.52
752.32
752.40
752.32
752.60
752.72
753.00
752.60
752.80
752.52
752.72
752.80
752.72
752.92
752.12
752.92
752.92
752.80
753.00
752.80
752.80
753.00
753.00
752.80
752.92
752.40
752.52
752.92
752.60
752.92
752.60
752.72
753.12
753.20
753.12
753.00
752.60
752.72
752.32
752.80
752.92
752.72
752.52
752.92
752.40
752.72
753.40
753.12
752.52
753.12
752.32
752.60
752.00
753.00
753.60
752.32
752.52
752.80
752.72
752.72
752.40
752.72
744.52
760.72
749.60
753.20
752.80
753.72
753.92
752.72
752.52
753.20
760.92
752.72
752.52
752.72
752.80
750.80
757.40
753.92
754.00
753.20
753.60
753.12
745.80
761.60
753.12
754.92
745.00
754.60
743.12
752.00
751.60
761.92
760.92
753.40
752.52
752.32
752.00
753.92
751.52
752.92
752.32
752.72
752.80
753.00
753.60
752.72
745.20
754.72
760.80
744.60
752.80
761.72
753.12
752.92
744.40
752.60
752.20
752.52
752.40
752.12
752.40
752.92
753.00
752.00
753.40
752.40
752.60
751.92
753.00
752.20
752.92
752.72
752.80
752.72
753.40
753.92
752.80
752.40
753.40
752.80
753.20
752.52
751.92
758.20
753.00
752.52
752.60
754.12
751.92
752.80
753.12
752.32
752.32
752.40
751.92
752.72
753.00
752.32
751.20
753.20
752.40
753.20
753.20
752.60
752.80
752.20
753.00
751.52
752.40
752.80
752.72
752.12
753.52
752.80
752.40
751.32
751.72
753.00
753.12
753.60
753.00
752.60
752.72
752.52
748.72
752.60
753.00
754.12
753.40
752.72
753.12
751.32
751.80
753.00
753.00
753.12
746.40
753.72
759.20
747.72
754.12
760.60
752.52
752.92
750.80
752.40
752.32
753.32
751.80
752.72
752.12
752.80
752.52
751.32
753.20
752.32
752.00
752.60
752.32
751.40
752.52
752.12
752.80
752.20
753.00
752.60
752.40
752.40
753.32
752.60
753.60
752.72
752.60
752.12
752.52
751.60
752.00
752.92
752.72
751.92
752.92
752.40
752.40
752.52
752.92
751.80
753.12
753.12
752.80
752.32
752.60
752.80
752.40
752.60
752.72
752.72
752.12
752.20
752.32
751.92
753.00
752.52
752.72
753.12
753.20
752.00
752.20
753.12
752.72
752.20
752.12
752.32
752.80
752.60
752.60
752.92
752.80
752.92
752.40
752.72
752.72
752.12
752.52
751.92
752.80
752.12
752.72
752.80
752.52
753.12
752.52
752.32
752.80
751.80
752.80
752.80
753.20
752.60
752.32
752.80
753.00
752.00
752.72
753.00
752.20
752.52
753.20
752.52
753.12
752.32
752.32
751.80
753.00
752.40
752.40
753.12
752.80
752.72
752.32
752.12
753.12
752.60
753.32
752.60
752.40
753.00
752.52
752.92
752.52
752.52
752.72
752.80
752.72
753.12
752.72
752.72
753.32
753.12
752.12
752.92
752.52
752.32
752.80
752.72
753.12
752.80
752.80
752.80
752.72
753.20
752.80
753.32
752.60
752.20
752.92
752.80
752.92
752.52
752.40
752.80
752.92
753.20
752.72
753.20
753.20
752.80
752.80
752.52
753.00
753.40
752.92
752.92
752.80
753.52
753.40
752.72
753.00
753.12
752.32
753.00
752.80
753.40
753.52
753.32
753.12
753.32
753.40
753.00
753.32
752.80
753.00
752.92
753.00
753.00
753.20
753.32
753.00
752.92
752.52
752.92
752.60
752.72
752.92
752.80
752.32
752.60
753.52
752.92
752.60
753.12
752.72
752.60
752.72
753.00
753.52
753.00
752.72
752.60
752.72
752.80
752.80
753.20
753.00
753.12
752.40
752.80
752.12
753.32
753.12
752.40
752.92
752.92
752.40
753.20
753.32
753.32
752.72
752.60
752.92
752.72
753.12
752.32
752.32
753.00
752.92
752.40
752.92
752.60
752.80
752.72
753.40
752.72
753.20
753.12
752.32
753.00
752.52
753.00
753.00
753.12
752.52
753.40
752.92
752.52
753.12
753.12
752.72
753.12
752.72
752.80
752.52
752.52
752.72
753.32
752.80
752.80
752.32
752.92
752.52
752.72
753.12
753.12
752.52
752.92
752.92
753.32
752.40
752.40
752.52
752.60
752.60
752.92
753.40
752.60
752.80
752.60
752.40
752.60
752.60
752.40
753.32
753.12
752.72
752.72
752.80
753.12
752.80
752.60
752.52
752.52
752.80
753.20
753.12
752.40
752.52
752.92
753.20
752.80
752.52
753.00
753.00
752.92
752.72
752.92
752.72
752.92
752.92
752.72
752.52
752.80
752.80
752.60
753.32
753.40
753.32
753.00
752.60
752.72
752.72
752.80
752.60
752.92
752.92
753.12
752.92
753.12
752.72
753.00
753.00
753.32
753.00
752.92
752.80
752.72
753.32
752.92
753.00
752.92
752.80
752.72
752.52
752.72
752.80
752.72
753.00
752.80
752.92
753.32
752.72
752.80
753.40
753.20
752.60
752.72
752.52
753.52
752.80
753.32
752.80
752.52
752.12
752.12
752.52
752.92
752.80
752.92
752.60
752.40
752.52
753.12
752.92
753.12
752.92
752.80
752.72
752.60
753.12
752.40
753.00
753.12
752.52
752.80
753.20
752.40
752.72
753.00
753.32
753.12
752.60
752.60
752.52
752.32
752.72
752.92
752.40
752.60
752.80
752.32
752.72
752.60
753.40
753.32
753.20
752.60
753.00
753.20
753.12
752.92
752.80
752.72
752.52
753.20
752.80
753.52
752.32
752.80
752.72
752.92
752.32
753.60
753.20
752.60
753.32
752.80
752.72
753.12
752.32
752.92
752.72
753.00
753.00
752.52
752.72
752.92
752.72
752.32
753.00
752.72
752.80
753.40
752.92
753.00
752.80
753.40
752.60
752.72
752.60
752.32
752.92
753.52
752.72
753.20
753.12
752.60
753.00
753.00
753.00
752.72
752.92
752.80
752.60
753.12
752.60
753.60
753.40
752.72
752.40
753.00
753.12
753.00
752.40
752.92
752.92
753.12
752.72
752.80
752.80
752.72
752.80
752.92
752.80
751.92
752.52
752.60
752.72
753.12
753.00
753.12
753.20
752.52
752.72
753.00
753.00
752.60
752.60
752.72
752.92
753.12
753.00
752.80
752.32
752.52
752.80
752.60
753.12
752.92
753.20
752.20
753.00
753.20
752.72
753.12
752.92
754.00
752.80
753.12
752.52
752.92
752.00
752.52
752.40
752.72
752.52
753.00
752.72
752.80
752.80
753.12
752.80
752.80
752.52
752.60
753.12
753.20
752.92
753.52
753.60
752.60
753.32
752.92
752.40
752.32
753.12
753.12
752.80
752.80
752.40
752.92
752.92
753.32
752.52
753.00
752.52
752.80
752.92
752.72
752.72
752.60
753.12
753.00
753.20
752.80
752.12
752.52
753.12
753.12
753.20
753.00
752.80
753.12
752.72
752.80
752.92
753.00
752.92
752.72
752.60
752.60
752.92
752.60
752.40
753.00
752.60
752.00
752.60
752.40
753.00
752.80
753.00
753.20
753.60
753.20
753.00
753.00
752.80
752.80
753.12
753.20
752.80
753.20
753.12
753.52
752.92
752.92
752.52
752.40
753.20
752.72
753.60
752.92
753.00
753.72
753.20
752.72
753.00
752.60
752.72
753.00
753.12
753.40
752.52
754.32
752.80
752.40
753.12
753.12
752.92
753.40
752.72
752.72
753.00
753.00
752.92
753.00
752.80
753.52
753.32
753.00
753.40
7