Measuring voltage and current with INA219 ...
753.72
753.40
753.60
752.80
753.00
753.00
753.32
753.12
753.92
753.12
753.40
753.80
753.12
752.72
753.00
753.72
754.20
753.32
753.52
752.80
753.72
753.12
753.32
752.92
753.52
753.12
753.52
753.32
753.60
753.72
753.52
752.92
753.72
753.00
752.80
752.92
752.72
753.60
753.00
753.20
753.00
753.20
753.52
753.20
753.52
752.80
753.60
753.20
753.20
753.20
752.80
753.40
753.00
753.52
753.00
753.60
753.00
754.00
753.12
753.20
753.20
753.40
753.52
753.52
753.40
753.32
753.60
753.40
753.12
753.20
753.20
752.92
752.80
752.80
753.20
753.40
753.60
753.72
753.52
753.80
752.92
753.40
753.60
753.32
753.12
753.60
753.32
753.60
753.32
753.20
753.20
752.92
753.00
753.12
752.80
752.72
752.92
752.40
753.52
753.80
753.40
752.80
753.12
753.32
753.12
753.52
753.20
753.72
753.80
753.40
753.32
753.12
753.92
753.92
752.72
753.52
753.32
753.20
752.72
752.72
753.40
753.40
752.52
753.32
753.92
753.40
753.52
753.12
753.20
753.12
753.40
753.60
753.40
753.32
752.80
753.60
753.92
753.60
752.92
753.72
753.40
752.72
753.32
752.72
753.72
753.00
753.40
753.32
753.60
753.72
753.00
753.20
753.12
753.52
753.52
753.32
752.92
753.12
753.12
753.40
752.92
753.92
754.12
753.92
753.40
753.20
752.92
754.12
753.12
754.12
753.12
752.92
753.12
753.60
753.40
753.40
752.72
754.00
753.32
753.40
752.72
753.12
752.40
753.52
753.00
753.72
754.12
753.20
753.32
753.92
753.20
753.12
753.20
752.80
753.00
753.52
754.00
753.40
753.60
753.80
753.92
753.20
752.72
753.52
753.00
752.92
747.60
761.32
753.80
759.92
753.32
754.92
754.00
753.00
744.92
753.32
754.40
754.00
754.20
753.32
745.12
761.12
745.32
753.12
761.12
754.20
760.40
752.80
753.00
752.12
753.32
753.00
762.32
752.80
744.60
753.00
761.00
744.52
753.32
753.32
752.52
754.12
753.32
744.92
758.52
753.12
752.72
761.20
752.52
753.52
753.12
752.40
753.00
745.32
743.80
753.12
753.20
753.40
753.12
760.92
753.52
753.12
756.60
743.92
761.80
752.40
762.60
760.72
747.52
745.20
744.92
753.32
745.00
754.40
745.60
761.32
753.52
753.32
753.72
753.52
753.00
753.40
752.20
753.12
761.00
753.60
753.92
752.12
762.32
753.80
752.72
761.40
746.00
752.60
753.40
760.92
761.72
752.00
753.00
752.60
753.72
753.40
753.20
753.20
753.40
754.20
753.12
752.52
751.80
745.20
760.60
753.00
753.20
745.20
752.92
753.12
747.12
753.32
761.20
744.32
754.40
747.52
752.80
753.20
754.00
753.52
753.32
749.32
756.92
759.92
754.00
753.80
752.12
758.20
752.80
752.92
761.80
759.80
749.00
752.92
749.32
753.60
753.40
752.72
752.52
746.72
753.60
754.80
753.20
752.60
753.60
761.72
761.00
752.80
752.52
753.40
745.52
748.92
752.60
752.72
752.60
744.32
754.12
753.12
752.60
753.20
753.52
745.72
753.72
743.52
749.12
744.60
745.72
753.12
752.72
762.92
753.00
753.00
754.32
753.72
753.32
753.32
761.12
744.92
756.00
762.40
753.72
753.32
752.72
753.12
752.80
756.20
761.80
753.72
753.20
752.60
752.92
752.52
753.92
760.92
752.52
754.72
745.80
751.20
752.80
754.52
752.80
762.20
751.92
745.92
753.80
753.32
753.00
752.60
752.52
752.92
753.40
762.32
752.72
754.32
761.40
752.80
753.00
753.40
753.00
752.40
753.40
752.32
753.12
753.92
752.72
753.60
754.40
752.92
753.00
753.20
755.80
754.12
744.12
752.40
754.20
753.92
752.52
753.12
761.32
744.52
745.52
753.12
745.12
761.92
760.80
753.72
744.92
762.20
762.32
759.20
754.40
753.12
752.52
753.72
753.00
753.60
753.20
753.12
753.12
752.20
754.60
754.60
761.52
744.92
752.72
745.72
752.92
753.12
753.20
752.60
753.32
752.92
761.20
753.32
762.00
761.12
753.72
746.32
744.00
753.92
753.40
754.60
754.32
744.60
753.32
746.60
753.20
761.60
753.52
753.60
754.00
754.60
753.92
753.00
753.00
762.40
753.52
753.12
753.32
762.52
745.52
753.52
754.52
753.40
753.00
753.40
753.92
753.00
754.12
753.20
753.40
753.32
753.92
753.52
753.52
753.20
753.40
753.52
753.12
753.12
752.80
753.60
753.32
754.12
754.12
753.92
753.32
753.92
753.72
753.20
753.32
753.32
752.80
753.12
753.52
753.72
753.80
753.72
753.12
754.00
753.92
753.12
753.40
753.72
753.52
753.52
753.32
754.12
754.12
753.32
753.20
754.40
753.40
753.00
753.52
753.72
753.00
753.00
754.20
753.60
753.92
752.32
753.60
752.72
753.60
752.72
754.12
753.32
753.60
752.80
752.92
752.72
753.20
752.80
753.20
753.60
762.00
746.00
753.12
753.52
753.32
752.60
746.32
752.72
753.32
745.00
761.72
753.20
750.60
753.32
753.40
753.12
754.00
753.12
753.92
754.20
754.92
754.20
745.00
752.80
763.92
762.12
761.52
761.12
761.92
760.80
753.72
753.40
745.12
752.52
752.92
753.32
753.32
752.72
753.52
753.00
753.72
745.12
754.12
762.00
746.20
761.92
761.20
762.20
752.92
745.92
752.60
763.20
753.72
752.60
754.72
744.12
751.60
753.80
753.80
753.52
753.40
754.40
753.32
752.92
752.20
752.92
753.52
753.40
753.32
753.40
753.12
754.20
754.12
753.32
753.72
753.00
753.80
753.60
753.00
752.92
752.20
761.12
753.20
754.40
745.80
753.40
753.32
753.60
753.20
752.52
752.80
753.12
753.20
752.72
753.32
753.92
753.72
753.40
753.12
754.32
754.00
753.32
753.32
752.72
753.52
754.20
753.20
753.80
752.92
753.72
753.52
753.12
763.40
761.80
753.60
753.32
745.40
751.40
761.32
753.32
753.20
753.60
754.12
753.12
753.40
753.12
752.92
753.20
752.60
753.00
753.12
753.40
753.52
753.80
753.52
754.12
752.92
753.12
753.72
753.52
753.52
753.40
753.72
753.52
753.92
753.60
753.40
753.72
753.32
753.52
752.72
753.72
753.52
753.60
753.52
753.40
753.80
752.32
752.32
753.40
753.00
753.12
753.00
753.72
753.32
753.12
753.60
753.12
753.00
753.00
753.40
753.20
753.52
753.52
753.12
753.72
753.12
753.12
752.40
752.72
753.80
752.92
753.32
753.32
753.12
752.52
753.60
761.60
751.40
753.40
751.52
763.00
753.52
762.20
745.92
758.20
753.12
761.60
762.00
752.92
753.40
753.32
753.60
753.00
753.20
754.00
762.32
761.92
753.32
744.72
760.72
752.40
753.52
753.92
752.72
759.52
754.92
753.12
761.52
753.32
753.12
753.40
753.20
752.60
752.60
752.72
753.00
753.40
761.12
753.80
761.12
753.52
753.52
752.20
752.92
753.12
753.12
744.32
761.12
752.80
743.72
753.40
753.32
752.80
744.72
753.60
753.72
752.92
753.60
753.80
753.72
753.80
753.60
753.32
753.00
753.52
753.72
752.80
752.80
744.92
753.92
753.60
752.80
753.20
753.32
752.40
753.92
753.32
753.20
753.12
746.80
753.00
753.32
753.52
753.00
753.60
753.40
753.60
753.00
753.00
753.60
753.20
753.20
753.00
753.20
753.12
753.12
752.60
753.20
752.60
753.32
752.52
753.52
753.00
753.40
753.20
753.20
753.00
753.20
752.52
753.40
752.80
753.00
753.60
752.80
753.20
753.12
753.00
752.80
753.00
753.92
753.00
753.20
753.72
752.52
753.32
753.32
753.20
753.40
753.12
753.00
753.32
752.80
753.60
753.12
753.52
751.80
752.92
753.12
753.60
752.12
752.60
753.12
752.80
753.52
752.72
753.72
753.20
753.60
752.52
753.60
753.12
752.72
753.32
752.80
753.12
753.40
752.92
753.60
753.00
752.80
753.40
752.72
752.92
753.12
752.60
753.40
753.32
753.12
754.12
753.00
752.80
752.92
753.32
753.12
752.80
754.12
753.12
753.40
753.52
753.32
753.12
753.52
753.12
753.00
752.72
753.32
753.12
753.20
753.40
753.32
753.20
753.72
753.72
753.00
753.52
753.60
752.80
753.20
753.00
753.20
753.20
752.92
753.40
753.20
752.80
753.32
753.20
752.80
752.80
753.72
753.00
753.20
753.12
752.72
752.20
752.60
753.12
753.40
753.60
752.80
753.12
752.72
753.12
753.00
753.32
753.20
752.72
753.60
752.32
754.12
753.40
752.32
753.52
753.60
752.80
753.00
753.00
752.80
752.72
753.00
753.20
753.72
753.32
753.40
753.52
753.32
753.12
752.92
752.52
752.80
752.92
752.80
752.80
753.20
753.52
753.52
753.32
753.32
753.12
752.72
752.72
752.40
752.20
753.20
753.00
753.12
753.00
753.60
752.92
753.12
752.60
753.20
753.32
753.12
753.12
753.00
753.12
752.92
753.00
753.20
753.12
752.72
753.32
752.72
753.20
752.80
753.32
753.20
753.20
752.60
753.32
753.60
753.52
753.32
752.72
753.40
753.20
752.92
753.00
753.20
752.92
753.32
753.12
753.20
753.20
753.40
753.40
753.52
753.72
753.20
753.12
753.32
752.80
753.20
753.32
752.72
753.20
752.52
752.52
753.00
753.00
753.12
753.20
752.80
753.32
752.80
753.52
752.92
752.92
753.40
753.12
753.72
753.40
752.80
753.00
752.40
753.20
753.20
752.92
753.92
752.92
752.92
752.80
753.72
753.20
753.40
752.72
752.92
753.00
752.80
753.00
752.20
752.80
753.00
753.12
753.52
753.20
752.40
752.80
752.92
753.20
752.80
752.72
752.80
753.32
752.92
753.52
753.00
753.12
752.60
752.92
753.32
753.40
752.80
753.00
752.72
753.00
753.12
752.92
753.32
754.12
753.60
752.80
752.60
753.40
753.20
753.20
752.32
753.32
753.00
753.52
753.00
752.72
752.92
753.32
752.92
752.92
752.92
752.80
752.72
752.92
753.32
753.00
753.20
753.32
753.32
753.12
753.12
753.32
752.80
753.00
753.72
753.72
753.20
753.52
753.60
753.12
752.72
753.32
753.40
752.72
753.72
753.92
753.20
753.32
752.92
753.72
752.92
752.00
753.00
753.00
752.72
752.80
752.80
753.32
753.32
753.40
753.20
752.60
752.52
752.92
753.20
752.92
753.32
752.60
752.92
753.60
752.92
752.72
752.52
753.20
752.92
752.92
753.20
753.32
753.60
753.32
753.00
753.52
752.92
752.72
752.92
753.00
753.00
752.72
753.52
752.80
753.20
752.80
753.52
753.20
752.52
753.20
752.92
752.92
753.20
753.60
753.20
753.20
753.00
753.40
753.32
752.92
753.32
753.00
753.20
753.00
752.92
753.12
753.20
753.60
753.20
753.12
753.40
753.32
752.32
752.80
752.72
752.52
753.32
753.12
753.00
752.72
753.00
753.32
753.12
753.00
753.52
753.20
752.80
753.60
752.60
753.12
753.20
753.40
753.12
753.20
753.52
753.12
753.92
753.12
753.20
753.72
753.12
753.20
753.00
752.92
752.80
753.72
753.32
753.52
752.80
753.40
752.52
753.12
753.20
753.00
752.92
753.52
752.92
753.00
752.92
753.32
752.92
753.12
753.40
753.20
753.20
753.00
753.40
753.00
753.20
753.60
753.52
753.72
753.12
753.92
753.20
753.00
753.72
753.60
753.40
753.12
753.12
753.00
753.72
753.40
753.80
753.72
753.00
753.40
753.20
752.80
752.80
753.72
753.00
752.80
752.80
752.80
752.80
752.52
753.40
753.40
752.92
753.00
753.52
753.20
753.40
753.52
753.00
752.72
753.52
753.40
753.20
753.12
753.60
753.12
753.20
753.32
753.00
753.20
753.12
753.40
753.12
752.80
753.12
753.00
752.92
753.00
753.12
753.12
752.92
752.52
753.20
753.52
753.00
753.32
753.20
753.20
753.00
752.60
752.72
753.60
752.52
753.00
753.32
753.12
753.20
753.32
753.20
753.20
752.92
753.40
753.52
753.20
753.00
752.80
753.20
753.32
753.32
753.20
753.00
753.40
753.32
753.32
752.72
753.32
753.00
752.92
753.20
753.40
753.12
753.20
753.32
753.32
753.00
753.00
753.12
753.40
752.92
752.92
753.60
752.92
753.12
753.20
752.80
753.32
753.40
753.60
753.12
752.80
753.00
753.12
753.52
753.00
752.60
753.52
753.40
753.20
752.52
753.12
753.32
752.80
753.00
752.92
753.32
752.92
753.12
752.72
753.00
753.12
752.72
753.80
753.32
752.60
752.92
752.80
752.92
753.12
752.80
752.92
752.92
752.92
753.52
753.40
753.32
753.52
753.52
752.92
753.12
753.60
753.12
753.00
753.20
753.00
753.40
753.40
753.00
752.92
753.00
753.00
753.20
753.12
752.92
752.80
752.80
752.92
753.12
753.12
752.52
752.60
753.12
753.32
753.40
752.72
752.60
753.20
752.52
752.80
753.12
752.72
752.80
753.00
753.52
753.20
753.12
753.40
753.32
753.12
753.12
752.72
753.20
753.12
752.60
753.12
753.12
753.52
753.12
753.12
752.80
752.32
753.00
752.80
752.20
753.12
753.12
753.00
753.32
753.60
753.00
752.92
753.52
753.00
753.20
753.32
753.00
752.80
752.92
753.20
752.60
752.60
753.32
752.72
752.52
752.00
752.52
752.60
752.92
752.80
753.12
752.32
752.72
752.72
752.92
752.80
753.40
753.12
752.72
752.52
753.00
753.12
752.60
752.72
752.72
753.20
752.92
753.20
752.80
753.12
752.60
752.72
753.12
752.72
752.92
752.72
753.00
753.20
752.72
753.00
753.00
752.80
753.40
753.20
753.32
753.00
753.00
752.80
752.60
752.72
752.80
752.80
753.20
753.20
752.72
752.92
753.12
753.32
752.92
752.60
753.12
753.60
753.52
752.72
753.32
753.12
752.92
752.80
752.40
752.60
753.32
752.52
752.80
752.92
753.12
753.00
753.20
752.92
753.20
752.52
753.20
753.12
753.00
752.72
753.32
753.00
752.52
753.20
752.92
753.40
752.80
753.12
752.80
752.60
752.60
753.20
753.00
753.20
753.12
752.72
753.00
753.20
753.20
752.92
753.40
753.20
752.40
753.00
753.52
753.52
752.92
752.92
753.20
753.20
753.40
753.00
753.32
753.12
752.40
752.72
753.40
753.20
752.92
753.12
753.00
752.80
752.80
752.52
752.92
752.52
753.12
752.60
753.12
753.12
753.00
752.72
753.12
753.12
753.12
752.72
752.92
752.60
752.80
752.40
752.60
752.60
752.60
753.20
753.12
752.60
752.60
753.20
752.60
753.80
753.12
752.80
753.00
752.92
753.12
752.52
753.12
753.20
752.92
753.00
753.00
752.60
752.80
752.60
753.00
753.32
753.00
753.00
752.40
753.00
752.60
752.72
752.92
752.72
753.12
752.40
753.00
752.12
753.20
753.32
753.20
753.12
752.60
753.40
753.12
752.92
753.12
752.80
753.00
752.92
753.20
753.40
753.20
753.32
753.32
753.12
753.00
753.32
753.40
753.52
752.72
753.12
753.00
753.20
753.20
753.00
752.52
752.72
753.32
753.12
753.00
752.80
753.20
752.92
753.12
753.40
753.40
753.20
752.32
753.32
753.32
752.72
752.80
753.00
752.80
752.72
752.32
753.20
754.00
752.80
753.60
752.80
752.92
753.20
753.00
753.12
753.32
752.60
752.92
752.60
753.20
752.72
752.80
752.60
752.52
753.00
752.80
753.20
752.40
753.00
753.00
753.32
752.60
752.80
752.80
753.00
752.92
752.72
752.80
753.52
753.20
752.80
752.92
753.20
753.40
752.72
753.20
753.20
753.20
752.92
753.00
753.00
753.32
753.40
753.12
753.20
753.32
752.92
7