Measuring voltage and current with INA219 ...
606.40
607.12
605.80
606.40
606.52
605.40
606.20
606.12
599.32
605.92
606.32
606.60
605.80
599.60
606.00
606.32
606.80
605.92
613.32
606.40
606.60
605.92
606.52
605.80
605.92
605.92
606.40
599.40
606.12
606.12
606.32
606.60
605.92
606.72
604.72
606.40
606.00
606.12
606.00
606.00
612.60
599.40
605.80
606.32
606.32
606.20
606.32
612.60
605.92
605.32
606.12
606.52
599.20
606.40
606.20
606.60
605.92
612.80
606.40
606.40
606.12
606.52
599.40
604.60
609.12
606.52
606.52
599.80
606.00
606.20
612.72
606.72
612.92
605.92
606.32
612.60
599.52
612.80
605.80
606.12
605.92
606.00
606.40
605.92
606.00
599.60
606.60
606.20
605.92
606.32
606.12
606.40
606.12
606.32
606.12
606.52
599.92
613.32
599.40
606.52
606.20
606.32
606.60
606.12
606.60
606.12
605.80
606.20
606.00
605.92
606.12
606.12
605.92
605.80
606.32
605.60
606.60
606.00
606.12
606.40
605.72
606.00
606.20
606.00
606.00
605.92
606.00
606.52
606.20
606.40
606.32
612.52
606.60
605.92
605.60
606.12
606.40
606.60
606.00
606.12
606.12
606.00
605.72
606.32
606.20
606.40
606.20
605.92
606.00
605.80
606.40
606.20
606.40
606.00
606.12
606.52
606.60
605.92
606.12
606.00
613.20
606.32
606.40
606.20
605.92
605.92
606.12
605.92
606.20
606.20
605.80
606.40
606.40
606.32
606.40
606.12
606.32
606.20
606.32
605.60
605.80
605.80
606.20
605.92
605.80
607.20
605.80
606.40
606.20
606.32
606.32
607.12
606.40
606.40
606.32
606.40
606.40
605.80
606.12
606.12
606.20
606.80
605.92
606.40
607.00
606.20
606.92
606.52
606.80
606.52
606.60
606.20
606.00
606.12
606.32
606.72
605.80
606.40
606.00
606.52
606.32
605.80
606.32
606.32
606.92
605.80
606.52
606.60
606.20
606.40
607.20
606.92
606.52
606.00
606.40
607.32
606.72
605.92
606.72
606.32
606.00
606.00
606.00
606.92
606.32
606.40
606.32
605.60
606.72
604.80
607.12
606.20
605.52
606.20
607.00
605.92
604.40
607.20
606.00
607.20
607.40
606.80
606.40
605.92
604.80
604.60
606.12
606.52
606.40
607.80
605.52
606.12
605.40
607.92
607.12
605.80
605.20
605.32
604.92
606.32
605.92
606.80
606.92
606.52
606.72
605.52
605.52
606.00
605.92
605.20
607.52
605.80
607.80
607.40
606.12
606.52
606.40
605.40
606.40
608.00
605.80
606.40
606.72
606.52
605.80
606.92
606.52
606.60
606.32
607.32
605.52
607.60
607.32
606.40
606.72
604.92
606.00
606.92
606.00
606.12
606.52
606.60
606.52
606.72
606.12
606.40
606.60
606.12
606.60
607.00
606.60
606.32
607.20
606.20
606.32
606.72
605.60
606.40
606.40
606.12
607.32
606.60
606.92
607.72
606.80
606.72
605.92
607.12
607.60
605.20
606.72
606.20
605.20
605.92
605.72
606.52
606.40
605.92
606.52
606.32
605.40
607.52
606.00
605.60
606.72
606.52
605.40
606.20
607.40
606.32
605.60
607.00
607.20
606.60
607.52
606.92
606.12
606.20
606.40
606.60
604.60
606.60
606.72
607.20
607.12
605.72
605.92
607.12
606.20
607.00
606.20
605.32
608.72
605.92
606.00
606.72
607.40
605.52
606.00
605.20
606.40
604.40
606.72
607.72
603.80
607.20
608.20
606.72
606.60
608.80
606.40
605.60
606.32
607.12
608.80
605.00
606.00
607.20
606.60
604.40
606.60
605.40
606.80
608.20
605.72
605.72
608.00
607.52
606.52
606.60
606.80
606.72
607.20
607.00
607.00
606.20
606.72
606.40
606.40
606.52
606.40
606.40
605.72
606.80
607.20
605.32
605.60
607.32
607.20
607.80
606.80
606.32
604.80
606.60
606.12
606.12
606.72
605.40
603.92
606.52
606.00
606.12
606.40
605.52
605.72
606.00
605.40
605.92
605.92
608.20
606.20
606.32
606.52
604.32
606.40
605.80
606.12
605.72
608.72
607.40
607.20
607.20
606.00
606.00
606.00
608.12
607.52
607.40
607.00
605.60
606.20
606.80
606.32
606.20
606.12
607.40
605.40
605.92
608.12
605.40
605.92
603.52
605.72
606.40
605.80
606.92
606.40
606.12
606.32
606.40
605.72
606.80
606.40
606.00
606.80
606.52
606.60
605.72
606.32
604.80
605.80
607.92
606.20
606.80
606.12
606.00
608.12
604.92
605.60
606.20
606.40
605.72
606.40
606.72
605.60
605.92
606.32
605.92
607.00
606.40
606.40
606.72
606.52
606.12
606.60
606.32
606.40
606.40
606.72
606.92
606.52
606.60
606.80
606.20
606.20
606.20
605.92
606.40
606.32
606.60
606.32
606.20
606.32
606.40
606.80
606.12
606.20
605.80
606.12
606.20
605.80
605.72
606.12
606.52
606.00
606.40
606.60
606.40
606.12
606.40
606.52
606.20
606.52
606.32
606.80
605.72
606.12
605.72
606.52
606.80
606.40
606.12
606.60
606.60
606.32
606.52
607.12
606.92
606.52
606.20
606.52
606.32
606.32
606.60
606.80
606.32
605.72
605.00
606.52
606.20
606.52
605.40
605.92
606.72
606.00
607.12
606.32
606.12
606.72
604.92
606.00
606.52
606.00
606.12
606.40
605.20
605.00
605.12
606.32
605.32
607.52
606.52
607.52
606.52
606.60
607.92
606.72
606.80
605.52
605.60
606.20
606.92
608.72
605.12
606.20
605.92
606.40
606.72
606.72
605.20
607.72
607.80
606.32
605.40
606.40
606.32
606.52
605.12
605.92
606.20
605.92
606.12
606.92
606.72
606.72
606.52
605.80
606.12
606.60
605.80
606.12
606.52
606.32
605.72
606.12
606.32
606.12
606.72
606.12
606.32
607.32
606.32
606.00
606.20
606.00
606.60
606.20
606.40
606.20
606.40
606.12
605.60
606.52
607.52
606.40
605.60
605.52
606.00
606.60
605.60
605.80
606.40
605.72
606.72
605.92
606.72
606.12
606.40
606.40
606.40
606.20
606.32
606.32
606.12
606.00
606.00
606.60
606.80
606.40
606.32
606.20
606.60
606.12
606.32
606.72
605.92
606.80
606.00
606.20
606.72
606.60
605.72
606.40
606.00
606.32
606.40
606.60
606.12
605.92
606.52
606.40
606.40
606.40
606.80
606.20
607.00
606.72
607.12
606.92
606.20
605.72
606.20
606.72
606.32
606.00
606.20
606.32
605.92
606.32
606.40
607.32
606.32
605.80
606.52
606.00
607.32
606.72
606.20
606.52
605.92
605.92
606.00
606.52
606.12
607.12
605.92
605.80
605.60
606.32
605.40
606.72
608.00
605.92
606.12
608.32
608.20
607.00
606.12
605.92
605.00
605.20
605.60
606.00
606.52
605.12
606.40
606.60
605.12
607.20
606.12
605.72
606.32
605.92
607.52
606.92
606.32
606.40
606.32
607.72
605.92
606.12
606.40
607.60
606.92
608.72
606.60
607.60
606.72
607.60
607.00
605.92
605.20
607.00
606.52
606.52
605.80
605.60
606.12
606.92
607.00
606.52
607.12
606.40
606.32
605.40
606.60
607.12
605.52
607.32
606.00
606.32
603.72
606.92
608.40
605.40
606.60
607.80
606.40
606.52
606.32
606.20
606.12
607.12
605.40
606.52
606.60
606.60
606.60
607.32
605.52
606.80
606.72
606.72
606.40
607.12
607.80
606.52
606.32
606.12
605.20
606.60
608.00
607.40
605.12
606.40
606.92
606.40
606.20
608.80
605.60
604.20
608.72
604.80
606.52
606.52
606.12
605.92
606.12
606.32
606.32
606.52
606.80
607.52
606.32
606.60
606.92
606.72
605.12
606.80
604.80
606.72
606.12
606.12
606.72
606.00
607.92
606.12
604.32
606.52
606.52
607.60
605.00
605.52
606.20
606.52
606.72
606.20
608.20
606.52
606.12
606.12
604.92
606.20
605.60
607.20
606.92
606.72
606.20
604.00
605.60
605.12
606.20
605.92
605.92
606.92
607.20
606.20
606.60
606.00
607.52
605.60
605.92
606.12
606.52
606.20
606.20
605.80
606.12
606.40
606.52
606.52
606.00
605.80
606.32
605.80
606.32
606.12
606.00
606.00
606.20
606.40
606.20
605.52
606.00
606.00
606.00
606.32
606.52
606.52
606.20
606.00
606.40
606.20
605.92
607.40
605.12
606.00
606.32
607.72
605.72
606.40
606.40
605.80
607.00
606.60
606.52
605.92
605.40
606.52
606.60
606.32
606.20
605.80
606.12
605.80
606.12
606.00
606.32
605.92
606.40
606.20
605.92
606.60
606.00
606.52
606.00
606.92
606.32
606.72
606.00
606.40
606.32
606.60
605.00
606.00
606.40
606.00
607.12
605.72
606.40
606.52
606.52
606.80
606.20
606.72
606.20
605.52
606.32
606.32
606.32
606.60
606.20
606.80
606.40
606.40
606.32
606.72
606.40
606.32
606.12
606.60
606.20
606.00
606.40
606.00
606.52
606.12
606.32
606.60
606.60
606.72
606.00
606.32
606.32
606.40
606.60
606.40
606.12
606.12
606.20
606.12
606.40
606.32
606.72
606.00
605.92
606.80
606.00
606.60
606.00
606.32
606.12
606.32
606.72
606.32
606.52
606.00
606.12
606.32
606.00
606.00
606.12
605.60
606.00
606.12
606.12
606.40
606.80
606.52
605.52
606.20
606.52
606.72
605.80
606.40
605.92
606.32
606.72
606.00
605.92
605.72
606.12
606.72
606.32
606.80
606.80
606.92
606.52
606.00
606.40
606.12
606.92
606.60
606.20
606.72
606.40
606.52
606.32
606.60
606.20
606.32
605.92
606.20
606.52
606.52
606.12
606.32
606.40
606.20
606.60
606.60
606.60
606.32
606.60
606.32
606.60
606.32
606.20
606.40
606.40
606.20
606.20
605.92
606.60
606.60
606.40
606.12
606.60
606.60
606.52
606.32
606.40
606.12
606.60
606.32
606.60
606.12
606.12
606.20
606.60
606.92
606.72
606.20
606.32
605.92
606.40
606.00
606.20
606.80
606.40
606.60
606.00
606.60
606.52
606.20
606.80
606.20
606.40
606.12
606.72
606.60
606.12
606.40
606.00
606.52
606.52
606.00
606.52
606.52
606.40
606.20
606.32
606.40
606.72
606.52
606.52
606.40
606.60
606.20
606.32
606.52
606.80
606.80
606.40
606.32
606.12
606.72
606.40
606.32
606.52
606.20
606.52
606.40
606.00
606.60
606.52
606.40
606.32
606.32
606.80
606.80
605.92
606.60
606.32
606.52
606.20
606.32
606.52
606.80
605.92
606.72
606.72
606.72
606.60
606.40
606.32
606.40
606.72
599.92
606.52
606.60
606.60
606.72
606.40
606.72
606.60
606.20
606.72
606.40
606.80
606.32
606.40
606.60
606.52
606.72
606.52
606.20
606.12
606.72
606.52
606.52
606.52
606.60
606.32
606.80
606.32
606.40
606.72
605.92
606.40
606.20
606.00
606.12
606.12
606.00
606.20
606.12
606.20
605.92
606.12
606.60
606.12
606.12
606.12
606.92
606.80
606.32
607.12
606.32
605.92
606.00
605.52
606.00
606.60
606.32
605.80
606.60
606.12
606.00
606.32
606.20
606.12
606.32
606.80
606.12
606.60
606.12
605.92
606.12
606.32
605.80
606.60
606.32
606.40
605.80
606.32
606.12
605.92
605.92
606.12
606.60
606.40
606.52
606.32
606.20
606.52
606.00
606.60
606.40
606.32
606.72
606.40
606.92
606.80
606.12
606.80
606.20
606.72
606.20
606.40
606.40
606.00
605.92
606.60
606.32
606.40
606.52
606.72
606.40
606.52
606.00
606.60
605.92
606.40
606.12
606.40
606.40
606.12
606.32
606.40
605.60
605.92
606.12
605.92
606.32
606.32
606.00
605.80
606.52
606.20
606.32
606.60
606.52
606.12
606.40
606.60
605.92
606.92
605.52
606.20
606.12
606.12
605.80
606.32
606.40
606.32
606.12
606.32
606.52
606.00
606.12
606.32
606.60
606.40
606.00
606.60
606.52
606.12
606.52
606.00
606.52
606.80
606.60
606.12
606.20
605.92
606.12
606.20
606.60
606.72
606.40
606.00
606.00
606.32
606.60
606.32
606.60
606.52
606.72
605.92
605.52
606.32
606.20
605.80
606.60
605.72
606.20
606.00
606.52
606.40
606.40
606.20
606.20
606.52
606.60
606.52
606.40
606.12
606.40
606.52
606.00
606.00
606.40
605.92
606.20
606.40
606.52
606.60
606.00
606.32
607.00
606.32
606.12
606.80
606.32
606.40
606.00
606.52
606.72
606.12
606.40
605.60
606.80
606.32
606.20
606.32
605.92
605.92
606.12
606.72
606.32
606.32
606.52
606.12
606.12
606.32
606.40
606.20
606.72
606.20
606.40
606.20
606.72
606.00
606.72
606.40
606.52
606.60
606.40
606.20
606.72
606.60
606.92
606.80
606.40
606.72
606.40
606.52
606.12
606.60
605.72
606.20
605.92
606.40
607.00
606.52
606.40
605.92
606.52
606.32
606.40
606.52
606.60
606.60
606.32
606.32
606.20
606.60
606.20
606.20
606.20
605.92
606.40
606.40
606.52
606.12
606.12
606.20
606.20
606.00
606.32
606.60
606.72
606.60
606.60
606.40
606.60
606.32
606.32
606.92
606.92
606.40
606.52
606.52
606.52
606.40
606.52
605.72
606.52
606.00
606.52
606.60
606.32
606.20
606.12
606.12
606.80
605.92
606.40
606.60
606.20
606.00
607.12
606.52
606.92
606.32
606.12
606.12
606.32
606.92
606.80
607.32
606.32
605.72
606.80
606.12
613.32
606.20
606.20
606.40
605.92
607.00
606.72
606.32
606.52
606.00
606.20
606.52
606.32
606.12
607.12
606.40
600.00
606.52
606.52
605.80
606.52
606.80
606.32
606.32
606.40
613.00
606.72
606.92
606.00
606.40
606.40
606.92
606.00
606.52
606.52
606.12
606.72
606.60
606.40
606.52
607.20
607.00
606.32
606.92
606.40
606.60
607.00
613.60
606.72
606.60
606.00
606.12
606.80
606.60
606.12
606.40
606.72
606.40
606.32
606.12
612.92
613.52
606.00
605.72
606.40
606.52
606.80
606.72
606.40
606.72
606.52
606.60
606.92
607.12
606.80
606.52
606.52
606.00
606.52
606.20
606.32
606.52
606.52
606.40
606.60
606.80
6