Measuring voltage and current with INA219 ...
752.60
752.80
753.20
753.32
752.60
752.32
752.52
752.72
753.20
752.92
752.80
752.72
753.60
753.00
752.92
752.32
753.12
753.00
753.52
753.52
753.12
752.92
752.72
753.00
753.12
753.00
752.52
753.32
753.32
752.72
752.72
752.40
753.12
752.72
752.32
752.92
753.12
753.92
753.40
753.52
752.80
752.92
752.92
752.60
752.60
753.20
753.12
753.12
752.92
752.92
753.00
752.80
752.40
752.40
753.00
753.12
753.20
753.12
753.80
753.32
753.00
753.72
753.12
753.40
753.00
754.32
753.20
753.40
752.60
753.00
753.20
753.12
752.72
753.12
753.12
753.80
752.80
753.32
753.00
753.00
752.72
753.32
753.40
753.12
753.00
753.20
753.20
753.20
751.80
753.12
752.92
753.32
752.92
753.00
753.20
752.72
752.72
752.60
753.00
752.40
753.52
753.12
752.80
753.40
753.80
753.32
752.92
753.40
753.20
753.12
753.40
753.12
753.00
753.20
752.92
753.60
752.72
752.92
752.92
753.52
753.00
752.60
753.00
753.12
753.12
753.20
753.20
753.00
753.80
753.32
752.12
752.52
752.80
753.32
753.00
753.00
752.80
753.72
753.12
752.40
752.72
753.52
753.00
753.52
753.00
753.32
753.12
752.92
753.00
752.92
753.12
753.00
753.20
752.92
753.32
753.92
752.72
752.60
753.12
752.60
752.92
752.92
753.12
753.32
751.92
752.80
753.00
753.20
752.40
753.32
753.52
752.52
752.80
753.00
752.80
753.12
752.00
753.20
752.80
753.32
753.20
753.00
752.40
753.92
759.20
753.32
751.92
755.20
752.00
752.72
753.32
752.52
754.32
752.72
753.12
754.12
753.52
754.32
745.60
754.60
752.52
744.52
751.32
752.52
753.72
745.12
744.40
752.92
744.80
754.00
753.00
759.72
752.92
753.52
752.80
753.12
752.80
752.92
752.72
745.92
746.32
743.20
744.80
752.72
749.20
743.80
753.60
753.60
743.40
760.12
756.92
752.32
762.92
751.12
751.80
760.92
751.52
753.12
760.92
762.20
752.92
752.72
752.72
752.32
753.72
753.52
752.80
753.20
753.60
760.52
748.92
753.32
744.40
752.72
761.92
752.80
761.20
757.52
752.72
754.20
748.20
753.40
753.40
745.32
760.80
753.60
753.12
753.12
752.40
753.20
744.20
753.32
753.92
753.40
753.72
753.12
753.32
753.12
752.80
744.60
744.60
744.72
752.12
753.52
753.12
752.60
753.20
753.12
752.52
753.52
752.60
751.92
746.72
744.80
753.20
753.00
752.52
753.12
752.72
753.00
753.32
754.32
752.32
753.12
745.40
755.20
755.80
753.40
753.32
744.60
753.72
759.80
753.00
753.72
760.32
760.72
753.20
753.20
752.92
761.40
746.12
752.92
744.60
753.00
760.60
759.00
748.72
760.80
753.52
761.00
753.52
745.92
761.32
753.20
752.60
753.12
742.92
752.92
744.32
752.80
753.60
751.72
752.40
753.12
753.20
760.72
745.32
744.40
755.32
752.92
752.80
753.20
743.00
754.40
754.20
754.32
752.60
752.12
751.80
752.80
751.12
752.80
761.32
754.32
752.80
753.12
753.12
753.12
753.20
744.60
752.92
752.20
752.72
754.80
760.80
744.20
753.00
752.92
752.92
752.52
761.60
753.52
747.80
761.80
751.40
751.52
754.40
752.00
753.52
752.80
753.72
752.52
753.32
753.40
752.80
752.00
754.00
752.40
761.72
748.80
754.20
753.72
752.80
753.60
752.32
752.32
751.72
745.12
761.32
745.00
753.20
751.40
753.00
752.32
753.40
755.00
754.20
753.32
746.20
753.12
753.20
754.60
754.52
754.00
755.12
745.12
752.52
762.20
753.20
747.00
744.92
744.40
744.60
753.20
743.20
753.92
753.40
748.12
762.80
752.92
754.12
744.92
747.12
753.92
753.92
753.20
753.12
757.72
753.00
757.40
754.00
763.20
760.92
754.20
753.52
752.72
753.60
745.00
752.72
753.12
753.00
753.20
753.32
753.32
752.92
752.72
753.52
752.92
752.92
753.00
753.40
753.12
753.32
752.92
753.00
753.00
752.60
753.12
752.72
753.40
753.12
752.00
753.32
752.92
752.72
753.60
753.12
753.40
753.32
753.32
753.12
753.12
753.12
752.92
752.60
753.20
747.40
753.92
753.12
752.60
744.40
751.60
752.60
752.60
752.80
753.40
745.00
751.52
753.40
753.20
753.72
762.72
758.92
749.12
752.92
763.00
753.20
752.80
753.00
752.60
752.52
753.60
761.00
756.80
752.80
753.32
752.80
754.00
761.92
753.32
753.32
756.32
752.00
761.60
746.00
758.60
761.92
761.32
753.00
752.60
752.20
754.00
753.20
753.00
753.72
752.72
752.92
753.72
753.60
753.32
753.60
752.92
753.32
753.92
753.40
753.52
753.20
752.60
753.40
753.20
753.00
753.92
754.00
753.60
753.00
753.92
753.40
753.52
753.52
753.60
753.20
753.40
753.40
753.52
752.80
753.20
753.60
752.80
753.12
753.40
752.92
752.92
753.40
753.52
753.40
753.92
752.92
752.80
753.00
752.92
753.12
753.52
752.72
753.12
752.92
753.12
753.00
752.60
753.12
752.80
752.72
753.40
752.80
752.52
753.32
753.60
753.12
753.20
753.60
753.20
752.80
753.32
753.20
753.12
753.12
752.92
753.20
753.32
753.40
754.12
752.72
752.92
752.60
753.72
753.00
753.20
753.72
753.12
743.80
753.20
752.40
753.00
753.60
761.32
755.72
752.60
752.80
752.72
753.40
753.60
752.80
753.12
760.32
753.00
753.00
753.72
753.52
752.92
753.32
753.32
753.32
753.20
753.12
758.60
748.20
752.52
753.92
753.80
753.12
754.32
753.20
748.00
752.72
752.92
752.92
752.92
753.40
753.92
753.32
744.32
744.52
753.40
746.40
752.92
753.20
754.12
753.00
753.40
752.80
745.40
761.00
762.12
745.72
751.32
753.92
753.12
753.20
744.92
752.40
753.00
752.72
747.60
753.12
751.40
752.72
753.32
753.72
752.80
754.00
753.32
753.60
752.40
753.12
752.92
753.32
753.32
753.40
752.92
752.92
753.20
753.40
753.20
753.52
753.52
753.12
752.80
753.00
753.00
753.12
753.32
753.00
753.72
752.72
753.72
753.72
747.92
752.20
752.52
753.40
758.40
753.32
751.20
752.80
752.52
753.60
753.32
753.12
753.92
753.20
753.20
752.60
753.72
753.72
753.72
753.12
753.60
753.12
752.72
753.60
752.92
753.72
753.32
753.00
753.40
753.00
753.60
753.12
753.40
753.00
753.20
753.60
753.32
754.32
753.32
752.72
753.92
752.72
752.92
753.60
753.32
753.12
753.32
753.20
753.12
753.20
752.80
753.72
753.32
752.32
752.80
753.12
753.20
753.20
752.92
753.00
753.60
753.32
753.00
753.32
753.12
753.00
753.32
753.52
752.92
752.40
753.92
753.32
752.72
752.40
755.12
754.12
753.12
745.80
754.52
744.80
753.00
761.92
761.32
760.60
762.20
761.60
754.12
753.40
753.20
753.92
745.32
744.80
753.40
745.80
753.00
745.00
760.92
754.40
745.92
754.32
762.20
761.72
752.72
753.72
753.52
754.20
764.12
746.00
761.72
761.92
745.32
763.00
752.80
752.60
754.20
754.00
753.32
752.80
753.72
753.80
763.32
744.40
745.40
754.32
743.32
752.72
753.20
753.52
753.20
744.32
762.32
756.60
755.00
753.32
753.60
753.72
754.00
747.92
754.32
762.72
752.52
754.00
753.32
752.80
760.72
753.80
744.32
745.12
753.00
744.40
762.20
762.32
763.20
753.60
754.72
754.00
753.52
745.00
762.12
754.80
744.52
752.12
753.32
752.60
748.60
762.32
762.32
744.40
757.80
754.60
752.80
754.32
754.20
753.60
752.92
753.32
753.60
753.32
754.40
754.20
753.32
752.72
753.52
753.92
753.72
753.72
753.40
753.52
753.72
753.12
752.92
754.00
752.72
752.52
753.32
753.52
753.00
753.20
753.92
754.40
753.32
753.60
753.60
753.20
753.20
753.12
753.40
753.20
753.40
753.52
754.12
754.52
753.00
753.92
752.32
752.72
753.60
754.00
753.52
753.60
753.52
752.92
753.52
753.52
753.20
753.92
754.12
753.40
753.72
753.40
753.52
753.72
753.00
753.32
754.20
753.00
753.32
753.32
753.32
753.32
753.40
753.40
752.60
753.92
753.40
754.12
754.32
753.12
753.72
754.20
753.20
754.32
753.52
753.40
753.60
754.20
753.92
752.80
753.20
753.12
752.92
752.92
745.32
753.72
749.92
749.12
757.20
753.60
753.52
753.12
753.60
753.60
753.40
753.12
752.52
752.80
752.52
754.00
753.92
754.40
753.20
753.00
753.72
753.20
753.32
753.72
752.32
752.60
753.20
753.92
753.52
753.00
752.72
753.32
753.12
753.60
753.32
753.20
753.12
753.20
753.32
752.40
753.92
754.00
752.92
753.20
753.12
752.92
753.20
753.72
753.72
753.40
753.12
753.20
753.80
753.60
753.32
753.92
753.72
753.12
752.72
753.52
753.00
753.52
753.40
753.32
754.00
753.12
752.60
753.12
753.60
753.40
753.60
753.72
753.52
752.52
753.40
753.60
752.60
752.60
754.00
753.00
753.52
753.60
753.52
753.32
753.72
753.52
754.12
753.80
753.72
752.92
753.52
753.20
753.40
753.72
753.72
753.60
754.00
753.32
753.12
754.00
753.40
753.20
752.92
753.40
752.80
753.00
753.12
753.20
753.32
752.40
753.40
752.60
753.20
753.52
753.00
752.72
753.20
754.12
753.52
753.12
753.40
752.80
753.32
753.00
753.20
753.20
753.12
753.52
753.60
753.00
753.40
753.32
753.52
753.40
753.32
753.60
753.20
753.20
753.12
753.12
753.40
753.60
752.80
753.80
753.72
753.92
753.32
753.72
752.72
753.12
753.80
753.20
753.00
753.60
752.92
752.92
752.60
753.32
753.60
753.40
752.72
752.92
753.00
753.32
752.60
753.60
753.60
752.52
752.92
753.32
753.20
752.92
753.52
752.40
753.32
753.60
753.52
753.32
753.72
753.52
753.00
753.12
753.12
753.32
752.52
753.52
752.72
753.20
752.92
753.72
752.92
752.92
753.20
753.60
752.72
753.40
753.20
753.32
753.12
752.80
752.80
753.00
753.20
753.60
753.12
752.72
752.92
753.00
753.52
753.20
753.20
753.60
752.72
753.60
752.80
753.72
752.92
752.72
753.52
753.20
753.52
753.20
753.32
752.80
753.20
753.92
753.20
753.32
753.20
753.40
752.92
753.20
753.40
753.00
753.12
753.40
753.20
753.12
753.40
753.60
753.60
753.52
753.52
753.52
754.20
753.12
753.52
753.60
753.60
753.72
753.40
753.32
754.32
753.00
753.32
753.32
753.00
753.32
752.52
752.80
753.00
753.92
753.72
750.40
753.52
752.80
753.20
752.72
752.72
752.92
753.12
752.00
753.00
752.72
754.00
752.20
753.12
753.12
753.92
754.20
753.12
752.72
753.52
753.52
752.72
752.92
753.60
752.80
753.32
753.20
753.72
754.00
753.20
752.60
753.52
753.52
752.72
753.92
753.72
752.80
753.32
753.20
753.12
753.12
753.40
752.92
752.80
753.32
753.60
753.72
752.40
754.00
753.20
753.60
753.52
752.80
752.60
753.92
753.52
753.72
753.32
753.32
753.00
753.72
753.12
753.32
754.20
754.12
753.00
753.60
753.00
753.40
754.00
753.52
753.80
753.32
753.20
753.32
753.72
753.92
754.00
754.00
753.52
753.20
753.32
753.60
753.52
753.40
752.80
753.20
753.40
754.00
753.20
753.20
753.40
753.72
752.80
753.60
753.40
752.72
753.12
753.52
752.60
753.12
753.00
753.12
753.00
753.72
753.92
752.60
752.40
752.40
753.40
753.40
753.40
753.32
753.52
753.32
752.72
753.92
753.32
752.92
753.00
753.40
753.12
752.60
753.72
753.12
753.20
752.72
753.92
752.92
753.80
754.12
753.32
753.72
753.52
753.52
753.40
753.12
754.00
753.40
752.92
753.72
753.00
753.32
754.00
753.92
753.32
753.72
753.00
752.60
753.20
753.00
753.32
753.32
754.12
754.32
753.12
753.52
753.20
753.40
753.60
747.32
752.72
753.40
754.12
761.80
752.60
753.00
760.60
743.12
755.32
758.40
753.52
753.32
753.32
744.80
762.12
752.40
761.80
763.12
752.00
753.40
753.20
752.72
753.40
753.52
753.32
753.52
753.92
752.80
752.60
753.40
753.60
752.52
753.12
753.12
753.12
753.00
753.52
753.12
752.40
753.12
753.72
753.40
753.40
753.20
753.32
753.72
753.20
753.52
753.32
752.52
753.72
753.12
752.92
753.40
753.12
752.72
752.20
753.40
753.40
753.00
752.52
753.60
753.40
752.72
753.20
753.32
753.32
753.52
753.20
753.12
753.20
753.92
753.20
752.80
753.60
753.12
752.80
753.40
753.12
752.80
753.20
753.12
752.52
754.00
753.32
753.60
753.32
753.92
753.12
753.32
752.80
753.12
753.32
753.52
753.52
754.00
752.92
752.40
753.00
752.92
753.12
752.80
753.52
753.12
753.32
753.52
753.32
753.60
753.52
752.92
754.00
753.20
752.92
753.72
753.32
752.60
752.92
752.12
753.20
753.72
753.52
753.12
752.92
753.12
753.52
752.32
753.60
753.60
753.12
752.92
753.12
752.80
753.00
753.12
753.20
753.00
753.60
753.32
753.20
753.52
753.52
753.12
753.52
753.60
753.32
752.80
753.60
753.72
753.00
752.72
752.72
753.80
753.00
753.60
753.32
752.80
752.60
752.92
752.60
753.20
753.40
753.32
753.40
753.20
752.92
752.52
753.32
752.80
753.20
753.60
753.12
753.40
752.80
753.32
752.80
753.00
753.20
752.80
753.60
753.60
753.60
753.60
753.32
752.92
753.60
753.00
753.00
753.40
753.00
752.92
754.12
754.20
754.00
752.80
753.32
753.40
752.80
753.12
753.00
753.40
753.12
753.20
753.52
753.12
752.32
753.52
753.00
753.20
753.00
752.92
752.52
753.00
753.40
752.72
753.72
753.00
753.12
753.20
752.80
753.40
753.20
752.72
752.40
753.00
753.00
753.12
754.00
753.52
753.00
753.12
753.72
753.20
752.80
753.20
753.20
753.20
753.72
753.60
753.40
753.40
753.72
753.40
753.40
753.32
753.60
753.72
753.40
752.92
752.72
752.60
753.60
753.20
754.40
753.52
754.32
752.92
753.32
753.80
753.12
753.40
753.52
753.32
753.32
754.32
753.72
754.12
753.12
753.00
752.72
754.00
753.52
752.80
753.72
745.32
753.72
753.80
753.12
753.00
752.92
753.40
753.60
753.12
752.80
753.00
745.32
762.00
747.92
752.40
753.52
761.52
753.20
745.80
753.20
753.32
753.00
752.60
753.80
751.92
754.00
754.12
753.12
752.40
753.72
753.32
753.00
753.20
753.52
753.40
753.92
754.12
754.20
752.12
752.92
753.20
753.12
753.52
752.52
752.80
753.60
752.92
753.72
753.72
752.60
753.20
752.80
753.32
752.52
7