Measuring voltage and current with INA219 ...
752.60
753.12
753.20
752.72
753.20
753.40
752.80
752.60
753.00
752.40
752.72
752.80
752.60
752.80
753.32
752.60
753.20
753.00
753.12
752.80
753.32
752.40
752.52
752.60
753.12
752.40
753.40
752.72
751.92
752.92
753.00
752.92
752.92
752.40
753.00
752.52
752.80
752.40
752.72
752.80
752.60
752.32
752.80
752.80
752.92
752.92
752.80
752.80
752.80
753.52
752.92
752.80
752.72
753.20
752.92
752.60
752.92
752.52
752.92
753.12
752.72
752.80
753.32
753.20
753.00
752.92
753.12
753.20
752.92
752.92
753.52
753.20
753.20
753.00
753.00
752.52
753.32
753.00
753.00
752.92
752.92
752.20
752.60
753.00
753.00
752.40
752.80
752.40
752.52
753.12
752.72
753.12
752.60
753.40
753.20
752.92
752.92
752.72
753.32
752.80
753.00
752.52
753.20
753.00
753.60
752.72
753.20
753.12
753.00
752.80
753.60
753.20
753.12
752.80
753.52
753.20
753.12
753.52
753.72
753.12
753.60
753.12
753.40
752.72
752.80
752.92
753.52
752.80
753.40
752.92
752.72
753.92
752.80
752.60
752.80
753.40
753.52
752.52
753.52
753.40
753.60
753.00
753.60
752.80
752.52
753.00
753.12
752.80
752.80
752.32
753.72
752.12
752.52
752.32
752.40
753.72
753.12
754.00
752.72
752.60
752.72
753.32
753.20
752.92
753.12
752.80
752.32
751.92
753.20
752.32
753.00
752.92
752.32
753.12
752.40
753.20
751.92
752.92
753.72
753.72
752.72
744.60
753.20
752.52
755.32
753.00
747.80
753.00
757.60
753.00
753.32
744.40
743.60
761.00
749.80
750.20
753.32
752.92
752.60
757.52
745.92
745.00
752.60
743.92
753.72
745.72
761.12
761.52
753.20
753.00
745.20
754.40
753.40
753.00
743.80
761.52
760.92
745.92
744.52
753.12
753.32
753.00
751.92
760.72
754.60
752.72
744.20
754.52
751.92
744.60
753.72
760.52
762.00
744.92
744.40
753.72
754.12
752.52
744.40
744.12
753.52
753.00
751.92
752.72
753.72
753.12
752.72
748.12
752.92
752.92
753.00
752.72
752.60
753.72
754.92
745.40
752.52
753.20
753.20
744.72
752.60
753.00
753.20
751.20
752.80
752.92
752.92
753.00
752.52
753.60
752.92
752.80
760.12
753.52
753.20
754.40
753.32
752.52
752.92
753.40
753.00
753.20
753.20
744.20
753.20
745.32
744.52
753.80
753.20
751.92
758.72
752.80
752.00
752.72
746.92
753.40
760.72
753.52
752.60
753.00
748.12
753.00
752.72
746.92
752.40
753.20
752.12
747.32
745.52
753.12
753.00
744.20
745.60
753.60
752.52
761.80
755.32
754.00
752.40
761.92
744.32
752.60
752.80
761.32
754.72
762.60
744.12
752.80
753.20
753.00
760.60
761.60
752.92
752.72
760.80
754.32
753.32
756.32
744.60
744.52
752.20
745.40
751.80
754.12
762.40
743.00
746.92
752.12
744.80
745.12
761.92
743.60
761.40
752.20
753.12
746.00
745.72
752.72
752.72
752.52
753.00
751.92
752.12
752.72
753.40
752.72
753.12
753.40
752.92
753.40
753.12
752.40
752.20
752.92
755.00
751.20
752.20
761.32
752.80
756.32
753.92
752.80
753.20
752.80
752.20
754.12
754.12
753.00
753.72
753.52
752.12
752.72
752.52
752.72
744.12
752.80
753.72
744.80
754.00
749.00
760.32
752.72
753.60
752.12
742.40
752.60
752.52
752.12
753.12
761.52
761.72
750.80
753.60
743.80
745.40
744.32
753.32
754.00
744.40
753.32
752.00
753.12
752.92
761.52
761.60
752.60
752.72
762.32
760.92
753.52
752.92
753.20
744.12
743.72
760.60
751.60
752.92
752.92
752.80
754.80
761.00
744.20
759.52
751.92
753.12
752.00
757.20
748.40
753.20
744.12
753.12
753.12
752.32
756.40
753.32
752.92
752.60
753.52
753.72
751.60
753.00
752.00
752.92
753.92
754.12
753.00
761.32
744.12
751.12
745.52
747.52
752.40
743.32
759.12
760.72
747.52
744.32
745.00
753.12
753.20
753.12
751.80
752.72
753.12
752.80
752.72
752.80
753.52
753.12
752.80
752.80
753.52
752.72
753.00
752.92
753.12
752.60
752.32
752.60
753.20
753.32
752.80
753.12
752.72
752.60
752.92
752.92
753.20
752.52
752.80
752.60
752.80
752.60
753.52
752.12
752.72
752.52
753.32
752.72
752.60
752.60
753.32
752.40
752.92
753.12
753.60
752.72
753.12
754.00
753.12
752.72
752.72
752.92
752.72
752.80
752.32
752.52
753.40
752.40
752.80
753.00
752.92
752.60
752.80
752.40
753.32
753.00
752.80
751.72
753.20
753.40
753.00
752.92
752.92
752.52
752.40
753.00
752.72
752.12
752.40
753.32
753.12
752.92
752.60
753.32
755.80
752.72
753.32
753.12
753.00
753.20
752.92
752.52
752.32
752.72
752.60
744.12
744.32
753.40
753.00
752.52
753.12
743.40
745.72
751.80
753.12
752.60
752.72
753.12
753.32
746.60
751.92
760.92
753.20
753.52
752.52
753.60
753.20
745.20
753.80
753.32
751.80
744.32
744.80
761.12
753.12
753.40
752.72
761.00
752.60
753.00
745.32
758.40
753.92
753.00
747.60
753.92
751.00
744.40
753.52
754.12
753.20
752.72
745.52
752.52
753.12
753.00
753.32
752.92
752.40
752.60
752.52
753.00
752.72
752.92
752.92
753.12
752.72
753.20
753.52
752.32
752.60
753.20
752.92
753.00
753.20
752.60
758.52
755.80
744.72
753.12
743.40
744.92
760.60
752.80
753.72
752.40
752.52
753.00
753.12
753.12
753.40
752.92
753.20
752.80
753.00
753.40
752.12
753.20
752.60
752.92
753.00
752.60
753.12
752.72
752.20
752.40
752.80
752.92
753.00
752.72
752.60
752.32
752.40
752.92
752.60
752.52
752.72
752.40
752.40
752.80
752.60
752.92
753.12
752.52
752.12
752.80
752.72
752.00
752.60
752.80
752.40
752.72
752.92
752.52
752.92
752.92
753.32
753.00
752.00
752.72
752.92
752.60
751.60
751.80
752.40
753.32
752.12
752.80
752.52
744.40
762.20
744.72
752.92
755.12
749.60
761.00
752.60
757.32
752.92
752.60
752.80
752.92
753.40
752.12
752.92
753.12
753.20
753.00
760.72
744.72
749.52
744.32
761.20
758.52
753.00
753.92
752.72
758.92
753.12
752.40
761.20
744.60
753.72
744.12
761.52
752.40
762.52
753.40
753.20
752.72
752.32
752.32
758.60
761.32
752.32
744.40
753.00
745.12
744.00
760.00
743.60
757.72
752.72
746.60
753.00
753.60
761.12
744.32
760.72
761.60
753.72
752.52
745.12
752.80
753.00
753.00
752.60
753.40
753.72
753.00
752.92
752.72
751.92
753.00
752.72
752.72
752.60
752.72
752.72
753.20
753.00
752.40
752.52
753.32
753.00
753.00
752.92
752.92
752.52
752.12
752.92
752.52
752.92
752.60
752.60
752.32
752.80
753.12
752.80
752.40
752.32
752.80
753.12
753.20
752.12
752.60
753.52
752.80
752.52
752.52
752.32
753.12
752.72
752.80
752.72
753.12
753.20
752.12
752.92
752.32
752.60
752.92
753.60
752.60
752.80
752.40
752.72
752.92
753.12
752.80
752.72
752.40
753.32
753.52
753.12
753.00
752.60
753.00
752.80
753.00
753.40
753.52
752.60
752.92
752.60
752.80
753.32
752.92
753.20
752.12
752.40
752.20
752.72
752.80
752.40
752.52
752.32
755.40
753.12
752.52
752.32
751.80
752.72
752.32
752.80
752.92
752.72
752.72
752.20
752.72
753.12
752.80
753.32
752.40
752.52
752.60
753.12
753.20
753.12
752.12
752.80
753.20
752.20
753.00
752.40
752.72
752.52
752.52
753.00
753.20
752.92
752.12
753.32
753.32
753.20
752.60
752.92
753.52
752.80
752.72
753.00
752.60
752.80
753.00
753.12
753.00
752.72
752.72
752.92
753.00
753.00
752.52
753.00
752.72
752.52
753.12
753.12
753.00
752.60
752.60
752.60
752.52
753.32
752.40
752.80
753.00
753.20
752.32
753.12
752.60
752.52
752.92
752.92
752.80
752.80
753.00
752.72
752.40
752.72
752.80
753.20
752.92
752.60
752.60
753.32
753.12
753.12
752.72
753.40
753.12
752.80
753.20
752.92
753.12
753.40
753.52
753.12
752.72
753.00
753.20
753.20
753.20
752.92
752.92
752.72
753.40
753.40
752.12
753.12
752.72
753.00
753.20
752.40
753.00
752.60
753.00
752.72
753.12
752.40
753.12
752.92
753.00
752.92
753.60
752.92
753.00
752.80
752.12
752.32
753.00
752.60
752.92
753.12
753.12
752.32
752.52
752.72
752.40
752.80
752.92
752.72
752.60
752.92
752.80
753.40
752.72
751.80
752.80
752.60
752.32
752.60
752.20
752.60
752.32
752.92
752.72
752.60
752.32
752.72
752.60
752.32
752.52
752.72
752.72
752.52
752.52
752.40
751.52
751.92
752.40
752.80
752.80
752.92
751.72
752.52
752.40
752.72
752.40
752.12
753.12
752.72
752.40
752.60
753.00
752.92
752.52
752.60
752.72
752.72
752.60
752.32
753.20
753.12
752.60
752.40
753.00
752.72
752.72
752.72
752.32
752.80
752.60
752.32
753.32
752.60
752.52
752.80
752.60
752.80
752.52
753.20
752.72
752.60
752.72
753.12
753.00
753.12
752.92
752.92
753.12
752.32
752.72
752.72
752.52
753.20
752.80
753.00
752.60
752.40
752.80
753.00
752.40
752.80
752.40
752.60
752.32
752.72
752.60
752.80
752.60
753.20
752.32
753.00
752.92
752.80
752.12
752.92
752.40
752.80
752.60
753.32
753.12
753.00
752.20
752.52
753.00
753.60
752.72
753.00
752.60
753.20
753.20
753.32
753.00
752.92
752.52
752.52
752.40
752.72
752.20
753.00
752.92
753.20
752.92
753.60
752.92
752.80
752.40
753.40
753.00
752.72
753.40
753.00
752.72
752.80
752.72
752.72
752.80
752.00
752.32
752.92
752.60
751.92
752.80
752.72
752.60
752.80
752.92
753.00
752.32
751.92
752.12
752.32
752.60
752.92
752.60
752.80
753.60
753.12
752.52
753.12
752.80
752.80
752.72
753.20
752.32
752.92
752.32
752.92
752.92
753.00
752.40
752.60
753.12
752.80
752.80
752.60
752.72
752.52
752.60
753.00
753.12
752.20
752.52
752.52
752.80
753.12
753.40
753.40
752.72
753.00
752.52
752.40
752.40
752.20
752.40
752.40
752.60
752.92
752.00
752.80
752.80
752.80
752.72
752.72
752.80
752.92
752.80
752.52
752.72
753.32
752.32
752.60
753.32
753.12
752.60
752.32
753.00
752.72
752.52
752.00
753.20
752.72
752.20
752.40
752.72
752.92
752.12
752.92
753.40
753.00
753.12
752.52
752.52
752.92
753.20
752.60
752.92
753.00
753.00
753.00
753.00
752.60
752.80
753.00
753.00
753.12
752.52
753.12
753.00
752.92
752.72
753.12
753.32
752.92
752.52
752.60
752.72
752.60
752.80
753.20
753.00
752.80
753.52
753.00
752.80
752.12
753.12
752.92
752.92
753.00
753.20
753.00
752.60
752.52
752.80
753.32
752.72
752.80
752.40
753.00
753.12
753.00
752.40
752.72
752.80
752.92
752.72
752.72
752.52
753.40
753.00
752.92
753.00
752.72
752.92
753.32
752.80
752.72
753.00
752.92
753.20
752.72
753.40
752.32
753.00
753.40
752.92
753.12
752.72
752.92
752.80
753.32
753.00
753.32
753.12
752.32
752.52
752.60
752.40
752.32
752.72
753.00
752.72
753.12
752.12
752.92
752.52
752.80
753.00
752.92
752.12
752.52
752.80
753.12
753.00
752.60
752.60
752.40
752.52
752.40
752.52
752.92
752.40
752.52
752.12
752.52
752.80
752.40
752.60
752.40
753.00
752.72
752.92
752.80
752.60
752.40
752.60
752.92
753.20
753.00
753.00
752.72
752.92
753.12
752.60
752.72
752.80
752.92
752.80
752.80
752.32
752.40
752.80
752.60
752.60
752.60
752.80
753.20
753.00
752.92
752.40
753.32
752.32
752.52
753.12
752.12
752.72
752.32
752.80
752.72
753.20
752.60
752.32
752.92
752.92
752.52
753.12
752.60
752.40
752.80
752.40
752.72
753.00
753.00
753.00
753.20
752.72
752.92
753.00
752.60
752.60
752.92
753.40
752.80
753.40
752.72
752.72
753.20
753.00
752.80
752.52
752.60
752.80
752.92
752.40
753.12
752.60
752.40
753.32
752.72
753.00
753.20
753.40
752.92
752.92
753.20
753.52
753.72
753.20
753.40
753.52
753.20
752.92
753.12
753.60
752.60
753.12
752.92
753.00
753.00
752.20
752.60
753.12
752.92
752.72
752.80
752.32
753.12
752.72
753.00
753.00
752.92
753.12
752.80
752.32
753.12
752.92
753.40
752.72
752.80
752.92
753.00
752.92
753.20
752.60
752.80
752.40
752.72
753.32
752.92
753.12
753.32
753.00
753.40
753.52
753.00
753.20
752.80
753.20
753.00
753.20
752.80
752.72
752.72
753.12
752.32
752.92
752.32
752.80
752.80
752.92
752.32
752.32
752.72
752.52
752.72
752.80
752.80
752.92
752.72
752.52
752.52
753.20
752.52
752.12
752.40
752.20
753.40
753.00
752.92
753.32
752.20
753.40
753.00
752.72
753.32
752.72
753.20
752.20
753.32
753.32
752.92
753.52
753.00
753.40
752.40
752.92
753.00
752.92
752.52
752.80
752.92
753.12
752.60
752.60
752.92
752.12
752.72
752.20
752.80
752.40
752.52
752.92
753.00
753.00
753.00
752.80
752.32
752.92
753.12
752.72
753.12
752.52
752.80
753.12
753.52
752.72
752.80
752.92
752.40
752.52
753.00
753.00
752.80
752.92
752.80
753.20
752.92
752.72
752.40
753.32
752.60
752.40
752.52
753.32
752.60
751.92
752.40
753.00
752.72
752.40
752.32
753.12
752.52
752.52
753.00
752.40
753.00
752.80
752.80
752.52
752.52
752.60
753.32
753.00
753.32
752.72
752.52
752.92
752.80
752.72
752.80
752.32
752.72
752.60
753.12
752.80
753.00
752.92
752.72
752.40
752.40
752.40
753.00
753.12
752.60
752.92
753.12
752.60
753.40
754.20
752.52
752.32
752.92
753.40
752.92
753.20
752.92
752.80
752.80
752.80
752.52
753.00
752.72
752.80
752.32
753.32
753.20
753.12
752.32
753.12
753.32
752.72
753.32
752.80
753.12
753.00
752.60
753.00
753.00
752.60
752.80
752.60
752.92
752.52
752.92
752.60
752.92
752.72
752.80
753.32
752.92
752.60
752.32
752.80
753.00
752.80
753.20
752.92
752.40
752.80
752.60
752.80
752.52
752.52
753.32
752.52
752.52
753.52
753.00
753.00
752.60
752.80
752.72
753.12
752.80
752.52
753.00
752.92
752.92
752.92
753.00
752.60
752.60
752.52
752.00
753.20
752.92
752.80
753.20
7