Measuring voltage and current with INA219 ...
753.20
753.00
752.40
752.92
752.32
752.92
752.80
753.00
752.92
751.80
753.52
753.12
752.92
752.80
753.12
752.52
752.52
752.92
753.40
753.12
753.12
752.72
752.72
752.80
752.72
752.80
753.60
752.52
752.12
752.92
753.00
752.80
753.52
752.60
752.60
753.00
752.80
752.80
752.72
752.92
752.92
752.92
752.40
752.40
752.60
752.32
752.92
752.40
753.32
752.40
752.40
752.92
752.40
753.00
752.40
753.20
753.00
752.80
752.32
752.60
752.32
752.72
751.92
752.60
753.12
752.72
753.00
753.00
753.00
752.92
752.60
752.92
752.92
753.32
753.00
752.92
752.52
753.20
752.32
752.80
753.00
752.60
752.80
752.80
752.72
752.52
753.40
753.60
752.72
752.12
752.52
753.72
752.72
753.20
753.20
753.20
752.32
752.80
753.00
752.80
753.12
752.72
752.72
752.92
753.00
752.92
752.72
753.20
753.20
753.60
752.60
752.72
753.12
752.92
752.80
753.00
752.92
753.00
752.12
752.60
753.00
753.00
753.40
753.20
752.92
752.20
752.80
752.80
753.20
752.92
753.00
753.52
752.52
753.00
752.60
752.72
752.92
752.32
753.60
753.00
752.80
752.80
752.80
753.00
753.72
752.80
753.52
752.52
753.12
753.12
753.40
752.92
753.00
752.92
752.52
752.80
753.12
752.40
752.60
753.20
753.00
752.92
753.72
753.00
753.20
753.40
752.80
753.32
753.32
752.80
753.12
753.40
752.72
753.32
752.60
752.12
753.20
752.80
752.80
753.12
753.12
752.52
753.00
753.32
753.32
752.92
753.20
754.12
753.12
752.92
753.32
752.92
752.00
752.92
753.12
753.40
752.72
752.60
752.40
752.92
753.40
753.72
752.40
753.92
753.12
753.12
753.12
753.80
753.32
752.92
753.12
753.32
753.12
752.72
752.40
752.80
753.20
752.92
752.72
752.32
752.72
752.92
753.00
752.40
752.72
752.52
752.80
746.12
755.92
753.92
752.80
753.20
753.40
753.12
753.40
753.12
752.40
752.72
752.40
752.52
761.40
761.80
753.32
751.52
753.12
745.92
752.52
753.52
752.52
761.20
752.00
753.40
751.92
745.60
753.00
753.12
753.60
753.00
761.52
752.60
752.72
744.72
754.20
744.00
761.20
756.80
761.12
752.80
753.12
761.80
744.52
755.72
744.52
752.60
761.92
750.00
760.52
753.72
744.40
752.60
744.60
761.32
744.72
762.92
752.92
759.80
752.40
752.40
744.20
762.72
763.00
745.92
764.00
753.40
744.20
760.72
752.72
753.52
762.00
749.12
753.20
753.52
753.00
745.20
750.32
762.60
745.12
745.32
752.80
761.12
745.20
762.20
744.20
745.40
753.20
745.80
750.32
753.32
760.80
753.12
752.92
745.40
752.80
749.20
748.32
763.52
746.72
753.12
752.80
754.20
753.72
752.92
753.12
753.00
753.92
752.52
752.92
745.00
753.12
752.40
746.20
750.80
749.92
752.32
752.92
745.20
752.80
753.12
754.00
762.00
748.20
761.32
760.92
752.60
752.72
753.72
753.40
753.20
754.00
752.92
753.40
753.00
753.40
753.52
752.92
752.92
753.12
752.80
752.92
752.60
753.60
753.00
752.40
752.92
753.52
752.72
752.40
753.12
753.20
753.12
753.00
753.52
753.20
753.20
752.92
752.32
752.72
753.40
752.40
753.12
752.52
753.00
753.20
753.20
753.12
753.12
753.12
753.32
754.12
754.20
753.60
753.40
753.32
753.92
753.40
753.20
753.00
753.00
753.80
753.60
753.20
753.52
753.72
753.32
753.32
753.60
753.00
752.72
753.40
753.00
752.92
753.20
753.40
753.12
752.80
752.52
753.20
752.72
753.20
752.72
753.32
752.52
753.00
752.80
752.52
753.00
753.12
753.40
753.32
753.20
752.92
753.20
752.72
753.00
752.72
752.72
753.20
753.00
753.40
753.52
753.00
752.72
752.92
753.40
752.52
753.32
753.00
752.60
753.12
753.20
753.12
753.12
752.92
753.40
753.00
754.00
753.20
753.00
753.00
752.80
753.32
753.20
753.60
752.92
752.80
753.12
753.60
753.52
753.20
753.20
753.52
752.92
753.12
752.72
752.92
753.12
753.12
753.00
752.92
752.60
753.20
753.52
753.00
753.12
752.72
753.12
753.20
753.32
752.92
753.32
752.40
753.32
753.12
753.32
745.80
753.20
753.20
753.12
753.12
752.92
753.52
754.12
753.32
744.32
759.00
761.20
752.92
752.40
751.00
743.20
753.40
753.40
762.32
746.00
753.00
753.32
752.80
742.52
745.12
744.40
753.00
751.60
753.00
752.92
752.52
761.80
753.12
744.80
753.00
754.60
754.12
753.72
753.20
744.52
760.92
751.60
753.20
753.40
754.40
753.00
751.80
751.72
753.00
753.72
752.60
753.60
752.80
753.20
752.60
752.40
762.32
753.00
752.80
751.40
753.60
753.00
745.00
753.20
762.80
752.92
752.32
752.00
753.52
753.12
753.12
753.12
760.80
755.20
754.12
752.80
752.92
753.00
752.72
753.00
753.40
752.72
753.00
754.40
752.00
751.92
753.40
752.80
743.12
752.60
745.32
753.00
753.52
762.20
752.72
752.20
753.52
752.52
752.92
759.00
744.60
761.60
752.92
752.80
751.32
752.52
752.92
756.32
753.12
744.60
744.80
752.52
763.00
753.32
762.60
752.32
752.52
744.12
752.72
743.12
753.60
752.72
761.12
750.72
752.52
753.32
753.12
752.92
761.00
752.72
752.72
751.72
753.52
752.60
752.52
753.40
753.32
754.32
753.72
752.92
754.60
752.80
752.12
752.40
752.80
752.32
753.12
752.52
753.12
753.00
752.92
762.12
752.40
751.80
752.92
752.72
752.52
753.00
752.72
752.52
752.32
752.40
763.32
762.92
761.72
752.32
752.72
753.92
752.32
752.60
752.60
744.72
761.40
761.32
761.12
747.72
752.52
752.80
752.60
743.80
744.72
753.32
744.52
752.72
753.20
752.80
761.92
754.00
753.40
762.20
753.32
752.12
754.00
752.92
753.00
745.20
762.12
754.80
753.20
753.00
752.72
752.92
761.92
753.32
761.60
753.20
754.00
753.40
752.80
752.80
752.12
751.92
753.60
753.00
753.52
752.40
753.12
754.52
752.92
752.80
751.92
753.12
745.60
744.92
752.52
753.12
751.40
753.72
753.32
753.12
752.52
753.92
754.00
753.12
753.20
754.72
744.20
745.72
752.80
761.12
744.52
753.20
752.72
752.52
752.60
745.20
753.40
752.80
753.00
753.60
753.72
752.32
752.80
753.72
753.52
753.20
753.20
761.20
744.60
744.40
752.12
745.80
752.92
747.60
753.12
753.32
753.40
752.92
753.92
753.00
744.80
761.60
760.92
753.00
753.60
750.40
752.72
744.52
753.40
753.40
753.12
753.72
752.00
762.20
753.00
754.60
762.00
762.52
753.52
753.32
752.80
747.80
761.60
749.60
753.60
752.80
745.40
753.12
761.80
744.60
752.72
753.72
753.20
752.52
762.12
752.32
760.92
753.20
753.40
753.40
744.72
753.72
753.52
752.12
752.92
752.40
744.52
752.92
744.60
752.40
752.32
752.92
753.40
744.80
752.60
744.72
744.72
752.72
754.40
744.72
761.12
744.92
760.60
747.52
751.72
744.80
751.72
752.80
746.60
754.72
744.92
744.92
752.40
753.60
749.80
744.40
751.80
745.20
752.40
753.20
753.40
752.92
752.80
753.12
752.72
752.32
753.12
752.80
753.12
752.12
761.00
759.12
761.92
745.12
761.60
761.60
761.40
754.20
751.32
752.60
753.92
754.80
752.72
752.52
752.72
753.52
753.00
753.00
753.12
754.32
748.12
752.60
745.40
751.52
753.32
751.80
744.72
742.92
752.80
753.60
753.00
762.32
753.00
761.52
754.60
753.12
754.20
754.00
746.52
752.12
753.32
753.72
753.92
752.72
753.72
754.00
753.40
752.80
753.72
753.52
753.32
753.52
753.60
753.40
752.52
752.80
752.80
752.80
753.12
753.20
753.20
752.92
752.32
752.92
753.12
753.52
752.92
752.72
752.52
753.92
752.80
753.72
752.92
752.12
752.92
753.00
752.80
753.60
753.20
753.32
753.32
753.32
753.52
753.12
752.92
753.20
752.80
752.72
753.52
753.60
752.52
753.40
753.20
753.40
752.52
745.20
756.80
759.32
753.12
761.00
749.80
752.20
752.52
753.52
744.60
752.92
754.20
753.40
752.20
752.60
752.12
753.20
751.52
752.80
751.12
753.12
752.32
752.92
752.72
752.52
752.72
753.32
752.92
752.40
752.52
753.20
752.72
753.72
752.80
753.32
752.72
760.80
761.60
744.20
762.32
752.52
752.72
753.20
752.92
751.60
754.12
753.80
753.12
752.60
753.20
753.40
752.72
752.72
753.60
752.20
752.12
743.80
743.32
752.20
753.20
753.40
752.92
756.92
752.20
753.12
745.20
744.72
744.92
762.80
752.92
753.32
753.12
762.40
752.12
752.60
760.92
753.12
760.20
752.72
753.20
753.32
753.00
752.92
753.20
761.20
762.40
752.60
753.40
753.32
753.12
753.40
750.92
753.32
753.00
753.20
752.80
753.32
753.40
753.60
753.20
752.40
752.72
753.60
753.52
752.92
752.92
754.00
753.12
753.52
752.80
753.00
753.20
753.60
752.80
753.12
753.52
753.32
753.12
753.32
752.92
752.32
752.72
752.60
752.52
753.32
753.20
753.92
752.80
752.80
753.32
752.00
753.72
752.32
752.52
752.92
753.32
752.80
753.40
754.20
752.80
753.20
752.92
752.52
752.60
752.20
752.72
752.80
753.00
753.72
752.72
752.20
752.72
753.00
753.52
753.00
752.52
753.32
753.32
752.92
752.40
752.32
751.92
752.40
751.80
752.52
752.52
753.32
752.12
752.80
753.12
753.12
752.72
752.72
752.80
753.52
753.40
752.52
753.12
753.00
752.12
753.72
753.60
753.32
752.92
752.80
753.12
752.92
753.00
752.12
752.52
752.60
752.52
753.40
752.60
752.80
752.80
752.72
753.00
753.40
752.60
760.80
753.72
752.40
752.52
758.40
743.60
758.32
744.52
744.20
752.60
754.12
753.92
754.40
755.72
761.00
752.52
753.32
763.40
761.40
753.72
752.60
752.92
754.20
752.52
752.80
753.12
753.72
754.00
753.12
753.12
752.80
753.60
754.00
753.60
752.40
752.72
753.92
752.92
753.32
761.40
753.60
754.40
753.12
752.92
753.52
752.80
753.00
753.52
753.32
753.00
753.52
756.00
752.92
753.52
760.60
744.20
752.60
751.40
753.12
752.40
754.52
748.20
752.80
759.92
752.32
753.12
751.72
753.20
753.72
753.12
752.72
761.40
760.72
753.00
753.20
743.32
752.52
752.80
752.52
752.52
752.92
753.40
745.80
743.12
744.52
748.52
745.00
744.52
751.80
752.72
753.92
743.40
760.92
761.00
753.52
751.32
753.12
753.52
753.12
753.52
754.32
752.80
752.72
752.80
753.40
752.72
753.12
752.52
753.12
753.12
753.12
752.72
752.80
752.00
753.32
753.20
753.00
753.00
753.32
752.40
753.12
752.40
752.80
752.80
752.72
752.00
752.60
751.80
752.72
753.12
752.60
753.12
753.72
752.52
752.52
753.20
753.40
752.72
753.20
752.72
752.60
753.20
753.40
752.32
753.20
752.52
752.60
753.60
753.32
753.52
753.12
752.32
753.32
752.60
752.92
752.52
752.40
752.72
753.40
752.40
753.32
752.72
752.72
752.52
752.92
753.60
753.52
753.32
752.72
752.60
752.92
753.52
753.40
751.80
753.92
752.80
752.32
753.12
753.40
753.20
753.32
752.92
752.12
752.40
752.60
753.32
752.72
752.92
752.20
752.92
752.80
753.32
752.40
752.32
752.60
753.60
752.80
752.92
752.60
752.12
752.52
752.00
753.32
752.52
753.32
753.60
752.92
752.92
753.20
753.00
753.12
752.72
752.32
752.80
753.20
752.92
752.92
753.20
752.80
753.60
753.12
753.20
752.72
753.60
751.60
752.60
752.72
753.40
752.60
752.92
753.20
752.20
753.12
753.72
753.52
752.52
752.00
752.80
753.20
751.72
752.80
753.12
753.00
753.12
761.20
751.60
752.72
752.52
752.60
755.12
752.12
753.60
753.52
754.00
752.92
743.60
752.12
752.60
743.72
752.52
762.00
744.52
752.00
753.00
754.00
760.92
752.60
761.52
753.52
752.32
753.20
751.80
746.80
752.52
744.40
752.52
760.60
753.12
753.20
761.32
745.32
761.12
745.60
751.60
752.20
753.12
753.72
761.20
761.92
753.32
752.80
752.60
761.12
762.52
751.92
752.60
755.60
752.80
752.72
754.12
752.92
753.12
752.20
752.80
753.12
753.12
753.12
753.72
752.72
744.32
753.20
753.12
751.92
753.20
752.92
752.72
753.52
753.32
753.92
753.20
753.72
752.20
744.52
761.00
753.12
744.80
761.72
752.52
760.72
757.32
761.72
744.20
753.32
752.80
744.12
753.40
753.20
753.20
753.20
752.72
756.40
753.20
745.32
753.00
744.40
745.52
761.80
753.00
752.80
753.52
753.00
743.60
744.52
747.12
744.12
752.60
752.60
752.92
752.72
753.12
753.12
753.40
752.32
754.20
752.20
752.72
753.12
753.32
753.12
752.00
752.80
752.52
752.52
753.32
753.00
745.60
759.72
752.72
752.72
752.52
753.52
753.12
752.52
751.92
753.20
753.00
752.32
753.20
753.00
753.32
752.92
752.92
753.12
752.60
753.12
753.80
752.60
752.60
752.40
753.20
753.32
753.20
753.40
752.72
752.72
752.20
752.72
753.00
753.20
753.52
753.20
752.60
752.72
753.20
753.00
752.92
752.12
752.92
744.00
761.72
753.72
752.32
752.12
753.72
752.52
753.00
753.12
753.32
753.60
753.20
753.40
752.72
752.32
753.72
753.52
753.20
753.32
753.12
753.52
753.72
753.20
753.12
753.92
752.92
752.80
753.40
753.20
753.92
753.20
753.00
753.72
753.32
753.00
752.52
752.92
753.52
752.80
752.92
753.00
753.40
753.32
752.60
753.60
752.80
753.52
753.92
752.72
754.40
753.20
753.12
753.00
754.00
753.92
753.52
753.52
754.12
753.20
753.92
753.80
752.80
753.12
753.32
753.72
752.80
752.72
753.00
753.00
753.12
753.40
752.20
753.72
753.40
753.32
753.00
752.80
753.60
753.12
753.12
752.80
752.00
753.40
753.12
753.20
753.20
753.60
753.40
752.92
752.52
753.40
753.12
752.60
7