Measuring voltage and current with INA219 ...
297.52
269.32
256.20
268.80
256.20
280.72
263.20
273.92
292.92
280.20
268.20
289.92
261.12
269.80
277.40
264.52
268.20
265.92
248.52
253.12
319.60
265.60
273.52
247.52
250.32
265.92
260.20
292.72
249.00
258.92
256.12
268.20
254.20
270.00
259.32
258.00
283.80
287.20
294.40
280.20
255.92
265.00
300.72
264.00
270.72
275.92
288.80
287.12
275.00
268.12
289.92
293.60
276.40
281.12
275.00
283.80
291.00
277.32
291.00
288.20
272.40
317.32
340.00
274.12
283.80
263.92
268.80
257.32
264.80
283.52
274.32
259.60
274.80
265.92
260.32
281.80
260.72
261.80
266.20
260.92
272.00
269.32
265.12
261.32
275.72
263.72
282.60
270.72
264.60
276.92
256.00
260.52
270.40
257.20
291.32
264.52
270.12
269.32
260.60
273.00
275.00
247.40
265.80
263.12
300.92
249.00
273.32
310.60
338.00
351.72
377.12
405.80
349.20
333.00
363.92
343.32
368.00
306.80
282.52
265.52
258.72
255.32
275.32
282.92
273.92
289.00
257.60
254.32
255.12
253.80
304.12
261.60
251.12
268.00
251.12
262.20
291.60
266.72
270.72
280.12
256.52
260.00
268.20
253.80
259.40
257.40
260.00
280.72
261.00
260.80
269.00
259.72
270.00
286.60
269.32
261.12
257.72
263.20
286.60
269.52
266.12
271.20
262.00
288.00
319.60
267.60
267.60
268.60
263.00
269.60
267.60
253.52
272.32
252.00
257.32
268.80
254.12
267.80
261.20
244.32
252.52
263.20
251.52
267.92
253.12
252.40
284.00
309.12
273.60
259.00
255.92
264.92
269.52
262.00
250.72
362.52
327.60
371.80
452.20
348.80
410.20
337.72
367.60
446.40
451.00
451.92
446.92
452.80
440.52
340.80
384.40
458.92
340.92
499.92
414.20
387.00
555.12
340.72
411.52
432.00
443.72
479.40
542.60
543.80
593.72
610.00
610.20
615.72
612.32
505.52
611.00
615.40
596.80
606.92
613.00
615.40
615.20
614.32
602.60
596.52
596.52
617.52
578.00
579.60
578.40
545.32
598.32
613.00
705.12
676.00
688.32
738.52
385.00
322.00
712.00
502.52
343.60
304.40
305.80
305.92
304.00
682.00
305.12
309.20
315.72
320.60
594.40
341.72
301.60
319.32
419.72
339.52
699.92
303.20
295.92
299.92
304.32
300.92
452.92
283.72
289.92
345.92
291.32
655.12
287.92
293.80
321.12
294.00
304.80
354.20
309.00
252.60
245.60
250.12
341.92
329.92
252.12
257.92
248.20
256.00
301.52
276.00
241.80
255.12
242.60
250.00
240.52
262.92
282.80
255.80
269.52
254.52
239.12
265.32
265.80
262.60
288.40
281.00
275.40
318.60
297.92
312.92
320.60
294.40
382.12
313.80
297.12
299.00
253.60
253.00
240.00
238.60
243.00
302.12
238.52
261.12
241.80
238.60
236.80
245.00
234.12
237.00
249.80
276.52
263.52
244.72
253.80
265.20
243.92
249.12
251.00
241.00
253.60
257.72
260.00
296.80
242.00
252.80
279.40
256.60
254.00
251.00
240.20
247.72
247.72
321.52
247.92
237.60
253.80
316.92
249.20
281.00
364.12
295.40
312.00
294.40
256.40
263.52
295.20
282.72
288.80
265.00
269.72
254.20
254.00
257.20
267.80
256.92
264.92
252.00
240.52
280.52
262.92
263.72
242.52
234.20
267.72
272.92
294.32
282.12
267.32
250.92
288.32
309.52
326.72
299.80
315.72
336.32
340.12
282.60
305.60
305.52
238.32
262.52
254.92
338.92
297.92
248.32
241.80
284.40
279.60
252.12
264.12
249.12
250.92
258.20
282.00
253.32
248.40
258.92
252.80
243.32
241.80
254.52
228.60
243.32
260.12
277.52
272.72
263.60
245.12
298.00
264.52
252.20
265.60
236.72
257.72
265.52
255.12
258.12
259.00
236.40
240.40
245.80
241.60
242.80
229.92
234.20
262.60
249.60
250.00
268.52
236.32
260.20
326.32
283.60
251.92
233.20
241.92
250.52
234.32
285.72
246.72
241.80
233.00
264.12
236.80
238.32
233.40
244.32
286.20
249.32
246.40
270.40
231.92
238.12
255.12
248.00
258.12
245.92
233.12
231.80
230.32
233.92
231.52
230.72
231.80
249.00
232.80
244.40
239.52
242.32
250.80
253.40
253.20
300.40
246.20
254.72
272.32
249.32
260.00
246.60
247.00
249.60
257.92
248.00
247.80
233.80
242.20
243.12
249.00
247.80
319.32
248.40
247.92
248.20
257.92
242.60
250.00
231.72
239.32
238.52
237.32
292.52
325.32
282.60
321.20
331.20
331.12
319.92
325.80
311.00
332.52
327.92
341.00
307.60
333.60
349.52
322.40
317.20
313.92
296.00
300.12
271.52
282.32
325.60
301.60
263.92
298.32
256.00
260.00
271.20
248.40
256.40
249.80
256.72
245.12
260.40
240.20
242.20
240.32
240.12
267.80
248.32
275.72
245.12
243.60
260.60
288.20
248.32
261.92
258.80
267.20
252.40
256.52
251.00
273.12
257.52
248.80
243.00
233.00
240.32
239.60
238.60
266.00
236.92
240.32
260.60
252.20
259.92
333.92
243.12
253.32
249.20
254.00
265.20
316.60
285.80
324.40
249.60
243.80
317.52
239.12
249.32
262.32
246.52
270.72
271.60
273.40
299.60
296.72
260.32
258.52
255.40
252.60
282.92
261.92
254.60
234.92
235.00
238.32
274.92
270.60
267.80
243.32
250.32
272.92
259.40
275.80
254.12
249.32
267.72
317.80
255.72
258.32
276.20
260.92
273.80
248.40
245.92
251.60
229.72
236.60
240.60
236.20
246.60
222.40
239.60
269.92
255.40
258.72
254.00
264.32
284.52
291.72
251.92
254.40
250.72
243.20
241.12
236.20
235.12
251.32
228.40
232.92
246.40
276.12
244.00
246.12
242.20
247.60
252.72
255.80
265.92
239.32
246.32
271.12
253.92
242.92
278.72
271.92
234.80
234.80
238.20
221.12
232.12
235.52
259.52
248.60
254.00
245.52
241.40
251.80
252.80
248.52
265.92
236.80
255.60
267.52
283.92
314.20
266.92
249.52
258.12
259.32
264.12
280.20
238.52
246.52
249.72
243.52
240.92
261.40
229.92
243.12
248.20
253.32
238.52
229.00
237.92
234.92
232.92
233.12
236.32
236.72
238.20
260.80
252.40
251.12
252.00
245.12
249.40
250.20
257.40
260.20
274.00
262.00
269.32
249.80
263.32
249.80
253.72
246.00
252.12
244.32
234.60
236.32
250.32
244.40
248.80
248.52
265.32
241.60
247.60
247.80
250.60
255.40
228.32
253.40
259.40
237.40
233.20
248.00
284.40
235.00
245.52
241.60
254.92
272.60
256.52
251.80
251.40
249.72
270.32
239.92
251.40
270.80
241.52
262.80
240.32
258.40
248.60
245.52
242.92
247.32
230.72
241.60
258.72
248.60
245.60
264.40
247.72
249.72
250.32
247.12
229.80
238.92
250.40
275.20
305.60
309.72
298.00
262.20
305.60
256.40
246.52
250.52
245.52
254.40
264.32
293.20
255.32
266.92
244.52
288.80
264.32
241.60
241.52
226.40
226.52
234.72
234.32
239.52
254.80
226.52
235.40
243.12
243.52
250.32
251.00
243.40
249.72
251.12
248.32
235.80
247.92
281.12
303.40
237.52
239.20
225.60
226.12
238.00
240.92
236.92
232.40
226.20
300.80
269.32
248.92
255.00
253.60
302.40
256.12
307.20
273.52
256.80
233.12
255.92
248.20
263.40
268.40
281.72
262.60
278.20
250.72
300.72
246.20
289.12
247.92
310.32
325.52
254.72
268.80
255.20
257.72
270.40
242.12
256.32
246.40
272.12
246.20
273.60
264.92
250.00
238.60
253.20
269.12
277.52
265.92
249.00
261.20
271.92
254.00
245.00
260.72
261.20
260.80
341.32
278.72
311.12
297.60
276.12
273.80
304.32
357.20
269.72
249.92
255.12
276.52
270.60
279.12
280.20
258.00
279.32
277.92
299.32
279.20
291.12
266.80
274.20
258.92
285.12
252.32
284.92
285.60
289.80
273.40
286.52
256.12
307.20
309.20
258.52
299.60
271.00
242.20
270.80
274.12
308.40
313.20
296.32
273.52
278.52
283.20
256.72
258.32
267.80
256.00
279.52
258.92
253.52
307.12
303.92
310.92
333.00
305.20
297.32
313.60
350.12
328.32
315.60
337.72
322.12
316.92
363.92
338.32
341.12
304.32
276.40
290.00
309.32
292.92
315.32
369.52
273.00
278.80
302.52
276.52
351.00
296.52
248.40
232.32
230.80
233.60
233.80
243.52
246.00
263.60
246.20
245.72
267.72
244.60
249.60
254.40
252.00
244.80
226.52
258.12
272.92
258.92
252.60
251.52
237.80
249.12
248.20
241.40
241.80
265.12
259.20
250.32
248.12
248.40
266.60
238.40
297.60
243.00
237.92
247.20
234.32
227.20
241.60
236.20
244.92
247.92
227.00
248.32
261.40
246.52
249.92
268.12
246.20
249.80
249.80
252.80
234.92
236.72
236.72
256.60
235.52
238.00
232.72
247.12
251.72
255.40
243.60
244.92
248.12
252.12
261.60
313.80
282.20
292.60
269.40
284.80
257.80
265.60
260.00
267.40
237.12
241.12
238.40
241.40
266.00
239.40
251.60
260.80
257.12
253.60
249.72
254.80
278.20
256.80
258.00
247.12
259.32
267.72
324.72
308.80
238.20
230.52
222.60
234.00
258.80
247.72
235.40
253.80
267.72
268.12
263.72
256.32
288.92
258.20
251.60
252.12
248.60
232.32
249.60
250.00
314.60
249.40
317.12
322.40
241.92
253.00
264.72
263.72
260.20
268.20
271.20
354.72
321.92
365.80
379.92
356.32
271.12
270.32
250.12
254.52
237.72
240.20
240.12
245.52
241.12
259.92
227.72
249.32
275.52
258.32
264.20
250.20
248.40
259.92
265.80
258.32
266.92
234.20
255.60
252.92
248.32
245.00
262.92
241.12
247.80
260.00
309.80
257.72
246.20
276.00
291.40
266.60
277.52
287.92
253.72
262.00
267.72
252.52
248.20
245.00
256.92
252.92
248.12
252.80
280.40
258.52
264.40
285.20
262.92
263.32
256.20
250.32
270.52
274.12
268.60
283.40
255.80
271.20
282.72
283.12
312.80
280.40
242.52
278.40
253.40
246.00
235.92
254.12
255.92
266.92
252.52
255.92
245.20
244.00
252.72
255.92
253.92
246.12
228.52
264.12
275.00
264.52
260.00
276.80
251.00
253.60
263.40
260.92
258.00
246.92
242.72
301.72
245.12
251.20
321.52
245.60
248.40
249.40
257.92
240.20
239.20
227.32
231.80
236.32
235.72
236.92
235.00
254.60
259.80
254.20
258.32
251.80
247.72
251.12
254.52
250.00
241.60
218.32
233.40
254.12
247.60
259.32
233.80
227.52
231.32
234.00
237.12
247.40
270.40
259.00
251.60
246.20
251.52
269.00
245.20
250.32
254.52
240.00
240.40
218.12
241.32
241.60
233.40
232.72
247.72
225.60
242.92
297.52
256.60
255.00
249.20
252.20
253.92
245.72
259.40
239.20
248.80
244.32
261.20
243.52
255.40
241.72
273.00
304.52
237.40
243.72
254.12
238.60
253.20
263.40
253.12
253.72
256.00
288.72
246.00
250.72
251.00
222.00
243.12
249.00
272.60
251.72
251.40
270.60
237.52
253.52
260.60
253.20
255.00
240.00
249.60
252.20
246.60
257.60
246.72
243.72
270.60
329.92
246.92
242.92
222.80
228.52
233.80
233.40
238.12
256.00
228.52
250.72
270.00
241.52
256.72
248.52
245.92
248.20
247.52
245.80
238.00
235.92
241.72
256.72
233.52
238.92
251.00
227.12
233.00
240.00
238.72
233.32
226.32
247.80
313.52
299.60
255.20
249.32
243.52
247.20
260.52
244.80
233.72
235.72
236.20
251.20
237.12
236.52
260.80
253.00
246.32
254.12
249.60
256.72
246.20
242.80
256.00
248.12
254.00
248.52
227.80
235.32
249.52
239.92
291.20
288.12
321.12
332.72
347.60
359.80
315.52
283.92
319.00
382.40
272.00
259.00
250.80
238.52
256.12
251.12
241.60
250.20
234.92
247.60
256.32
250.60
251.40
263.72
240.52
254.60
249.40
249.32
232.72
242.60
238.00
250.20
253.52
251.40
264.80
236.60
250.12
251.72
271.92
296.72
303.12
234.20
238.00
233.32
233.52
226.12
235.20
244.52
270.32
248.00
252.00
241.72
234.12
247.60
290.92
243.12
241.12
223.52
231.60
254.60
238.40
241.40
256.12
235.80
242.92
238.92
241.80
234.60
247.52
245.92
250.72
257.52
266.20
331.40
262.00
271.20
267.72
258.72
256.60
237.00
257.32
273.92
256.72
254.12
261.12
262.12
274.72
293.72
275.72
353.40
345.40
323.52
335.00
347.80
326.72
300.72
246.92
271.72
296.60
258.00
270.40
255.12
247.72
256.52
256.80
263.40
268.12
302.52
277.52
292.72
274.00
272.40
299.12
269.12
268.40
284.00
281.32
265.20
254.12
278.52
291.52
274.72
280.60
285.92
276.32
281.80
343.52
279.52
278.92
264.00
265.92
270.92
281.00
279.32
289.92
302.12
345.12
311.72
328.32
293.72
272.72
273.60
276.72
256.20
254.40
275.00
247.72
272.20
303.32
272.92
274.72
287.80
271.92
276.60
269.00
271.92
261.40
264.72
278.92
287.52
260.20
267.32
250.00
252.00
261.40
277.12
267.92
276.20
256.80
260.92
274.80
269.40
264.72
281.00
268.52
289.52
280.72
264.60
255.32
246.32
250.32
262.80
259.60
253.80
275.92
255.40
274.32
284.00
280.40
268.80
280.32
255.40
278.92
268.80
266.12
255.12
254.40
254.72
267.40
282.40
250.20
235.00
236.80
244.72
244.80
255.32
245.92
233.32
261.52
297.92
311.40
264.92
269.40
259.80
259.12
264.92
266.52
260.40
263.40
263.92
266.72
261.80
297.20
278.20
250.20
261.92
251.72
247.92
242.40
228.72
254.52
256.72
251.80
252.40
254.80
231.00
334.80
265.20
269.60
261.12
242.72
244.00
243.72
257.60
290.52
242.52
245.92
242.32
266.40
257.80
259.40
247.12
240.80
252.40
251.60
249.00
253.72
233.00
249.12
257.12
232.40
232.72
247.72
227.72
232.80
243.00
238.52
237.12
242.12
253.00
272.92
253.40
245.52
264.32
235.52
243.12
243.92
255.20
303.52
224.52
228.92
233.80
231.40
229.72
246.32
236.52
235.60
253.60
238.20
247.12
234.72
237.20
250.32
247.92
246.40
267.40
238.72
247.12
258.40
249.20
240.32
236.32
226.40
228.32
230.40
288.80
226.92
224.12
234.20
258.32
244.92
259.00
296.72
241.72
239.60
241.12
236.92
239.20
225.92
262.20
289.60
296.20
275.20
257.00
264.12
288.72
261.40
273.52
245.80
270.20
247.72
247.00
241.72
265.12
258.92
231.72
239.20
241.00
251.80
253.52
241.72
222.32
230.92
235.20
229.80
241.52
260.00
244.92
258.60
256.20
256.00
254.12
248.20
303.32
248.80
256.52
237.32
238.32
245.52
263.80
231.12
236.32
226.72
221.80
231.12
235.00
230.52
231.32
230.40
244.92
247.32
244.60
249.60
268.92
242.40
249.80
253.40
250.32
259.92
246.32
271.32
299.72
263.40
232.60
250.40
235.92
246.20
256.92
258.20
312.00
259.00
266.00
264.32
260.12
266.52
250.12
258.40
257.60
295.72
262.72
276.72
246.40
241.52
255.12
257.40
257.80
256.12
235.52
264.80
277.40
261.72
266.20
268.12
256.00
270.92
272.60
251.52
239.32
251.60
247.80
242.40
261.40
237.80
256.12
229.52
249.40
287.40
275.20
315.00
314.20
342.92
377.92
282.52
330.92
326.80
309.20
315.80
328.92
300.72
290.00
300.00
282.52
278.32
313.72
303.72
259.52
231.12
235.12
269.00
309.12
356.00
333.20
279.20
263.12
256.60
260.92
247.60
242.20
251.12
267.80
236.12
240.00
255.40
228.72
237.60
258.20
237.92
238.32
239.20
252.52
272.12
252.32
282.92
312.40
240.40
254.52
265.20
243.52
249.52
254.52
242.00
243.52
255.60
290.40
267.52
241.20
244.60
265.60
256.92
256.92
244.80
242.12
253.20
267.20
281.20
259.40
236.20
250.92
266.20
242.12
238.12
249.32
231.40
237.00
240.20
251.72
231.72
244.40
251.40
268.40
260.92
278.32
250.92
246.40
254.40
249.52
253.52
308.72
227.80
252.60
266.12
260.60
281.80
279.80
248.32
251.60
261.20
253.32
253.52
243.00
247.60
262.20
256.92
252.80
265.52
246.12
259.12
260.00
256.40
255.20
221.12
231.32
238.32
236.72
243.00
231.40
231.20
237.92
262.72
251.40
2