Measuring voltage and current with INA219 ...
269.60
281.12
286.32
268.52
290.92
279.52
267.20
282.12
278.12
286.12
308.92
285.52
274.12
269.32
267.12
267.60
348.32
274.40
313.12
270.60
250.52
277.60
251.92
271.20
272.80
256.80
265.32
285.32
270.60
262.72
275.60
268.92
288.52
262.80
300.40
321.60
307.20
317.40
329.52
264.32
306.92
324.92
335.40
293.40
274.60
282.20
278.72
264.80
279.52
283.40
267.80
280.40
295.92
325.00
266.40
274.72
270.00
269.72
302.40
250.20
267.60
249.12
279.92
257.00
270.00
256.40
268.40
269.12
275.80
260.52
259.60
297.60
263.20
261.20
272.20
254.32
264.20
285.92
264.40
268.20
251.32
252.20
273.40
255.32
270.60
254.60
262.40
305.60
276.12
264.20
270.40
261.52
273.32
269.20
277.32
259.92
268.80
259.20
259.72
262.00
253.80
238.52
252.00
253.12
272.40
262.52
254.40
274.00
266.32
261.52
292.20
300.52
294.12
256.60
259.52
269.40
272.80
272.52
250.92
268.80
278.92
359.20
284.92
258.72
292.00
301.40
313.92
271.20
257.12
275.72
264.72
267.60
282.12
347.00
284.92
301.40
266.32
276.72
342.52
327.80
282.60
368.60
348.80
374.12
368.52
354.92
396.20
410.40
424.32
424.92
425.20
427.52
467.20
372.40
359.92
336.72
493.72
501.00
347.72
447.00
368.52
333.40
538.92
443.80
509.12
459.40
590.12
592.92
557.32
571.60
592.52
587.80
559.72
591.60
554.92
585.80
589.20
592.00
593.72
582.80
582.52
592.60
595.40
555.60
552.12
543.72
550.92
552.20
563.72
556.40
566.40
634.72
666.80
723.32
709.20
373.80
662.80
508.60
705.32
422.92
308.72
382.92
559.20
311.32
310.80
304.00
305.80
694.92
334.20
444.60
346.60
622.52
636.80
647.12
314.92
348.60
319.20
326.72
653.00
292.60
307.52
338.12
300.52
322.00
463.80
296.32
293.60
303.92
392.12
469.20
347.32
339.32
346.60
323.80
329.32
363.20
330.00
316.80
305.60
296.12
319.00
327.60
294.32
309.40
307.52
298.80
297.72
294.80
343.72
325.20
320.32
307.20
339.52
397.00
396.52
396.52
397.60
425.00
390.12
369.80
322.52
323.40
300.00
313.80
314.80
322.72
307.92
313.32
297.12
318.40
306.00
341.40
320.52
317.52
327.00
377.12
323.52
334.20
317.60
303.32
297.20
326.12
325.60
306.12
274.80
243.52
257.00
265.52
271.12
271.80
261.72
298.12
294.20
358.92
285.40
267.40
281.60
265.92
271.12
258.20
258.60
252.52
246.60
258.40
280.80
255.80
267.60
244.60
254.00
311.20
311.32
340.20
281.40
277.52
316.72
285.60
308.20
296.80
289.92
279.12
281.12
302.60
280.60
290.40
290.00
313.40
344.92
278.00
276.00
273.20
263.32
288.80
283.60
273.12
271.12
282.40
269.60
271.00
274.12
256.00
239.72
248.40
264.80
283.72
261.20
299.92
262.32
259.52
283.52
279.32
278.52
264.92
260.40
267.72
274.60
262.52
274.80
331.60
272.60
287.60
307.60
253.52
255.12
251.60
263.00
254.92
255.40
259.92
269.40
259.80
287.60
283.12
275.80
271.00
256.00
265.20
279.80
328.72
264.92
239.12
250.12
252.40
277.52
255.20
256.60
255.32
254.92
257.32
263.72
272.32
275.40
266.92
320.52
320.60
323.00
321.80
295.92
322.72
322.92
318.12
310.52
288.72
298.32
305.40
320.80
315.20
310.32
308.20
302.72
318.52
318.72
319.12
318.40
307.32
318.12
318.72
321.80
321.72
305.80
318.40
335.80
367.20
334.40
288.40
259.32
271.72
264.92
271.60
315.52
257.20
244.12
261.00
280.52
256.60
261.20
246.32
249.80
254.20
249.12
239.60
227.72
229.60
239.80
249.20
257.72
274.20
277.60
258.40
255.40
257.92
263.80
252.80
262.12
256.72
284.00
254.32
253.12
243.60
236.40
242.80
280.92
252.00
276.80
285.00
251.80
249.92
245.80
252.52
256.12
252.80
249.12
274.20
252.40
285.52
263.92
261.40
260.00
261.00
271.60
310.80
329.12
261.20
255.92
292.32
259.92
251.92
253.20
248.20
258.52
259.72
247.52
255.32
258.40
278.40
257.80
273.12
292.32
295.52
377.92
330.80
342.52
293.52
298.60
279.80
285.32
243.60
248.40
239.52
247.20
259.92
275.60
257.12
256.12
246.80
252.80
255.60
258.60
261.60
269.40
240.72
242.20
244.20
240.20
253.40
321.00
246.20
245.40
247.92
247.72
247.40
268.80
282.80
263.40
252.40
251.32
236.40
245.80
244.52
248.60
240.40
235.80
229.92
237.12
257.12
295.32
281.12
316.72
238.52
243.52
261.00
262.00
262.20
249.72
269.72
259.32
255.60
254.92
316.12
254.52
246.32
271.92
277.00
307.92
266.72
309.92
322.12
277.20
355.52
311.00
302.40
294.32
290.32
254.00
294.60
256.20
251.80
255.40
262.00
258.40
232.60
247.00
250.00
274.60
251.12
250.92
235.92
239.60
236.32
242.60
242.92
234.52
239.00
258.92
259.20
246.52
246.52
257.00
248.12
265.60
288.72
234.52
216.12
234.40
239.12
263.72
239.60
241.00
242.12
240.32
253.40
261.52
250.12
243.40
233.32
242.72
247.80
243.12
252.60
221.80
239.12
250.32
280.60
247.40
247.72
241.00
250.60
250.72
265.80
306.20
297.20
255.32
249.12
272.80
308.92
255.92
256.60
253.60
253.52
254.20
236.72
209.72
223.60
234.80
315.60
239.32
232.52
238.00
236.72
238.00
250.92
251.72
261.52
242.92
251.60
268.80
245.72
251.52
270.32
256.40
245.12
254.72
238.52
240.80
229.52
243.60
234.72
237.32
275.52
243.32
245.80
244.40
245.20
242.60
238.40
241.80
242.00
237.12
236.20
233.32
242.60
276.20
304.20
344.92
327.60
288.12
224.40
231.60
230.52
237.60
243.72
232.32
243.60
243.00
264.20
240.80
254.92
239.92
241.52
235.80
241.32
236.00
256.40
230.72
227.60
236.12
227.72
226.92
245.00
232.80
242.52
240.00
308.52
267.92
234.92
244.52
245.20
257.20
243.92
246.72
230.60
230.20
241.32
236.12
236.72
238.72
245.20
243.20
252.92
256.72
239.52
255.12
262.92
288.72
262.20
296.72
285.20
276.00
271.20
269.20
255.20
259.52
255.52
285.32
265.92
263.00
250.20
259.32
244.72
249.40
265.20
259.20
223.00
238.40
258.40
247.92
249.12
245.80
253.00
289.00
233.72
236.72
240.32
237.80
260.12
276.92
242.60
236.60
239.72
227.92
253.80
294.32
267.32
240.20
240.72
242.80
250.20
242.60
249.00
248.72
239.60
232.12
232.72
253.12
233.40
248.72
237.92
232.92
236.72
242.40
251.32
228.72
248.00
244.92
261.52
251.00
291.52
249.32
253.00
257.32
234.80
234.00
226.40
234.12
244.80
302.32
287.20
237.92
234.60
236.32
250.12
266.00
251.52
251.80
245.20
245.92
256.80
295.92
251.72
251.72
255.32
253.92
270.92
248.40
261.92
248.32
257.92
256.92
251.72
246.80
248.32
243.12
253.40
256.40
247.40
239.20
260.80
245.20
256.60
306.32
238.52
217.12
227.00
239.52
259.00
239.92
242.72
224.80
232.92
275.40
247.40
243.12
245.00
238.72
248.60
244.92
243.72
244.40
258.92
243.40
233.00
234.60
243.00
239.72
230.52
247.40
240.40
242.92
256.72
236.72
249.12
249.52
273.40
300.32
242.20
263.92
251.60
256.80
255.80
256.60
266.60
233.60
235.92
264.60
242.00
247.40
230.00
244.72
241.32
260.00
258.20
262.72
257.92
259.60
261.52
291.00
285.80
292.12
285.00
316.32
262.32
251.80
233.52
248.32
253.52
263.92
263.20
311.80
254.12
254.20
259.80
263.12
263.12
264.40
257.80
260.72
262.52
269.60
266.12
245.00
261.72
264.80
279.72
259.20
262.20
261.12
274.92
264.00
248.72
253.00
242.52
244.12
254.72
274.80
253.00
261.80
247.72
255.72
255.72
258.00
247.60
275.12
307.20
246.72
243.40
251.20
246.32
261.00
258.12
256.40
255.60
252.60
243.60
242.00
313.60
306.00
302.72
299.80
278.92
292.60
290.60
291.20
242.40
285.52
233.40
280.80
239.52
287.00
268.32
270.32
256.12
253.40
262.00
242.60
260.40
278.00
252.00
253.12
236.32
247.60
247.80
247.72
251.40
264.12
247.40
269.92
255.00
248.52
242.20
246.00
242.60
211.52
261.92
234.32
276.52
238.40
290.72
238.80
259.72
238.40
282.32
242.80
292.32
281.72
276.72
289.92
310.72
251.00
325.12
338.72
269.32
308.00
258.92
245.72
235.80
254.20
248.72
270.20
248.20
251.40
251.00
242.12
261.20
257.60
260.80
244.12
257.60
238.32
259.92
236.40
242.40
237.20
256.40
253.52
283.40
240.60
273.52
250.00
254.20
260.32
293.72
245.00
244.20
277.92
321.80
284.80
266.52
307.72
259.20
242.20
259.80
267.92
258.92
248.80
252.92
251.20
247.20
347.12
307.20
310.92
260.12
285.92
297.72
230.32
228.12
249.72
286.60
241.72
243.92
241.60
241.52
248.40
271.60
252.92
262.00
256.20
265.52
287.20
297.32
258.00
221.12
251.20
267.32
292.40
258.40
272.80
230.00
245.12
242.52
250.12
237.00
225.32
279.12
250.12
246.92
244.12
241.80
254.72
277.52
236.72
253.80
241.72
262.20
251.00
256.92
244.92
262.80
303.32
286.60
303.20
304.00
308.72
310.00
306.32
284.60
268.20
243.00
243.92
269.60
235.00
264.80
265.20
295.60
268.00
275.80
273.60
267.92
268.92
269.72
265.92
282.32
276.60
270.40
271.72
273.72
267.40
264.60
271.32
257.12
251.80
256.52
236.20
256.40
261.92
275.92
266.40
294.40
364.52
256.00
249.60
278.52
259.00
249.12
240.20
252.32
266.92
256.40
263.60
264.52
258.32
259.00
282.60
273.80
265.00
258.92
269.60
275.12
249.60
247.20
264.92
244.00
255.00
247.60
239.92
245.52
240.20
240.12
244.52
242.92
245.20
259.80
269.52
271.32
315.00
289.52
250.92
261.92
250.72
250.00
259.20
260.32
249.92
240.12
242.60
259.72
248.60
245.52
238.72
241.92
239.12
252.60
245.00
235.40
237.20
238.32
252.52
241.12
245.52
264.40
254.80
255.20
258.40
254.40
266.92
291.60
283.20
286.72
285.80
297.92
328.80
261.20
257.40
265.72
255.12
250.92
256.20
257.20
254.52
253.00
252.12
242.32
254.72
257.60
273.80
267.72
275.72
253.12
246.00
248.52
239.40
239.20
230.72
232.00
239.52
245.52
250.72
242.00
250.80
260.40
251.72
244.92
244.92
232.80
242.72
241.72
245.92
246.20
247.12
262.80
246.40
243.60
282.92
246.72
237.00
234.52
248.80
244.60
240.00
240.40
215.20
238.72
240.00
263.32
238.40
238.92
237.60
238.92
240.00
241.40
237.52
256.52
258.32
249.12
307.60
246.80
254.92
311.20
250.72
248.80
247.92
245.60
220.12
239.92
237.00
237.72
239.12
236.32
250.12
295.72
241.72
241.00
240.40
231.52
234.00
239.92
257.92
239.80
249.60
236.40
252.60
259.80
274.12
259.32
255.20
253.80
251.32
279.32
302.72
262.00
264.52
307.32
351.52
275.52
254.00
267.72
252.00
253.60
248.52
251.60
243.52
232.92
242.20
242.92
267.12
251.80
250.40
255.52
256.40
256.92
252.52
251.40
244.20
249.52
252.32
268.40
248.12
251.40
239.32
239.80
233.40
249.20
284.12
229.00
226.00
233.40
234.52
232.52
232.32
237.00
233.00
232.72
239.60
233.40
240.00
235.80
245.72
242.80
241.52
237.00
245.72
235.72
240.32
286.20
231.52
223.40
222.40
238.00
231.92
236.52
239.52
201.20
238.52
268.52
266.60
239.92
281.60
231.00
233.72
233.20
241.12
236.00
231.20
234.20
235.32
245.32
235.80
236.32
239.92
231.92
229.12
241.40
234.00
229.92
225.00
231.20
236.60
230.00
235.40
244.52
237.00
263.72
249.72
246.40
239.12
241.72
245.00
247.52
257.72
251.00
254.52
250.00
243.80
260.32
240.52
241.20
238.20
236.12
238.92
234.20
233.20
233.00
240.40
243.80
262.32
243.12
248.60
241.92
241.32
244.00
242.20
241.00
214.80
247.80
247.92
249.92
251.52
253.00
254.00
245.92
248.52
253.52
260.60
244.12
285.32
249.32
257.20
235.80
233.52
240.60
235.52
235.60
255.32
234.00
225.92
227.92
292.72
237.20
235.20
234.80
241.00
241.40
262.92
262.80
239.72
245.32
241.72
241.40
241.60
235.60
231.32
236.32
235.40
234.92
249.72
237.52
238.80
261.80
250.60
313.12
321.40
238.12
205.00
235.40
233.00
263.40
233.80
245.60
242.80
246.80
241.12
257.60
238.52
233.80
236.92
241.52
252.00
236.40
240.60
259.20
241.92
252.52
280.32
252.60
242.12
238.20
254.60
256.60
256.12
247.00
2