Measuring voltage and current with INA219 ...
276.80
273.12
272.40
248.92
286.40
266.92
259.52
273.60
255.40
280.92
322.00
271.12
258.72
263.12
257.32
273.00
276.20
259.52
281.80
264.00
260.20
270.20
256.32
264.60
264.92
233.92
248.80
279.12
263.72
277.72
264.60
259.80
262.32
253.20
250.72
262.80
253.60
269.00
267.92
256.52
271.12
271.12
250.12
282.92
283.40
260.80
264.00
232.72
271.80
268.32
262.80
287.32
281.80
261.40
286.72
278.52
268.20
313.40
309.00
346.00
391.00
376.60
385.60
321.72
269.60
314.72
337.72
335.12
306.92
274.72
267.00
359.00
400.40
290.52
309.52
273.20
353.52
357.40
344.80
356.00
314.20
296.60
355.92
297.12
308.80
348.00
268.12
350.72
354.72
294.72
323.92
288.60
281.40
350.12
355.60
286.20
350.20
285.32
344.72
356.80
285.92
306.40
284.52
282.72
340.60
286.00
268.20
324.92
252.52
280.60
371.92
275.60
286.52
311.52
258.32
367.52
296.60
273.72
341.20
276.32
290.00
348.00
282.92
285.12
301.72
266.60
350.92
454.60
340.40
338.52
395.92
351.12
456.40
462.72
364.52
443.20
418.40
458.60
457.12
458.00
387.32
318.12
375.20
486.60
350.12
485.80
539.72
355.32
491.60
340.32
332.20
506.40
469.92
401.52
613.12
537.72
604.72
626.40
573.92
621.20
623.52
553.00
615.20
621.52
597.00
619.32
620.32
624.00
586.80
558.60
576.60
586.12
600.32
591.20
584.12
641.80
674.00
673.72
751.40
754.72
732.00
725.60
756.00
756.20
401.32
334.92
604.20
678.92
556.52
400.40
332.40
413.32
319.32
645.00
310.60
298.32
306.52
286.32
631.40
313.52
309.60
340.12
536.32
284.40
721.12
306.92
300.20
303.12
295.72
589.00
359.80
303.32
314.72
356.20
299.12
637.80
309.80
297.20
396.80
282.80
333.00
329.80
302.12
263.00
254.92
241.12
316.52
300.12
259.20
271.80
249.80
256.12
280.20
245.92
247.92
246.60
243.40
257.92
248.00
254.40
266.92
262.52
244.60
272.00
246.52
242.80
289.80
246.52
299.72
300.52
253.40
270.80
242.20
257.52
267.60
242.92
250.32
256.80
233.00
252.12
252.60
244.20
252.00
240.32
237.52
281.40
253.32
257.80
275.52
244.00
249.20
264.20
267.60
264.40
264.80
262.72
274.40
258.32
259.00
263.12
245.12
249.72
266.52
287.52
261.40
250.32
235.32
240.92
242.20
248.12
266.20
238.52
236.72
253.12
262.32
251.00
244.40
237.80
241.52
243.92
254.32
263.40
248.92
244.52
259.20
247.80
286.72
243.12
229.72
233.00
242.60
237.40
237.52
235.20
225.52
255.32
239.60
261.60
241.12
223.60
231.12
232.40
230.60
232.00
232.80
230.40
234.12
237.52
236.20
250.20
272.32
227.00
235.12
235.32
236.72
237.52
213.32
228.00
233.00
231.92
264.80
223.52
231.60
233.40
237.92
226.92
226.12
296.12
233.52
226.92
296.32
268.12
337.52
280.00
251.40
229.72
236.80
234.52
221.20
224.20
239.92
231.32
232.72
229.60
220.92
246.12
235.00
234.00
236.40
222.32
235.32
242.60
242.40
251.32
254.80
243.80
225.40
238.12
233.52
255.92
238.52
238.40
247.32
251.52
245.72
261.00
254.00
254.12
239.60
237.00
252.12
233.40
230.32
245.92
235.92
225.20
226.20
216.00
211.40
228.20
230.52
250.20
231.20
223.92
247.40
230.00
233.60
237.12
228.20
229.80
236.60
228.12
240.40
257.12
231.00
227.00
231.20
229.20
243.32
250.80
291.72
290.00
291.12
269.92
241.60
218.12
248.40
227.92
231.52
250.52
232.20
238.32
236.12
232.52
233.80
231.20
228.40
224.80
228.40
229.20
249.20
213.00
225.32
250.40
238.72
231.20
231.12
208.80
221.40
245.72
229.20
248.80
224.32
241.52
283.92
234.52
230.52
246.20
221.20
229.32
241.32
230.40
236.12
242.20
229.72
308.20
321.00
251.60
231.92
218.52
231.72
234.00
286.40
254.52
251.72
239.52
268.20
249.40
246.72
249.92
259.60
251.20
265.80
244.52
263.80
312.92
313.12
376.80
403.72
347.40
394.32
262.52
249.12
302.40
265.52
259.12
254.12
306.92
288.72
298.12
287.12
301.40
318.12
293.00
309.52
270.92
303.12
403.80
389.92
377.60
337.00
378.60
350.32
301.80
279.00
302.60
275.12
297.00
297.20
259.60
296.92
314.60
307.92
315.20
314.40
278.52
268.12
262.92
304.72
288.80
241.40
262.40
331.32
275.60
281.00
318.52
286.72
364.80
382.92
370.32
367.92
404.12
395.00
417.12
316.72
351.40
370.52
421.20
265.80
251.32
250.40
250.40
248.00
241.80
268.92
257.40
271.12
260.20
229.72
262.52
254.00
269.40
279.92
268.92
267.52
263.52
262.92
256.72
268.80
246.32
246.80
242.80
244.60
254.32
262.32
296.72
286.80
303.52
258.32
289.92
253.52
281.00
253.00
315.20
301.40
300.92
236.00
301.92
265.32
293.00
293.20
326.20
257.32
277.32
271.32
251.72
283.60
252.32
253.80
281.52
262.40
267.92
235.32
268.52
278.12
240.92
255.40
280.92
240.72
258.40
242.12
276.32
246.72
272.80
258.20
277.52
247.80
288.40
278.72
244.12
247.92
258.92
260.40
256.52
274.52
270.80
261.12
246.32
323.52
251.60
251.12
245.92
269.40
254.32
268.00
261.20
247.92
254.40
266.00
249.60
307.92
239.52
250.40
274.00
257.92
271.12
269.20
230.52
250.20
262.52
243.32
273.00
262.32
256.60
255.40
256.00
253.32
269.60
260.80
291.32
254.60
265.92
262.60
259.80
262.52
289.40
241.92
250.12
247.00
234.20
250.32
288.12
258.92
288.92
260.60
270.32
304.32
261.32
250.12
274.12
249.00
251.32
255.80
255.92
259.00
262.00
256.20
262.60
265.00
263.72
285.12
250.20
266.60
326.32
271.52
267.40
264.12
256.20
268.32
274.12
261.12
264.80
265.60
254.00
273.72
254.40
256.52
317.00
248.60
259.92
256.52
256.12
256.72
256.00
241.52
276.00
258.72
246.92
254.12
237.20
257.72
253.00
256.40
253.12
256.52
256.20
244.72
297.92
263.20
275.80
236.12
245.12
247.00
243.00
240.32
239.12
263.72
284.80
251.60
236.00
250.40
237.72
238.80
247.40
233.72
234.80
239.60
254.52
278.40
244.32
237.92
240.60
243.72
230.40
257.52
239.80
239.80
239.80
216.80
237.80
243.72
274.92
250.20
229.40
286.72
232.92
232.92
235.80
257.00
228.60
233.40
233.40
235.40
235.40
243.40
242.80
273.52
253.12
254.40
267.32
248.32
254.40
261.92
247.80
250.20
248.32
236.92
242.72
248.60
247.60
266.32
247.20
240.80
260.40
252.40
275.12
252.52
236.12
242.12
241.32
249.92
289.32
240.20
247.00
251.32
246.12
241.12
253.72
230.92
235.72
235.60
232.20
234.80
232.40
229.92
250.60
233.60
232.12
255.00
223.60
230.12
240.40
239.52
239.72
238.20
227.20
241.72
242.00
268.32
271.00
229.20
234.92
296.72
235.80
232.12
248.60
230.20
228.60
240.72
239.40
286.52
228.32
236.52
237.52
231.40
233.52
236.20
223.20
276.92
255.32
254.80
260.20
249.92
250.20
274.72
374.40
373.80
304.72
230.92
233.60
232.92
232.60
249.92
241.92
272.52
251.92
234.20
233.00
236.00
216.52
233.60
238.72
269.92
237.12
245.12
249.32
247.00
252.60
249.20
298.20
255.80
257.40
255.60
247.92
248.32
244.20
243.20
248.80
248.40
248.32
266.00
240.32
243.72
254.72
249.00
247.92
241.40
250.40
301.80
306.12
242.72
247.00
242.92
236.80
259.32
244.32
238.32
240.60
238.92
243.60
233.72
266.40
323.12
345.60
325.72
323.12
341.00
279.20
302.00
233.72
239.40
233.00
232.52
233.40
230.00
225.92
218.40
242.60
248.12
260.12
225.92
240.92
294.60
256.60
241.72
241.20
224.60
236.72
234.52
236.72
240.20
234.60
234.12
251.32
236.12
263.52
234.32
234.80
221.72
233.60
232.72
256.12
221.92
225.60
254.72
240.00
239.80
247.00
226.52
234.80
246.72
239.80
250.60
231.92
230.20
261.92
280.32
240.00
255.00
229.80
235.60
235.12
241.72
237.52
239.72
267.92
264.40
246.00
264.00
254.12
239.80
283.12
311.72
302.12
290.00
296.00
240.92
241.20
252.60
256.00
274.20
246.40
289.32
309.20
286.92
278.20
261.72
247.92
267.60
327.00
330.60
297.72
234.40
263.52
297.32
278.00
243.00
265.32
234.72
249.72
246.60
243.40
248.20
244.12
237.80
261.60
240.32
231.60
234.60
235.32
229.60
234.40
233.40
237.92
258.32
273.40
252.00
262.72
259.72
252.80
218.00
230.60
260.80
270.80
252.12
312.32
233.20
228.32
237.60
238.32
276.32
226.12
233.52
236.60
232.92
237.80
232.40
217.00
232.40
233.80
232.92
235.60
228.32
227.20
251.12
231.12
234.52
229.72
236.40
224.92
241.80
237.00
241.00
236.32
228.20
243.80
237.00
244.12
266.60
228.92
230.92
232.12
232.80
233.80
239.20
240.12
234.32
248.72
248.80
268.00
250.20
249.80
249.52
295.80
247.80
245.80
237.60
264.80
276.32
259.80
259.40
238.52
242.40
338.52
250.52
248.32
239.60
224.60
226.12
239.52
241.72
239.32
258.12
281.60
267.12
232.32
232.52
237.80
259.20
234.80
232.12
235.12
245.40
235.52
237.20
232.80
241.12
243.40
260.40
230.92
251.92
250.32
248.40
246.60
243.52
245.60
268.92
238.20
232.32
252.40
249.32
239.60
236.00
231.92
263.60
247.60
277.32
301.32
283.52
245.20
294.20
245.80
273.32
284.00
240.40
264.40
238.80
288.00
240.52
235.40
231.92
252.92
219.92
234.72
239.52
232.12
231.32
242.20
217.00
236.80
239.52
232.72
232.80
231.00
241.00
250.52
270.32
246.40
258.72
233.12
259.32
278.52
241.00
236.60
244.52
240.40
257.92
247.80
247.40
259.72
269.72
240.12
261.40
248.40
249.32
245.92
233.52
234.20
248.80
247.12
268.00
246.20
261.60
253.92
253.32
251.92
252.32
244.92
249.52
246.80
249.32
250.32
235.20
227.92
267.20
284.00
233.92
236.00
218.32
241.60
247.12
244.20
234.52
230.20
228.72
250.80
233.12
232.80
238.12
233.32
244.80
239.92
241.32
284.80
239.80
227.40
223.60
241.40
234.60
260.32
215.60
237.12
232.72
232.20
234.92
235.40
225.40
236.20
237.80
277.20
269.40
231.60
243.00
245.12
254.60
239.60
239.52
236.92
239.80
238.32
270.20
242.40
230.80
224.40
254.32
234.92
232.52
233.12
224.72
233.20
242.72
234.60
238.32
233.52
225.00
237.92
233.20
240.12
254.92
220.72
261.40
244.40
243.72
296.52
296.12
282.40
247.72
250.32
247.60
269.80
250.20
260.32
251.20
247.52
261.52
246.80
237.00
252.12
247.80
248.52
252.60
239.00
235.72
268.12
252.40
252.40
246.20
230.20
242.60
245.12
258.32
259.52
242.92
236.72
257.32
235.40
237.60
269.52
249.40
257.40
239.32
233.60
238.00
224.72
222.60
251.32
233.20
231.80
255.72
215.12
242.12
246.00
237.52
240.52
234.32
230.00
243.32
241.40
237.12
247.80
223.60
233.52
245.92
234.20
301.20
235.72
225.52
232.92
306.72
288.72
369.20
333.32
340.40
305.92
354.40
299.80
281.32
295.52
300.60
304.52
286.40
302.60
267.72
276.32
306.40
277.92
292.92
257.52
221.20
238.00
242.52
241.20
244.40
241.80
242.40
271.40
249.20
250.60
251.40
254.92
256.12
264.40
251.32
257.60
265.92
272.72
327.32
281.72
269.92
289.20
279.80
272.92
267.40
266.72
267.12
260.60
249.12
250.60
252.52
250.80
271.80
269.40
265.52
263.00
260.60
253.00
260.52
250.72
251.40
251.52
256.20
259.40
246.52
246.20
279.20
251.72
2