Measuring voltage and current with INA219 ...
276.00
283.52
287.20
272.72
303.20
274.60
344.92
287.40
270.20
274.92
279.60
279.32
265.80
286.52
280.52
287.60
281.00
320.20
328.80
297.12
302.32
291.80
291.72
277.40
273.92
261.60
269.12
264.40
262.20
288.80
271.32
263.20
276.92
264.32
269.12
292.32
264.60
283.12
331.72
265.12
373.40
306.40
280.32
309.72
274.60
287.92
302.92
284.80
273.32
267.32
267.32
282.92
265.60
263.92
282.32
271.20
266.00
285.80
269.72
272.40
271.40
264.72
282.60
287.72
278.52
293.20
268.60
274.00
282.12
266.40
266.80
269.20
253.72
250.20
315.80
267.12
291.52
279.52
278.32
295.52
285.32
269.52
289.60
262.40
275.80
300.00
275.92
275.52
312.92
329.52
332.60
331.72
286.40
288.80
254.12
267.60
279.72
271.12
268.92
269.32
266.00
334.00
302.32
275.12
305.12
268.92
301.40
313.92
309.72
300.40
282.20
267.92
272.80
291.00
281.92
307.00
269.60
278.00
299.52
264.72
258.80
273.60
249.40
258.00
277.72
276.12
280.12
252.40
265.60
282.92
258.72
264.60
266.92
252.32
259.72
266.72
257.60
261.80
270.52
262.32
279.12
277.32
287.40
304.00
259.60
278.80
341.00
265.32
272.60
264.12
247.72
303.00
267.92
256.00
290.52
244.72
282.52
280.00
256.52
259.00
265.72
250.80
245.32
268.40
262.60
277.32
269.40
267.20
316.20
270.20
286.60
267.72
255.00
304.92
290.52
286.52
291.00
330.40
282.52
351.12
292.32
282.52
338.80
286.60
329.00
344.92
267.72
286.60
342.12
284.92
338.40
384.72
416.32
467.20
365.40
419.00
445.72
419.20
475.32
451.80
489.60
488.80
382.32
383.80
373.00
379.12
476.92
483.92
417.00
486.20
435.80
404.32
572.72
435.52
498.52
437.52
462.60
599.80
609.52
600.72
592.52
606.20
502.52
634.40
612.40
533.52
514.80
637.32
649.80
653.92
653.32
655.40
654.20
640.72
656.40
655.00
655.00
653.60
617.60
654.52
653.60
653.20
653.72
653.80
595.92
609.00
537.52
331.92
483.80
314.00
299.60
440.20
309.20
299.12
295.00
282.20
309.92
605.80
391.92
403.80
391.72
374.52
731.32
327.40
261.20
308.72
290.40
297.00
442.40
311.80
301.40
298.72
295.60
593.20
358.72
303.20
325.72
317.32
342.52
371.60
405.60
390.20
316.72
346.40
328.20
338.92
288.60
270.72
286.12
281.52
299.80
253.12
244.32
252.00
238.32
297.92
252.12
266.20
271.20
258.00
254.60
282.92
274.20
271.00
271.72
253.12
281.52
291.72
255.12
269.52
258.52
259.32
282.32
316.20
268.20
297.60
263.00
270.20
266.80
267.40
278.32
259.40
254.12
258.12
258.32
259.40
269.52
247.40
268.80
274.00
262.92
259.40
254.80
246.32
234.32
248.52
253.40
248.00
236.20
239.20
269.92
247.92
248.60
299.12
240.72
251.92
253.40
289.12
260.00
250.92
241.52
244.80
308.92
256.92
272.60
258.32
255.00
253.52
250.52
254.32
232.20
235.40
269.32
246.80
243.32
264.92
227.92
254.32
309.60
250.32
243.52
245.20
238.40
236.60
245.40
252.00
298.60
266.40
265.40
287.00
268.20
285.52
287.92
252.80
260.52
260.00
259.40
264.72
229.60
258.92
254.00
242.60
245.72
276.12
230.52
275.52
253.00
259.52
259.80
245.72
248.12
272.12
264.20
251.72
279.20
248.40
276.52
261.40
308.20
271.52
252.12
246.20
261.12
251.72
252.80
294.12
249.20
243.20
264.80
265.60
254.60
241.00
233.12
229.20
241.20
242.92
266.12
239.12
251.00
245.12
246.92
248.00
253.00
238.40
250.20
294.12
272.32
252.52
238.40
248.40
257.32
253.12
252.32
243.60
238.92
242.60
245.80
242.32
261.20
238.52
274.12
304.52
308.12
275.00
250.52
230.12
244.32
258.60
249.60
250.20
246.40
247.00
234.72
243.52
249.20
265.60
267.32
248.00
256.12
257.20
263.92
255.72
248.00
246.52
261.00
247.32
269.40
243.00
268.40
272.12
262.92
257.72
269.12
270.92
323.00
256.52
262.72
250.60
227.60
242.40
282.92
240.72
241.40
242.72
232.60
239.32
247.20
256.60
259.40
249.92
251.32
250.92
256.92
258.00
272.80
256.52
258.52
257.00
256.60
285.12
239.72
253.80
247.80
250.80
247.40
271.20
225.32
255.00
290.52
296.92
241.40
231.92
239.92
269.40
239.20
238.60
242.52
232.92
236.40
315.52
291.60
246.00
247.20
243.60
289.60
295.32
265.72
298.72
246.60
317.12
310.32
264.40
263.92
261.20
259.20
260.80
254.40
250.72
294.32
250.92
301.00
366.92
321.00
336.32
285.20
249.12
297.12
283.00
267.60
255.80
248.92
239.20
288.12
255.92
262.20
284.80
249.72
261.12
272.32
260.12
246.52
289.52
245.80
300.00
321.12
263.40
292.80
258.80
287.12
318.32
279.80
260.20
355.80
247.00
280.60
275.12
324.92
275.00
292.40
265.72
305.40
273.52
269.00
267.40
289.52
263.60
327.20
304.92
316.80
235.32
232.52
313.40
269.12
331.40
286.12
258.12
260.52
347.00
297.92
276.20
252.80
260.80
291.60
254.12
299.80
293.12
262.52
261.20
248.72
261.72
293.00
266.00
253.72
289.32
295.60
267.92
294.80
238.40
269.92
266.00
260.72
254.80
263.52
249.80
257.32
265.00
257.92
263.00
251.72
257.20
268.12
276.20
258.12
253.00
238.72
245.72
245.40
242.52
242.00
240.92
231.52
241.80
234.60
241.00
258.32
277.32
233.52
234.72
234.00
235.92
234.80
227.32
221.40
240.20
254.80
263.52
216.60
251.12
241.52
240.92
241.20
232.92
232.80
234.80
242.80
257.92
247.80
243.32
241.40
292.32
237.72
240.92
247.40
263.00
312.00
311.12
361.60
403.12
345.00
325.52
326.12
298.60
303.12
235.20
217.52
232.60
233.72
233.40
238.12
222.80
221.80
215.40
230.40
228.40
248.52
227.12
228.80
229.40
231.92
235.40
220.72
218.12
247.12
232.00
232.20
249.40
216.12
241.20
245.60
240.00
232.80
235.80
237.20
260.40
234.32
234.80
245.72
215.12
221.20
259.52
242.00
242.40
245.92
236.32
234.32
238.52
239.72
257.80
232.52
248.20
244.20
236.80
262.20
250.80
236.60
244.52
238.40
239.92
238.80
229.52
222.40
247.80
238.92
249.52
266.00
217.12
246.20
277.60
233.72
229.00
228.72
227.80
233.32
228.72
228.60
243.60
227.40
227.72
248.12
236.40
292.12
236.92
227.72
231.00
234.40
258.20
269.92
222.00
267.80
295.52
257.40
252.60
266.32
250.12
310.52
312.52
312.32
251.32
229.32
245.32
261.20
285.20
236.52
237.12
218.32
244.12
238.20
242.40
244.92
239.32
234.20
252.40
246.52
248.72
251.40
236.12
237.32
238.20
240.40
243.12
239.32
233.32
225.52
237.32
234.80
259.60
215.72
240.32
238.32
236.80
239.32
238.52
225.00
245.92
246.80
276.20
260.72
240.12
254.72
258.60
253.80
257.32
257.52
237.52
246.80
251.72
249.20
248.20
239.20
237.92
265.60
243.20
242.60
250.32
229.32
240.00
239.92
256.32
240.52
245.52
231.80
228.20
239.60
235.92
301.12
232.20
240.20
238.32
237.60
277.12
228.00
223.92
225.40
238.12
231.60
251.00
221.40
236.80
237.80
236.00
232.80
233.32
229.60
223.32
236.32
234.60
243.32
243.12
252.92
270.72
253.12
246.72
254.92
238.32
266.40
257.12
247.12
265.60
230.32
236.52
244.72
233.92
238.40
259.20
285.00
247.40
251.72
243.32
249.60
238.52
239.72
275.60
239.52
235.32
259.32
217.92
235.92
233.40
233.52
250.00
233.52
231.12
244.40
233.20
235.00
241.00
230.92
230.12
246.72
232.80
231.20
233.12
233.40
223.00
236.80
235.20
266.20
227.72
257.20
268.20
241.72
280.12
250.92
233.40
247.12
245.92
238.40
305.40
245.72
280.00
253.32
242.52
246.32
258.52
221.60
241.00
238.60
238.72
239.72
236.40
227.20
252.72
237.00
235.12
243.52
231.20
244.12
246.40
236.92
232.72
233.00
233.40
271.20
231.92
231.40
251.32
217.80
233.60
231.20
240.80
238.32
234.92
220.12
228.40
287.52
256.40
280.80
250.60
250.72
329.92
290.80
250.80
269.72
248.72
250.40
243.32
238.80
252.52
226.40
225.40
254.32
232.60
232.92
233.52
219.92
242.52
281.40
245.52
234.92
230.60
226.52
235.12
231.12
239.80
251.00
235.12
235.00
239.40
301.00
239.32
245.20
227.20
229.12
234.20
238.32
252.92
246.20
242.80
235.52
230.80
232.80
281.12
236.12
233.72
233.00
239.52
236.72
222.60
225.60
263.40
306.20
246.40
244.92
229.60
242.12
243.32
243.00
246.20
240.60
234.72
254.92
242.92
238.40
244.00
236.00
239.60
243.52
248.12
244.12
230.80
227.80
224.60
291.40
259.32
276.20
238.72
276.20
243.72
253.52
291.40
250.60
239.92
252.80
248.32
265.40
262.60
235.60
240.80
249.92
250.60
240.72
243.72
236.80
228.20
248.92
261.12
284.60
249.52
244.40
269.00
272.80
249.80
269.92
263.12
275.72
252.72
251.40
280.20
267.40
248.60
262.52
242.92
239.92
274.00
228.60
237.72
239.52
241.80
273.32
234.72
226.60
256.72
243.80
238.80
259.92
281.00
251.80
242.40
256.52
245.12
282.92
300.92
309.92
321.12
300.92
325.20
246.40
235.20
266.00
286.40
235.40
236.52
224.80
254.40
238.00
236.12
256.80
232.60
241.92
250.12
254.12
250.72
284.80
274.40
251.40
250.72
256.60
258.20
237.92
247.32
270.52
256.72
256.12
254.52
233.80
259.92
246.20
254.80
243.60
245.12
234.32
243.00
238.20
232.92
243.92
233.40
234.80
236.32
233.92
233.32
235.32
225.00
218.72
243.12
240.00
349.92
300.12
332.72
296.80
305.00
310.52
240.40
223.12
243.40
233.72
246.40
251.80
245.32
247.60
265.92
253.00
248.80
255.72
240.80
240.60
246.40
250.00
266.12
253.32
244.72
259.92
240.32
239.12
243.92
230.40
238.12
246.32
244.40
240.60
238.60
235.40
272.40
238.80
233.12
254.32
219.12
236.00
236.52
236.00
244.60
237.00
236.60
237.40
239.52
234.00
252.32
238.52
246.40
251.32
250.72
241.80
241.00
233.52
228.12
240.72
240.20
233.72
228.32
222.92
271.12
250.52
244.12
251.92
236.20
266.52
314.32
253.80
272.12
247.52
243.52
254.20
248.12
244.00
261.32
244.40
249.80
254.60
290.40
306.12
279.20
282.00
308.60
246.40
239.60
262.92
240.40
249.80
247.12
242.00
243.40
242.92
235.60
245.40
275.80
245.80
255.20
230.12
234.00
262.92
289.40
241.80
241.92
279.32
242.40
248.60
255.92
271.20
246.32
266.52
267.52
250.52
249.40
255.72
250.92
250.12
251.20
250.92
263.60
224.80
228.60
257.00
235.12
234.12
256.32
230.20
234.92
246.20
241.32
243.60
237.52
254.92
288.00
249.40
279.92
254.32
237.12
238.92
247.80
238.60
241.32
256.72
244.40
223.80
246.00
238.80
258.00
228.80
268.32
247.60
239.60
252.80
247.72
245.12
256.92
253.32
250.92
263.60
244.40
240.60
255.00
256.12
250.12
251.32
226.80
243.12
242.40
249.00
277.32
245.52
233.60
260.32
243.52
2