Measuring voltage and current with INA219 ...
286.80
255.12
257.92
281.32
269.72
290.20
288.60
259.80
263.80
303.92
328.72
285.60
265.12
279.00
274.40
282.52
272.40
289.80
275.40
293.92
326.92
328.40
287.40
280.12
267.60
300.52
274.72
297.52
305.32
299.92
274.52
301.40
280.00
298.00
271.80
276.20
276.20
291.12
274.72
264.60
263.40
271.52
274.00
276.60
316.12
270.80
252.72
258.32
302.20
285.72
273.20
280.40
272.60
277.72
279.20
267.72
282.92
256.80
271.60
287.40
279.20
269.40
269.80
262.60
276.92
293.00
276.40
290.60
265.60
267.00
309.12
273.80
278.40
271.00
274.32
274.20
277.52
270.80
299.00
271.40
260.60
277.92
265.52
308.92
269.60
251.72
266.52
275.52
262.92
285.60
273.12
282.20
291.00
293.72
277.60
294.00
262.92
277.12
285.12
271.40
254.32
257.60
257.72
260.40
268.80
266.32
274.00
258.52
325.60
347.12
390.40
364.52
414.80
324.00
328.92
327.60
316.72
285.72
300.20
272.32
298.00
267.40
257.40
256.80
261.60
280.60
266.80
256.80
274.92
252.80
267.00
283.32
283.00
273.92
290.72
266.32
277.72
275.12
263.52
258.72
274.60
259.40
290.92
270.80
260.72
289.40
271.40
337.60
269.40
261.52
260.80
258.60
271.20
293.32
357.92
290.92
307.80
278.32
275.92
299.52
277.12
272.60
259.20
289.32
271.60
274.20
309.72
338.12
265.32
268.32
298.00
284.72
288.00
275.20
266.60
269.52
283.40
273.00
289.80
274.00
287.12
291.32
254.12
255.52
270.00
298.52
264.12
323.12
262.60
281.80
299.32
264.52
299.20
286.60
281.32
330.20
272.40
269.52
313.60
267.20
289.32
346.40
257.20
268.80
282.32
278.92
335.12
375.52
261.12
342.72
258.52
258.00
366.92
271.72
330.32
426.32
327.80
377.40
420.32
361.20
419.92
370.60
363.92
391.20
408.20
399.12
406.80
459.60
454.40
443.32
400.12
405.00
386.12
520.52
543.60
411.20
485.92
407.60
369.20
549.60
546.32
441.00
454.92
489.72
557.92
537.20
519.72
537.92
538.60
537.92
520.80
488.92
537.32
547.32
540.60
559.72
558.72
535.60
559.20
560.40
559.72
713.20
715.80
725.32
727.40
728.00
724.80
721.00
720.72
728.40
726.32
726.32
662.52
590.40
331.72
486.72
341.52
341.72
575.32
496.20
357.92
343.40
317.92
336.00
447.32
367.32
320.72
320.32
321.00
692.40
460.20
327.72
336.00
335.72
339.32
611.92
325.32
337.12
330.72
371.40
535.92
345.72
314.00
336.32
317.72
322.40
543.72
339.12
309.60
355.00
335.80
332.92
290.32
271.32
272.40
269.72
284.72
409.40
280.60
278.60
297.40
269.92
286.60
286.60
269.60
287.80
358.72
288.52
286.80
273.32
289.20
285.80
275.32
279.92
434.92
259.20
277.20
277.60
276.60
279.32
244.20
260.12
283.40
261.92
274.92
266.60
284.80
300.60
342.12
364.12
332.32
351.72
312.52
323.60
315.80
373.32
350.32
322.80
305.60
363.12
286.60
285.92
268.12
284.60
271.32
273.60
264.00
284.92
249.40
261.40
260.20
252.60
262.72
266.72
254.80
261.52
252.60
253.52
256.72
243.12
257.00
272.12
252.52
277.40
272.40
289.92
276.20
253.72
254.60
249.40
260.80
264.52
284.40
264.20
310.12
272.20
246.32
261.32
265.52
259.32
269.12
236.60
257.52
300.20
245.40
261.60
271.52
241.72
251.32
259.32
279.00
261.00
258.92
247.20
264.80
257.20
258.72
268.20
317.32
286.52
276.60
245.80
243.72
236.52
258.72
258.32
260.72
252.72
240.80
248.60
274.12
303.92
269.40
272.72
262.00
308.12
262.00
253.72
258.72
300.92
315.72
249.60
257.52
262.32
250.12
274.00
237.92
250.40
253.40
274.72
248.60
247.60
274.20
310.20
322.40
266.12
271.72
268.52
273.92
278.52
267.00
248.20
257.52
253.20
250.60
240.80
238.12
234.12
218.60
250.72
298.80
247.92
245.00
240.60
235.72
243.12
250.60
242.20
261.60
244.40
244.32
252.92
240.00
245.40
249.40
240.12
240.60
248.40
286.92
304.20
252.00
248.00
267.00
246.32
250.92
269.52
241.80
247.60
247.40
250.00
248.00
268.12
230.00
251.32
232.20
246.80
247.00
224.52
236.92
267.32
247.92
264.12
245.72
252.60
251.20
246.60
247.92
262.52
240.80
248.20
244.60
245.40
288.92
238.32
228.20
243.72
239.72
236.72
235.52
219.92
241.40
254.92
244.12
250.12
289.40
283.12
293.00
300.20
294.40
298.60
236.20
228.92
252.92
236.40
241.32
237.20
227.20
232.40
266.32
245.80
242.00
239.60
239.20
250.60
249.32
249.72
302.60
290.60
257.00
248.20
304.20
301.40
256.92
245.12
256.80
264.52
257.32
267.60
231.60
255.32
258.60
247.12
254.40
243.12
243.72
257.92
250.40
249.20
367.60
259.92
335.60
278.32
238.40
258.52
245.72
287.80
249.72
253.12
247.92
265.32
267.92
265.12
322.52
314.72
292.32
266.40
237.92
254.60
256.20
247.40
265.72
311.32
255.92
238.40
240.52
258.60
256.40
236.40
243.40
249.32
248.32
267.52
242.52
244.32
257.92
248.80
252.92
239.52
229.60
256.80
259.32
236.32
238.52
279.60
270.92
246.00
268.32
246.52
268.80
229.60
236.60
274.00
254.40
261.00
320.80
242.72
254.40
251.40
255.12
254.92
230.20
240.40
266.40
242.72
241.52
259.40
246.80
244.40
246.80
251.72
277.72
240.00
238.00
270.80
249.32
262.20
263.12
235.20
281.12
276.60
263.20
256.12
256.20
255.80
258.00
261.80
257.52
270.12
274.40
300.40
279.40
266.32
263.32
245.00
238.40
249.32
249.80
241.32
254.40
227.00
233.12
244.20
235.32
233.60
248.80
237.00
234.72
238.00
259.80
226.20
236.92
245.92
308.60
269.40
260.32
260.80
246.60
245.12
251.40
246.60
240.00
225.72
226.12
239.60
235.92
237.32
246.92
226.00
233.52
239.32
246.80
309.52
280.20
235.40
241.20
247.00
241.00
256.52
241.72
261.00
245.32
238.72
234.20
237.80
228.00
241.32
247.40
292.32
221.52
234.32
246.32
269.20
251.72
249.12
249.12
287.80
278.80
275.32
297.40
304.00
235.20
221.72
249.72
239.52
245.00
267.72
235.20
245.52
254.00
250.92
237.20
256.60
276.80
262.40
252.40
251.72
270.32
251.00
275.60
258.40
286.12
319.12
239.20
237.12
248.40
254.12
283.52
242.32
232.80
263.92
263.92
252.40
247.20
251.92
242.40
253.80
249.12
248.20
245.40
234.20
232.20
254.60
237.80
241.60
237.00
230.60
233.20
232.52
232.32
235.60
244.00
244.72
254.52
250.20
260.32
312.32
248.72
243.00
252.80
252.00
233.12
223.80
223.52
256.52
245.40
251.20
246.12
227.92
237.40
247.00
249.00
247.32
240.60
240.12
248.32
249.32
247.00
265.00
225.52
238.92
259.72
240.52
237.60
234.40
231.32
253.72
240.12
239.12
253.40
267.32
323.32
261.72
255.72
247.72
264.80
241.92
296.52
249.32
245.32
233.12
218.60
227.00
254.52
234.40
238.00
257.32
222.92
237.60
242.60
242.52
252.00
244.40
247.72
261.00
254.92
250.52
257.80
244.52
252.60
260.20
249.12
242.80
239.72
253.40
239.20
244.72
238.92
253.52
215.40
238.12
251.72
251.20
269.80
259.40
245.32
253.40
252.60
252.92
248.00
248.72
236.80
251.80
234.40
233.32
232.80
229.80
233.00
235.40
234.32
233.80
239.32
238.60
270.12
248.60
253.60
255.00
248.20
284.72
258.32
253.12
264.00
237.80
223.80
238.52
237.72
246.52
249.80
214.52
233.32
238.40
250.00
243.12
239.40
232.92
250.00
249.60
251.92
253.00
244.20
249.80
293.92
232.00
255.20
234.20
228.32
242.40
243.60
240.20
228.00
234.92
241.52
294.92
283.40
263.00
249.52
235.12
267.60
243.52
245.80
242.00
234.92
221.40
234.00
228.32
228.60
250.20
224.72
228.00
229.92
231.32
232.60
234.00
233.80
241.92
244.32
247.92
273.52
232.12
243.72
252.12
250.52
276.52
311.60
356.32
335.80
368.12
287.52
231.12
230.12
232.80
271.52
241.40
250.40
244.20
235.40
243.12
234.32
241.72
261.40
235.60
238.20
253.92
231.80
234.60
237.20
235.12
233.40
229.12
228.32
221.12
233.72
222.40
269.20
238.12
235.80
257.32
216.40
320.12
251.12
253.32
282.00
228.20
226.60
308.00
236.32
241.12
252.72
230.12
227.80
248.00
236.72
240.12
249.20
230.92
248.00
236.52
241.80
266.52
225.92
246.72
234.40
231.60
255.32
241.12
223.40
245.40
232.12
230.20
227.32
222.32
237.12
265.80
247.92
266.60
309.52
224.12
242.60
247.52
242.80
238.32
230.52
224.20
250.72
233.80
245.72
236.52
223.12
267.00
273.00
235.32
242.92
246.40
234.52
245.72
262.32
246.12
263.52
220.12
253.20
253.12
239.92
240.00
242.60
230.52
237.32
240.20
230.32
250.60
269.60
234.40
253.00
236.80
243.80
250.72
236.00
244.20
245.00
247.12
232.00
278.12
260.12
330.52
251.52
257.12
243.12
245.32
275.20
311.92
242.52
247.12
251.80
260.00
267.00
258.00
253.12
266.52
243.72
256.00
255.20
248.00
225.52
262.00
267.80
248.00
263.92
264.60
251.12
227.32
231.60
263.32
294.72
255.32
252.80
245.52
259.92
246.92
246.40
234.60
235.20
234.80
274.40
234.60
237.80
322.32
287.12
320.20
277.00
249.52
320.00
247.80
254.00
259.32
286.60
256.80
276.72
280.12
301.32
246.20
262.72
231.92
253.72
236.60
291.52
248.12
262.20
261.12
248.72
242.60
262.92
267.00
258.60
314.92
267.32
260.72
249.72
262.60
254.92
243.72
237.80
268.12
261.72
268.00
261.72
275.92
279.12
284.72
259.80
279.12
257.52
255.20
326.12
401.32
323.80
258.40
262.92
265.12
270.52
286.20
252.72
248.40
241.32
312.80
259.20
259.12
262.80
259.92
254.40
256.92
249.52
231.92
265.20
247.12
313.40
254.72
297.72
273.20
254.52
264.52
268.80
249.32
250.20
286.92
239.72
263.40
272.92
280.72
266.20
247.12
271.12
253.00
263.12
247.20
261.60
232.80
276.72
254.40
267.00
262.00
258.20
255.00
255.12
254.60
240.92
261.40
246.20
290.72
250.12
290.12
229.92
287.40
236.52
289.32
242.52
287.52
245.72
257.72
244.80
259.40
279.80
301.72
243.12
257.32
277.12
259.52
277.32
273.20
266.12
282.00
263.60
259.80
245.00
251.40
242.80
289.20
281.40
275.20
265.52
286.20
271.72
263.52
276.20
260.52
264.12
275.60
276.52
308.92
300.00
290.80
247.40
257.92
296.32
257.40
276.40
322.52
255.12
277.40
247.60
258.12
251.40
252.12
260.80
282.80
259.52
266.60
253.80
252.40
243.40
245.32
279.80
237.52
270.92
251.00
261.32
260.52
282.40
287.92
258.92
257.52
286.52
255.00
254.92
254.40
235.72
278.20
258.12
286.32
271.52
297.52
236.80
271.72
243.32
258.00
241.80
257.72
243.32
285.92
258.72
309.72
255.72
257.40
276.60
251.32
260.40
255.92
252.00
255.40
258.40
250.72
250.92
238.32
233.80
254.52
246.80
246.20
259.52
226.20
240.00
259.32
283.92
224.52
238.20
273.40
259.72
234.60
247.92
256.72
232.60
237.20
242.80
239.32
243.00
241.52
233.52
242.12
233.80
238.80
261.72
229.00
231.20
263.60
252.12
252.80
252.60
243.32
251.20
257.00
256.40
263.32
239.60
240.52
244.32
240.80
245.92
248.60
228.40
255.92
248.72
246.12
227.00
236.52
240.20
258.72
234.32
236.92
235.32
233.12
234.72
237.60
284.20
334.80
349.00
321.52
347.00
279.52
325.40
267.60
218.32
240.80
240.60
239.72
242.72
240.52
221.80
239.72
240.80
243.72
258.32
232.20
264.52
268.80
259.72
232.92
233.20
228.80
232.92
236.60
244.60
247.32
238.80
242.40
265.20
255.92
290.20
251.32
254.72
256.32
245.40
245.80
245.12
244.52
238.52
260.20
245.52
250.72
241.72
231.32
233.80
233.92
232.20
232.12
234.52
227.40
242.92
242.92
268.92
262.20
224.60
230.60
233.92
232.32
231.32
237.20
231.12
239.20
237.32
236.20
244.52
233.00
230.20
254.32
250.00
242.32
243.32
240.00
334.52
257.32
248.80
233.00
239.72
245.12
257.92
234.00
240.40
237.60
234.52
232.92
238.00
246.52
276.80
228.12
229.32
242.80
240.20
241.12
249.72
224.40
234.92
232.92
231.80
219.32
232.32
230.00
255.92
235.40
233.40
274.00
227.32
228.60
237.12
236.52
237.00
233.60
248.60
266.20
237.72
291.32
253.72
233.32
234.00
254.40
236.92
253.32
290.00
300.60
232.40
234.92
246.52
265.92
244.32
241.12
250.32
240.92
247.92
244.52
228.60
251.80
250.12
237.52
233.00
237.20
239.20
262.92
243.32
248.40
258.92
240.00
239.72
241.32
235.60
237.00
232.60
225.32
250.72
233.52
243.52
256.92
260.12
237.92
249.40
267.20
234.92
232.60
221.60
234.92
233.40
254.00
252.72
238.80
243.80
247.72
251.20
258.92
260.80
243.40
251.92
254.00
251.40
247.00
242.72
237.72
249.00
231.20
232.72
233.40
221.00
231.52
234.12
233.20
219.20
235.52
266.00
262.92
253.20
244.12
239.40
233.80
238.20
237.52
235.80
291.20
2