Measuring voltage and current with INA219 ...
373.60
375.80
407.00
428.12
390.00
399.00
385.92
384.12
483.52
376.32
383.00
400.80
353.40
444.20
457.80
375.32
407.80
385.32
404.52
448.80
387.40
397.00
384.32
431.72
447.80
479.60
378.52
422.72
378.20
386.40
495.32
388.40
449.52
402.72
418.00
401.20
382.72
362.00
382.92
380.40
363.60
416.72
341.40
372.52
382.00
401.72
447.52
413.32
410.92
437.72
428.12
409.12
448.72
414.12
388.60
373.52
363.80
425.60
431.32
379.00
377.12
367.32
364.92
445.72
385.20
372.80
492.72
410.12
396.00
408.60
386.72
398.80
409.92
449.60
431.60
383.00
362.72
400.52
380.60
361.32
420.40
356.72
371.32
354.72
358.40
427.60
389.80
369.80
393.60
392.60
381.12
457.00
451.60
407.52
376.20
377.92
368.52
393.20
369.72
384.92
388.60
384.52
430.20
365.32
366.20
407.92
393.12
401.60
407.12
375.00
404.32
377.40
381.52
442.00
397.40
373.52
402.00
366.32
373.32
421.32
367.20
393.40
402.00
375.32
455.32
450.80
425.00
464.32
452.32
430.40
481.32
382.92
384.80
392.12
414.60
443.72
387.00
357.92
383.72
372.52
373.80
423.92
363.32
384.12
407.92
394.92
400.32
385.80
354.72
445.12
393.20
377.80
443.00
397.40
379.40
394.40
370.20
411.52
406.60
368.32
392.52
442.20
423.60
472.20
487.72
460.92
511.80
460.72
434.60
580.00
483.00
399.40
392.72
368.92
532.20
508.80
679.40
542.12
571.00
690.52
696.20
551.92
539.00
460.40
431.12
693.92
566.20
586.40
688.32
692.72
693.40
694.00
691.20
694.20
647.52
642.72
642.00
640.92
641.80
601.72
640.40
628.52
513.40
462.20
429.20
450.72
455.32
511.20
690.32
452.80
689.52
691.72
691.52
692.32
689.72
692.80
693.52
692.40
687.92
693.92
692.00
644.80
642.60
643.52
641.40
604.32
641.92
646.40
637.80
631.20
692.20
692.92
713.60
755.72
766.52
767.12
765.92
766.00
767.72
765.20
766.92
765.32
764.72
764.52
766.00
766.72
765.00
765.72
707.80
708.00
708.12
686.00
705.92
706.72
660.92
745.92
674.72
764.20
765.12
765.92
766.00
764.40
764.80
765.32
766.40
765.60
766.20
766.52
766.20
766.52
766.52
765.92
766.92
767.60
710.92
708.12
708.60
708.92
714.00
702.92
707.92
707.52
734.60
759.92
765.00
766.80
766.00
765.92
766.12
765.40
765.52
767.52
764.72
765.20
763.92
764.60
764.20
764.72
747.80
459.12
450.12
463.20
586.52
428.32
581.32
682.92
558.32
529.92
674.92
655.92
762.72
764.12
764.40
764.72
765.00
765.32
766.72
765.40
765.52
765.20
766.32
764.60
767.20
766.60
766.60
766.00
767.80
671.20
708.32
708.32
709.12
707.20
719.92
704.40
705.92
704.60
706.32
764.92
765.60
765.80
766.32
765.52
765.32
765.00
765.12
764.60
764.92
765.72
764.60
765.12
764.52
765.52
765.00
765.12
708.60
708.32
707.92
705.92
667.52
704.40
670.12
686.52
705.52
764.40
765.20
766.52
765.52
766.52
765.32
764.52
766.12
767.12
766.40
767.32
766.20
766.40
764.92
766.52
766.92
766.60
766.32
707.52
706.60
708.40
683.72
702.40
705.72
739.60
705.40
705.60
765.20
765.20
765.40
766.52
765.20
763.72
763.92
764.72
764.60
765.12
765.20
764.80
765.80
764.32
764.20
765.32
765.52
709.80
708.92
707.72
708.80
707.92
700.72
706.60
706.20
739.40
759.32
765.40
765.72
766.92
765.52
764.72
765.00
764.80
766.72
765.72
765.40
766.60
765.12
766.20
765.32
766.92
765.60
767.40
708.40
705.80
707.40
705.72
743.12
726.20
706.20
705.20
667.52
763.80
765.00
765.72
764.00
765.32
762.80
766.00
763.80
764.32
765.00
766.40
765.92
764.60
764.40
764.52
764.72
764.32
723.12
706.60
707.12
707.72
705.32
725.32
709.60
706.72
669.80
705.32
764.72
764.40
766.20
765.60
765.52
764.40
765.92
758.60
760.40
764.72
708.80
707.80
706.52
706.00
705.92
679.52
705.32
659.12
731.72
703.12
765.72
765.52
758.92
750.40
728.92
758.00
765.32
764.40
758.40
682.72
761.52
762.80
765.80
765.20
765.00
765.52
764.32
709.20
708.20
707.40
706.12
725.60
698.60
706.60
704.32
713.80
736.20
764.00
765.92
764.20
764.92
765.12
642.20
764.52
763.52
766.52
765.52
765.20
765.60
765.32
765.32
764.32
763.92
712.32
708.92
708.32
706.80
706.60
717.72
707.80
678.40
657.00
662.40
762.52
764.12
765.80
764.72
765.20
764.32
764.52
764.92
764.92
764.60
766.40
766.12
765.32
766.40
765.32
766.60
764.00
710.20
707.12
707.20
707.80
704.60
700.00
706.60
706.00
706.52
706.20
765.32
763.12
750.72
764.12
765.20
764.12
765.52
765.92
714.52
157.60
754.00
431.12
759.92
666.52
757.92
763.00
743.40
706.40
706.72
701.52
705.60
650.80
702.32
711.40
708.52
673.72
761.72
765.12
765.80
765.20
764.12
764.52
767.20
765.92
755.00
762.92
765.12
764.12
766.40
764.40
763.12
763.40
766.52
711.52
705.00
707.12
707.00
655.60
674.00
690.32
696.12
707.52
654.72
763.40
765.40
454.32
501.12
501.20
530.40
760.00
570.20
433.92
733.60
466.92
444.72
564.80
449.40
447.12
465.00
476.72
507.40
437.80
437.40
464.40
436.00
465.60
467.00
470.20
429.52
476.92
444.60
467.12
592.32
445.80
452.92
455.60
456.12
476.52
760.12
762.80
443.20
445.72
732.60
751.92
588.00
568.12
607.72
704.12
703.00
613.40
603.92
704.52
571.32
575.12
617.00
491.60
513.92
652.80
523.40
636.00
535.92
606.40
557.52
556.60
760.52
762.80
764.52
762.52
764.00
765.80
763.80
764.72
764.32
710.52
706.92
709.00
707.12
703.72
693.92
731.00
706.00
703.92
706.20
764.80
764.80
766.00
745.00
762.92
765.20
763.00
764.72
749.92
765.20
765.72
765.72
765.12
765.80
765.72
765.60
764.00
707.12
709.00
708.60
707.12
697.40
704.20
656.00
661.72
679.40
779.32
788.20
785.52
787.00
787.40
788.00
787.52
786.92
788.80
787.60
788.20
787.40
787.40
788.52
787.12
786.72
788.00
724.80
719.60
683.60
708.80
665.92
682.20
702.80
722.20
751.72
716.40
786.92
785.52
787.00
787.20
787.92
787.60
770.52
760.72
673.12
764.60
766.12
645.60
663.00
762.72
764.12
765.60
763.40
706.72
705.72
704.52
706.72
703.80
693.32
713.12
705.32
751.00
758.40
765.20
765.20
765.80
764.40
763.60
765.32
763.20
765.00
765.52
508.52
676.92
760.32
765.00
786.72
785.72
787.12
788.80
718.92
718.32
719.40
718.72
702.20
730.40
743.72
601.60
486.32
435.92
467.40
770.80
616.12
784.20
786.20
786.60
787.00
787.60
787.72
787.40
787.72
787.80
786.12
787.20
788.52
787.72
722.60
719.80
560.20
590.40
706.80
498.12
499.40
474.52
470.20
710.32
471.92
421.92
477.92
431.32
495.80
674.80
472.32
441.00
436.60
485.92
745.12
551.12
513.20
481.52
497.00
477.00
567.32
598.60
465.40
478.52
448.20
463.80
540.40
444.72
678.60
475.52
432.92
795.32
505.60
546.32
496.52
552.92
621.60
559.80
457.00
666.20
765.92
479.00
666.20
511.60
440.12
464.20
434.20
449.92
476.92
470.20
453.92
437.52
445.72
534.80
641.00
703.12
695.40
806.00
807.20
807.60
702.40
685.20
781.40
743.20
763.20
764.32
767.32
764.72
708.52
708.00
707.12
712.12
676.12
752.32
664.12
725.60
708.80
763.80
765.00
766.00
764.20
765.52
681.92
417.40
446.20
464.80
657.12
576.80
537.60
503.20
484.80
437.00
711.80
465.80
461.32
492.80
470.72
504.20
487.12
696.60
563.52
437.20
473.52
662.32
538.12
438.80
457.40
439.80
463.60
758.80
609.20
508.40
435.60
504.60
736.40
760.92
762.60
765.32
486.80
741.52
699.40
618.40
512.20
474.00
457.12
596.12
652.52
443.92
461.92
442.32
440.12
764.40
784.40
493.40
550.00
456.92
482.72
480.40
489.12
530.52
518.72
438.00
735.20
491.12
500.20
468.12
433.00
437.20
500.52
447.92
485.32
489.12
458.40
649.52
484.72
475.72
473.80
461.92
479.52
779.52
464.92
571.32
473.80
475.80
608.60
453.12
433.92
459.60
452.80
435.72
613.00
435.60
445.20
481.12
465.20
513.52
540.12
472.80
457.52
469.60
518.80
581.92
515.92
472.00
452.72
482.72
482.12
513.20
462.40
440.00
447.80
480.60
565.12
490.40
470.80
504.40
505.80
509.12
522.60
512.60
470.20
493.80
520.32
522.60
545.00
471.52
533.00
494.52
503.52
598.52
446.32
466.52
469.80
413.20
430.60
453.32
418.00
430.12
432.00
497.80
490.40
494.12
402.92
449.12
425.72
424.60
420.80
478.52
468.52
413.12
382.60
497.00
506.40
454.72
413.52
397.00
442.60
468.80
506.80
506.72
574.52
493.80
535.92
514.40
417.40
464.20
382.92
414.80
485.20
506.12
473.72
391.72
403.12
455.40
507.72
407.80
435.12
412.80
478.52
494.40
398.60
426.92
412.20
376.52
410.20
387.20
385.80
401.80
380.80
391.00
489.32
444.32
446.92
418.20
402.20
444.92
478.92
424.40
386.00
411.52
403.40
479.40
436.92
439.80
477.60
452.12
437.12
445.60
463.52
488.72
420.00
601.92
571.12
475.72
455.32
525.52
492.40
461.40
475.72
539.20
635.00
505.32
459.72
477.92
598.80
593.00
512.20
457.72
540.60
537.80
628.52
496.92
598.32
648.32
700.72
676.40
557.60
646.40
689.20
755.60
761.72
564.60
604.60
533.32
564.92
557.40
560.12
501.92
467.12
511.92
456.12
509.52
651.80
502.52
521.12
550.92
608.12
606.92
510.52
586.32
500.80
476.92
530.52
455.60
480.72
635.52
467.92
433.52
458.60
440.00
440.72
439.40
458.92
505.32
447.52
447.32
503.12
484.80
478.12
517.00
446.72
477.72
489.92
438.60
480.12
478.12
452.72
444.40
462.00
446.72
506.20
428.20
454.40
457.20
455.00
463.92
454.80
489.40
488.72
457.32
452.20
498.00
463.60
451.80
462.12
473.92
444.12
468.40
442.32
436.00
424.20
447.12
557.40
459.12
482.12
499.12
468.32
473.60
513.60
509.92
490.00
458.60
445.12
487.92
441.80
425.32
463.32
428.80
467.00
513.80
432.60
466.40
495.12
490.92
484.80
492.12
457.52
459.92
417.72
436.00
469.52
450.52
421.72
393.60
385.20
403.52
384.40
374.20
382.60
431.20
391.20
492.32
386.80
395.12
424.40
395.52
393.52
385.92
377.72
381.20
386.12
428.20
480.80
387.12
375.60
379.72
370.00
395.60
450.60
382.80
362.72
406.40
393.80
431.92
410.52
396.60
424.32
395.60
386.92
410.20
385.92
381.00
430.32
471.40
438.20
399.40
368.00
384.72
397.32
395.92
403.40
385.72
388.92
411.92
394.80
412.12
392.20
396.40
392.12
374.72
390.52
471.20
397.20
412.00
411.20
456.72
418.40
448.40
397.32
407.72
392.60
388.92
481.72
396.72
392.40
419.00
436.92
441.92
395.72
396.60
371.72
383.80
386.92
401.72
367.80
392.20
412.20
374.20
383.00
440.92
377.80
385.12
397.92
387.12
402.72
408.00
407.60
398.72
391.12
397.32
458.80
402.80
404.72
388.60
376.32
407.92
410.72
403.72
440.92
372.52
398.92
473.20
504.12
391.12
413.80
399.40
412.40
403.52
391.12
391.12
403.80
379.80
445.12
426.12
383.80
405.12
412.92
393.72
421.12
421.80
390.32
420.40
420.20
424.00
400.32
380.40
400.92
380.60
402.40
469.72
443.40
379.80
415.32
374.52
425.20
426.60
427.40
393.12
366.20
404.12
471.60
402.32
417.60
393.60
398.40
421.40
389.52
392.32
404.80
390.60
441.32
465.60
407.72
369.92
415.80
396.60
402.12
428.00
395.52
373.72
400.32
419.52
453.72
492.32
434.60
413.72
401.20
406.60
504.60
468.92
474.52
525.80
500.92
496.00
449.72
409.80
402.12
380.32
376.60
469.92
453.60
431.72
431.72
425.00
459.12
482.80
431.60
411.00
441.52
449.72
468.52
482.72
414.40
389.40
382.72
456.40
520.80
504.20
524.60
476.60
437.20
553.20
537.72
553.20
543.60
505.92
535.20
661.20
571.20
453.40
445.00
447.00
576.60
445.80
432.72
450.52
424.20
437.20
523.92
451.32
476.00
448.52
442.20
513.92
548.00
521.52
521.20
503.52
451.72
513.40
551.32
442.80
402.40
425.92
430.92
457.60
377.40
405.12
426.00
382.12
435.72
437.40
404.12
421.12
399.12
407.92
497.00
447.80
479.00
397.92
382.00
465.72
463.80
408.12
409.92
403.92
399.32
464.20
447.72
394.80
408.00
392.60
468.32
426.80
389.52
425.80
431.20
420.20
485.52
487.32
403.12
403.20
454.12
460.20
506.00
424.92
462.80
424.12
429.32
485.40
491.80
423.32
409.52
406.60
434.52
458.00
419.00
419.40
420.52
468.52
494.92
546.72
439.72
406.00
413.00
394.52
502.72
404.12
401.92
422.52
423.52
480.80
441.80
438.20
413.80
451.40
465.40
486.80
505.00
400.00
456.72
475.92
522.32
464.60
413.12
462.40
529.40
558.12
555.40
527.60
436.52
404.12
414.92
435.40
474.12
436.60
448.80
412.40
403.12
484.20
455.60
444.32
433.52
435.92
442.80
499.20
375.60
379.20
379.80
390.60
489.00
436.12
398.20
382.00
381.40
443.72
472.12
381.60
375.20
391.40
386.12
438.20
462.92
430.40
459.92
413.92
414.12
458.00
411.60
374.52
362.32
371.40
449.80
455.40
398.92
401.12
383.52
403.20
443.00
397.52
391.12
388.00
379.60
478.92
528.20
463.72
432.92
396.92
383.12
468.72
421.80
400.40
376.12
371.60
417.32
472.32
373.80
372.52
373.80
362.00
439.80
426.60
391.40
377.20
381.20
422.72
476.80
433.12
394.80
371.80
371.00
438.52
459.12
377.72
419.52
381.20
378.92
437.40
405.00
392.52
391.52
395.52
470.52
467.00
363.80
394.72
394.40
412.92
463.00
452.52
377.20
370.00
369.80
450.80
448.20
435.12
437.52
415.80
372.20
451.60
461.72
389.80
434.00
403.00
415.32
480.40
479.60
433.32
445.92
426.72
490.60
467.12
398.00
460.52
460.32
402.80
450.92
390.32
379.00
391.72
390.72
466.00
466.00
478.72
439.32
418.52
423.32
478.80
434.52
447.80
437.60
414.20
514.32
429.92
375.60
396.60
382.92
377.72
443.12
380.60
361.52
363.40
374.60
422.12
462.00
369.60
442.40
426.12
402.72
454.00
456.52
434.32
448.12
436.80
423.32
461.32
370.92
393.00
387.12
387.20
445.72
440.20
378.60
378.40
395.92
370.72
423.40
374.20
379.60
376.40
384.60
453.00
453.92
405.52
441.52
388.12
385.40
446.32
444.00
381.52
387.40
422.72
457.20
484.00
439.20
478.00
379.40
447.00
484.32
446.00
424.92
464.92
472.72
481.12
611.00
578.12
501.60
445.32
466.52
535.20
457.00
447.52
463.12
461.20
494.12
465.52
459.32
453.40
454.32
463.80
513.52
452.12
464.32
446.32
466.60
478.00
504.80
482.52
425.00
408.40
416.12
478.60
432.40
452.80
453.00
439.20
450.72
462.72
464.12
473.92
476.80
442.20
491.32
456.00
422.60
443.52
447.92
462.40
518.40
416.20
416.40
420.40
435.20
445.00
483.00
424.20
464.12
421.32
433.32
518.20
456.72
418.72
423.12
434.80
474.92
431.32
464.60
480.60
458.40
470.80
533.60
448.00
452.12
436.60
425.92
477.60
441.60
443.40
461.32
442.40
470.60
427.80
391.40
367.60
394.20
361.00
374.80
367.40
391.20
397.12
397.52
400.52
413.40
376.72
387.72
402.20
369.92
385.60
422.60
380.80
362.12
357.20
369.40
424.80
368.40
385.60
385.20
398.72
3