Measuring voltage and current with INA219 ...
444.00
566.72
381.40
440.92
389.00
404.12
461.12
397.92
390.92
393.80
436.60
429.12
453.40
405.32
386.60
380.92
414.32
417.60
397.32
376.32
393.72
389.12
424.20
492.20
377.20
400.12
408.80
403.12
463.80
481.32
435.72
391.52
375.20
434.32
459.52
365.60
418.32
401.20
392.00
445.40
401.80
385.52
441.60
399.20
424.92
505.72
408.92
393.52
414.72
380.72
522.00
608.92
382.32
438.40
456.20
406.40
550.00
393.20
393.60
405.80
384.32
456.72
606.52
394.72
460.52
401.32
386.80
541.72
458.60
408.60
429.60
382.92
477.20
625.80
378.72
392.40
419.20
380.32
520.92
490.60
391.32
444.72
376.80
459.32
566.12
484.20
408.52
398.80
362.32
489.52
639.00
401.92
430.80
410.92
406.12
542.32
398.72
376.60
451.92
391.52
538.80
680.60
396.12
437.32
451.20
411.92
557.92
465.92
394.80
437.52
393.72
488.00
535.60
365.12
398.40
482.52
468.72
474.60
658.72
573.12
533.00
485.00
544.00
606.92
575.20
700.72
668.60
723.92
713.00
509.52
583.40
698.92
722.72
723.60
724.00
724.72
723.32
724.20
724.20
724.52
724.60
726.60
671.92
670.72
670.92
669.52
459.92
510.40
582.72
556.20
665.60
593.60
713.12
723.40
725.00
723.60
723.92
725.80
724.52
676.32
673.52
726.60
706.60
722.80
709.20
726.12
725.80
724.00
724.40
671.40
669.40
669.72
667.12
700.80
668.60
637.00
679.80
665.60
725.12
735.32
761.80
762.00
761.60
761.72
761.72
760.20
761.40
761.52
761.60
761.40
762.40
761.32
761.72
761.60
761.20
705.20
702.40
701.52
699.12
724.32
698.72
696.72
665.40
651.52
757.92
760.20
760.80
761.92
759.72
760.52
761.80
761.12
761.20
760.92
761.72
760.52
761.12
761.52
760.52
762.12
760.60
709.20
702.00
701.12
702.20
702.12
709.20
691.80
674.00
701.80
656.12
768.72
782.60
784.52
785.40
785.72
785.12
785.80
784.80
784.40
785.32
785.92
784.92
783.72
786.20
785.72
782.00
784.12
723.20
714.00
715.40
326.00
609.00
710.80
519.32
704.20
411.80
449.40
446.60
456.12
477.32
555.20
420.72
452.72
517.52
566.80
457.32
527.00
456.20
417.72
430.20
417.92
443.80
432.80
518.00
697.92
480.92
536.72
703.12
567.52
409.40
622.12
691.20
720.72
780.60
782.52
782.80
786.12
784.20
784.80
785.52
785.32
783.92
783.12
786.12
716.72
713.32
713.20
713.20
653.72
741.92
726.52
702.00
711.72
756.40
761.80
761.72
761.60
759.92
760.12
760.20
760.80
760.92
759.52
762.40
761.80
762.80
761.40
761.32
762.00
761.00
744.60
701.92
701.52
700.80
698.32
744.92
732.20
711.60
700.92
681.00
761.40
759.92
763.12
761.40
760.20
406.52
444.60
454.72
492.60
670.60
467.00
473.80
470.60
505.80
655.52
506.60
503.80
517.20
500.60
693.52
696.60
702.52
699.00
662.52
648.12
657.00
699.60
648.60
756.52
759.60
621.12
616.12
478.80
501.12
757.52
754.52
760.00
759.32
699.72
425.60
461.00
682.12
759.12
600.00
589.40
599.52
444.12
453.32
683.80
599.12
496.80
633.40
664.32
757.20
757.32
486.12
502.20
759.00
759.20
760.60
761.32
760.00
760.12
762.32
761.40
760.20
760.72
762.40
759.72
760.52
707.52
697.52
703.32
702.52
700.32
667.52
699.52
702.20
702.12
699.72
760.60
754.80
756.52
763.12
759.00
761.40
761.12
760.92
761.72
761.40
761.72
760.80
746.60
761.52
761.20
761.12
761.80
704.00
701.80
698.52
666.52
660.92
696.52
697.20
695.60
697.32
750.32
759.80
761.32
744.12
739.60
637.60
761.40
760.00
760.80
760.92
762.60
761.40
762.32
761.40
763.32
761.72
761.52
761.00
703.20
703.00
657.80
695.00
730.60
701.12
736.40
724.40
707.92
759.92
761.52
761.32
762.00
761.12
761.20
761.72
761.52
761.72
760.52
762.32
760.80
762.00
761.32
759.92
761.80
761.20
705.40
701.72
701.80
700.92
728.20
699.52
740.72
702.40
712.80
694.20
758.12
760.12
691.00
760.60
760.52
711.20
753.40
735.12
760.52
762.40
760.80
757.20
760.32
727.32
700.52
760.52
761.12
701.52
701.12
703.32
657.52
708.52
550.80
485.32
466.52
441.72
636.00
441.52
451.80
437.20
542.32
509.12
568.52
562.00
523.32
458.60
479.40
509.40
469.72
495.32
467.32
428.00
455.92
479.60
426.80
458.60
424.60
478.80
513.20
450.12
479.20
487.72
489.12
471.00
515.72
442.00
504.72
521.60
711.72
530.52
460.52
742.52
759.12
483.72
499.40
593.32
761.32
760.00
761.12
760.72
703.52
701.60
699.00
702.12
651.12
700.20
718.52
695.40
680.72
732.52
761.52
761.12
760.52
762.60
761.20
761.00
760.80
761.92
762.00
761.80
760.40
761.40
763.32
761.32
760.72
761.20
761.00
699.52
701.40
703.80
689.52
708.80
728.32
649.00
738.92
670.32
759.80
760.00
761.52
761.80
760.12
762.60
761.40
738.80
761.92
761.52
761.72
757.00
761.12
761.80
747.00
411.52
673.20
417.32
426.72
696.32
521.12
675.12
453.32
467.52
463.60
684.40
513.32
535.52
625.72
757.92
761.32
760.92
761.60
761.60
760.20
760.92
761.12
762.32
761.00
760.00
760.92
760.20
726.32
597.40
700.32
701.40
617.00
698.12
525.80
713.40
693.32
698.52
560.00
682.32
521.12
516.80
757.40
490.20
728.92
757.40
459.60
504.80
470.80
744.72
759.72
758.60
761.60
761.60
760.60
762.80
712.20
700.40
701.52
702.72
699.32
717.72
698.72
701.72
661.52
700.32
759.80
689.80
560.92
449.72
478.72
453.20
750.20
439.32
578.00
499.60
475.92
467.72
514.80
521.32
455.00
701.52
655.12
696.60
698.32
467.72
491.32
662.40
490.60
648.32
492.80
560.52
704.92
644.92
438.52
557.52
449.60
426.00
416.20
455.92
527.92
415.80
717.92
675.32
449.12
474.00
560.92
474.00
536.80
570.40
444.00
644.80
515.52
497.52
469.40
456.20
440.20
520.12
447.60
450.00
451.20
443.00
483.80
455.12
461.80
451.60
451.40
448.12
528.80
459.00
479.12
524.60
446.32
474.80
719.92
729.80
598.80
635.80
593.20
748.60
758.72
759.92
762.60
691.40
756.32
759.00
695.52
760.60
759.72
760.92
762.52
763.20
760.92
747.40
761.72
760.52
706.52
704.12
700.92
700.80
698.32
746.20
736.00
677.80
702.60
696.20
762.32
760.32
760.60
754.20
762.00
761.40
760.40
762.00
761.00
761.92
761.80
761.60
761.00
762.60
730.32
761.52
760.20
701.40
702.80
702.80
702.12
705.92
700.12
731.40
650.00
737.92
757.60
762.40
758.92
754.72
428.00
716.40
663.72
756.32
715.12
754.80
702.80
761.60
760.80
762.12
762.60
761.72
761.12
706.52
702.60
701.60
702.20
654.60
653.52
668.92
686.40
702.40
699.92
761.32
761.12
762.72
763.00
761.00
760.72
492.52
415.60
728.92
758.60
761.72
762.72
761.20
763.00
761.92
762.12
759.20
704.60
702.40
699.52
701.92
700.12
664.12
682.12
702.12
698.60
743.12
761.40
759.80
761.00
760.72
761.60
761.60
762.20
762.00
760.92
761.20
761.40
762.72
761.52
761.80
760.60
761.20
757.20
681.80
661.92
697.80
699.52
710.40
735.80
648.72
697.80
679.40
760.20
759.40
663.00
754.72
739.72
562.32
419.20
752.20
755.92
760.32
731.60
658.40
760.80
759.52
761.60
761.00
763.60
703.12
703.12
703.40
701.32
696.00
728.92
621.92
681.00
674.12
699.20
759.12
759.92
760.52
762.92
746.32
759.92
759.32
762.92
760.60
762.40
761.00
371.20
602.40
390.32
474.60
679.52
754.72
695.20
697.60
687.20
641.80
468.32
482.60
704.72
619.92
736.00
732.60
704.40
550.32
596.60
643.72
761.40
761.60
761.00
761.32
761.00
761.60
760.60
759.52
638.60
745.32
737.52
753.20
524.60
698.60
694.80
696.80
696.00
713.32
696.92
674.40
744.52
550.52
759.92
761.60
760.92
761.20
760.80
734.12
391.20
499.52
444.32
618.72
740.32
421.72
734.92
723.20
533.52
530.32
530.80
481.12
474.00
657.20
603.92
447.72
437.32
460.60
694.72
702.60
721.20
761.80
761.20
759.92
758.80
762.60
759.72
619.32
510.60
458.80
754.60
758.52
761.12
762.00
761.80
761.60
657.80
760.52
675.20
472.32
490.20
441.92
613.32
695.80
672.60
689.52
710.80
677.72
747.72
761.12
759.92
755.32
395.80
669.72
508.32
754.32
682.72
740.72
628.52
626.40
753.40
482.12
437.52
729.32
700.72
566.40
698.20
669.60
405.20
481.00
621.20
741.40
583.72
571.20
583.40
748.72
596.40
482.32
435.40
732.92
690.52
535.12
436.60
450.60
555.00
497.40
462.20
458.00
470.32
461.00
460.72
533.60
580.92
479.60
567.20
682.60
471.72
431.40
520.20
617.60
625.40
540.80
751.52
759.52
760.12
759.72
761.52
759.72
761.92
759.80
762.20
473.12
462.60
602.12
471.20
497.32
507.20
460.80
481.52
469.52
559.40
509.12
469.72
488.52
474.92
534.72
432.32
744.72
564.40
440.12
490.80
483.52
449.40
457.80
623.12
458.12
463.20
447.72
695.40
713.20
755.12
715.52
725.80
467.20
457.20
485.20
534.40
461.00
472.80
488.00
470.60
489.20
537.80
568.80
512.72
491.60
612.92
491.32
506.80
485.60
460.12
454.72
473.00
516.60
486.40
588.20
501.32
453.72
458.40
463.32
641.52
511.00
470.92
490.20
533.32
562.00
626.12
734.80
510.00
468.80
475.92
541.12
507.72
509.92
534.12
542.80
515.12
601.92
465.72
495.80
509.52
571.32
593.52
694.60
627.32
684.60
639.92
609.60
714.40
655.32
445.52
445.92
486.80
516.92
543.72
441.72
477.92
470.92
459.60
739.40
619.52
530.00
476.52
404.12
536.12
400.40
399.52
402.52
401.40
402.80
695.52
448.20
408.60
418.32
391.92
450.72
501.40
417.60
401.12
407.80
436.12
445.00
416.72
391.92
418.60
382.40
390.20
494.00
386.52
383.32
409.52
452.80
519.52
465.40
431.00
475.60
475.80
400.40
518.72
386.00
393.12
392.52
399.92
441.40
460.20
376.80
374.72
387.00
389.92
480.52
412.80
397.32
418.00
421.52
443.52
470.40
468.20
475.52
387.12
408.00
456.52
501.00
388.80
400.80
388.12
391.72
464.32
398.00
399.32
433.60
437.60
483.32
485.20
410.92
575.32
512.00
426.80
504.12
413.40
398.00
425.20
397.20
448.92
473.00
388.20
451.52
460.00
407.92
506.00
456.32
401.40
395.12
386.40
416.52
443.72
450.12
485.72
413.20
448.32
494.32
498.72
480.20
481.20
479.00
466.20
458.52
496.52
418.72
389.32
399.20
520.60
414.72
421.40
422.52
469.52
502.00
601.60
577.20
533.92
510.80
420.72
563.20
503.92
392.40
423.12
382.72
591.60
663.72
423.32
516.32
528.52
428.92
586.52
715.80
444.32
463.72
457.12
488.40
754.32
697.20
599.60
564.40
474.60
494.12
606.12
473.40
596.32
436.32
455.80
626.32
437.20
444.60
447.92
436.12
472.40
552.00
533.32
466.20
443.40
534.00
645.20
495.80
442.20
440.80
437.80
485.40
515.40
433.12
485.32
549.00
450.60
501.60
583.40
482.52
558.92
561.60
583.00
621.72
465.20
510.00
531.32
607.80
543.52
591.52
537.12
645.40
569.52
710.60
752.52
504.52
428.80
440.60
467.20
481.32
548.52
454.92
475.92
476.00
482.00
615.32
522.92
544.32
591.20
488.80
505.40
556.12
453.40
460.20
453.20
490.92
651.60
575.12
582.60
468.72
450.12
465.60
514.72
440.80
451.52
526.32
528.60
506.00
496.32
553.60
670.80
611.40
431.12
623.60
437.20
446.12
440.00
436.32
483.52
505.80
463.32
456.32
435.40
454.32
519.00
464.80
457.00
439.80
433.72
469.92
546.00
519.00
572.12
515.60
458.60
555.12
465.20
432.52
461.00
506.52
494.20
516.52
466.12
474.72
447.72
435.72
492.32
527.80
437.60
448.52
433.80
439.20
538.12
472.40
500.00
432.92
432.60
508.92
491.52
463.12
479.32
491.00
469.12
477.72
468.80
4