Measuring voltage and current with INA219 ...
402.72
378.60
403.80
386.00
385.32
395.80
398.40
402.00
429.60
397.92
419.52
414.60
369.92
397.20
402.12
393.20
449.40
392.20
378.00
407.80
402.12
391.32
467.40
464.72
430.40
426.72
378.52
451.72
517.20
538.52
431.72
399.72
420.72
537.40
469.72
398.12
400.60
390.52
440.80
495.52
438.00
453.32
411.92
404.32
506.00
414.32
411.20
404.80
411.32
419.60
496.80
394.60
427.72
396.92
398.32
471.60
410.72
395.32
413.00
402.92
442.60
471.40
397.32
415.92
407.52
382.00
460.60
430.20
395.12
425.32
388.92
436.52
515.60
401.40
425.40
428.80
378.92
452.72
525.40
387.00
433.80
406.40
417.40
496.52
396.12
427.40
415.92
418.32
432.00
487.60
390.92
414.00
396.52
394.52
502.20
395.52
417.52
423.72
415.72
492.20
505.92
511.80
466.20
475.12
498.20
503.80
391.80
394.80
454.60
442.32
448.32
510.12
428.32
416.72
425.40
386.80
457.12
602.60
423.52
438.12
403.12
402.60
450.52
393.32
425.20
414.72
422.80
489.32
505.52
393.52
410.92
392.72
387.32
486.20
388.92
428.52
473.80
414.12
453.72
457.32
395.72
445.80
504.12
498.12
481.40
535.52
499.32
536.72
534.12
600.12
665.00
605.40
666.12
700.40
575.40
703.92
480.40
453.12
694.80
724.40
723.20
725.20
725.00
724.40
726.12
724.72
724.32
725.20
725.32
727.32
724.52
725.12
723.80
725.00
525.00
549.80
555.52
666.40
656.60
639.12
712.20
705.52
693.40
721.12
723.00
765.32
700.92
739.52
769.12
753.20
769.72
770.40
670.52
769.00
767.72
768.32
763.32
761.52
701.12
766.12
709.72
708.60
702.12
670.80
706.60
673.00
705.72
707.12
679.80
665.92
768.80
767.12
769.52
768.40
768.00
769.00
770.00
769.52
769.20
769.72
769.00
769.40
768.72
766.92
768.92
769.52
768.60
710.80
709.00
707.00
707.60
671.12
707.80
706.92
723.92
748.20
758.80
767.92
767.92
769.40
768.52
769.80
768.12
770.52
768.52
768.40
768.80
770.20
768.12
768.20
769.80
771.00
769.52
768.92
709.12
708.60
707.32
666.40
682.80
702.12
719.12
745.20
753.80
767.72
769.00
767.92
768.52
769.12
769.32
768.92
768.20
769.52
768.40
769.60
768.00
769.52
768.92
769.20
768.92
769.32
713.72
708.00
709.32
708.52
705.72
697.12
718.20
708.60
753.52
704.80
767.72
768.60
770.40
769.72
767.20
767.60
770.92
769.80
769.12
767.80
711.00
708.00
611.40
459.00
454.80
672.40
665.60
685.80
635.32
704.92
768.00
767.12
770.40
768.12
768.92
768.92
767.60
769.00
768.40
769.20
769.40
768.80
769.72
770.80
769.60
767.80
769.72
709.80
709.60
709.20
705.92
673.00
708.52
743.52
683.92
703.92
767.20
756.72
769.00
769.32
769.40
769.00
768.60
770.52
770.92
769.00
768.00
768.12
769.60
769.32
767.92
769.12
768.52
715.00
711.00
710.20
707.92
677.12
658.20
708.92
680.20
697.32
691.92
767.60
768.40
769.20
769.40
768.40
768.40
768.92
771.20
769.60
768.40
770.00
622.00
691.32
634.12
767.72
761.72
705.92
676.32
699.00
707.20
707.72
707.80
657.20
652.92
714.60
695.12
736.52
766.80
769.52
767.92
769.92
769.32
769.40
767.72
768.40
769.40
768.52
768.60
764.00
753.60
757.80
769.80
769.72
758.72
707.32
708.52
706.92
708.40
707.00
718.32
745.12
743.40
734.52
738.12
768.40
769.80
769.72
767.32
665.92
768.32
753.92
707.12
761.60
768.92
767.52
767.12
766.52
769.40
769.20
752.12
710.60
707.40
709.40
708.60
699.52
721.60
704.20
657.00
709.60
688.32
768.20
769.00
769.52
768.72
767.00
753.60
768.32
767.80
732.92
769.40
769.72
769.40
771.20
768.32
768.92
768.12
770.00
708.40
708.92
709.12
707.72
714.00
705.00
707.20
708.32
682.12
761.92
769.20
769.20
768.40
768.00
768.32
768.60
770.60
767.72
769.80
769.92
769.40
769.60
769.52
769.32
768.92
769.60
768.72
709.72
706.32
710.00
708.12
731.00
755.20
747.60
731.12
713.52
766.32
767.80
756.52
769.00
768.00
769.60
768.00
771.92
769.32
769.60
769.72
769.92
769.80
767.32
529.20
765.60
760.32
506.40
573.92
605.00
613.92
695.60
545.40
520.52
475.72
482.80
699.12
450.60
447.12
442.60
451.32
593.40
455.80
447.60
495.60
554.60
458.92
587.12
466.00
452.80
458.40
453.80
485.32
447.20
476.20
468.12
607.40
528.40
555.00
496.00
489.12
483.92
485.72
591.00
747.00
766.32
534.00
489.20
764.80
679.00
613.40
580.20
710.12
702.40
596.52
700.12
533.12
492.72
501.60
489.12
586.00
605.12
550.12
546.52
582.72
512.72
596.20
574.72
702.52
704.92
768.52
768.60
769.00
768.52
770.72
769.40
769.52
767.80
768.00
769.20
769.60
767.80
768.60
769.12
770.52
769.12
769.52
711.40
711.32
706.72
708.40
708.12
663.52
710.52
709.00
726.32
742.40
767.72
769.20
769.40
768.60
769.12
769.92
769.00
769.32
769.72
768.92
769.40
769.40
769.52
770.52
549.00
429.40
742.32
513.52
647.92
690.32
480.60
518.72
567.52
618.00
707.72
734.12
766.60
769.20
768.32
771.00
766.40
768.12
768.32
769.80
769.80
768.60
768.72
769.60
495.80
590.40
766.40
440.32
724.92
523.72
583.52
702.92
706.12
477.72
623.92
463.60
567.72
690.52
491.60
436.92
558.72
755.12
749.12
693.92
539.60
762.80
769.00
767.52
768.52
768.60
768.40
770.20
768.12
770.00
770.60
769.60
709.72
708.20
684.32
506.72
719.72
548.40
498.40
501.72
503.92
539.00
515.92
447.40
753.00
500.12
604.80
759.92
571.00
474.12
706.72
552.40
706.32
721.52
486.00
514.40
520.72
455.60
737.60
663.00
459.60
497.00
485.32
543.92
744.52
445.80
486.32
492.60
462.52
582.32
577.52
459.72
492.20
472.20
499.92
763.12
565.32
618.00
485.52
456.92
639.12
601.92
458.80
486.92
450.80
459.80
671.72
625.40
766.40
767.72
767.72
700.52
769.80
654.32
619.12
767.52
766.80
769.20
769.00
767.72
769.20
769.52
768.80
769.20
768.20
713.92
710.12
708.60
707.40
707.20
656.20
745.52
727.52
708.92
725.00
768.80
768.40
769.40
768.60
769.12
768.32
769.72
770.12
768.12
768.80
770.20
769.32
770.80
769.20
768.40
768.20
770.00
711.72
708.00
709.00
706.72
661.00
707.20
677.60
695.92
716.72
766.72
768.12
767.92
768.60
769.20
767.80
769.80
769.52
768.80
769.20
768.32
767.72
768.72
758.60
729.60
767.92
769.72
769.20
693.92
707.92
708.60
687.80
543.40
688.52
519.32
687.32
635.40
477.60
706.40
511.80
548.80
488.60
766.12
505.80
763.80
638.80
466.20
603.80
739.80
715.80
620.72
498.92
762.60
734.60
526.80
695.92
495.60
564.80
507.92
457.20
531.60
652.60
571.00
758.72
571.72
685.00
737.80
501.12
469.00
649.52
493.52
489.52
761.00
668.40
761.72
653.72
492.92
742.72
495.32
669.80
745.20
488.12
464.20
695.32
463.12
494.92
459.60
444.80
691.52
523.20
475.80
502.00
452.60
452.92
753.40
603.60
515.12
470.12
456.32
499.92
526.00
447.60
476.80
465.80
456.52
642.00
639.12
466.72
536.80
502.80
545.12
678.72
531.00
513.72
493.40
489.40
690.40
743.20
475.60
531.80
492.52
498.80
569.12
487.60
465.12
512.40
497.12
539.12
456.72
472.12
489.20
446.60
472.00
511.72
502.92
458.12
525.12
487.92
527.80
561.40
518.80
587.12
695.60
764.20
767.32
764.00
767.12
768.60
769.12
482.20
458.92
661.52
447.40
431.12
393.40
447.80
419.60
390.12
425.72
517.60
527.20
518.12
568.80
562.32
451.00
506.00
515.52
443.80
476.52
465.40
487.72
593.72
523.72
657.72
538.20
473.72
501.20
514.80
475.32
484.52
570.60
587.92
555.60
572.12
578.40
551.72
457.72
428.92
483.40
482.72
465.72
465.52
487.72
456.00
535.12
458.52
480.60
458.52
435.72
494.60
553.32
507.20
515.52
517.20
432.72
575.00
599.60
505.60
572.72
489.40
476.20
520.20
574.60
544.60
472.72
482.72
543.72
490.00
508.92
596.80
600.80
561.72
540.52
530.40
532.52
497.80
497.72
492.32
553.00
500.32
505.72
471.00
496.60
575.80
535.92
524.52
499.80
498.80
504.60
514.52
473.12
482.32
531.20
484.72
553.72
488.60
530.92
499.32
465.80
490.52
495.32
479.12
555.92
543.00
537.60
540.60
528.20
461.72
514.52
501.12
525.20
598.00
650.32
681.92
767.12
745.72
713.72
602.52
473.12
518.80
569.20
612.20
582.60
500.40
495.20
561.92
526.52
566.20
503.60
498.80
512.52
490.40
479.52
530.00
460.92
460.72
517.40
490.12
509.72
566.20
538.40
520.20
484.40
480.72
474.72
426.92
399.20
447.00
438.52
437.80
492.60
548.72
437.40
465.80
505.60
493.72
581.32
534.32
562.20
647.12
550.72
527.92
665.12
483.12
530.32
488.60
656.32
487.12
654.80
561.40
557.20
500.52
541.12
480.52
596.80
529.32
576.12
654.80
560.20
571.80
760.92
663.92
764.00
769.52
703.32
634.40
501.72
583.00
524.52
546.20
482.72
482.12
490.20
480.20
496.00
479.80
446.40
531.72
493.12
553.40
514.40
747.00
538.52
478.72
519.00
535.40
479.72
501.60
537.40
468.60
464.40
469.52
449.92
483.72
451.12
455.20
510.40
482.00
476.72
493.52
505.60
518.60
601.20
582.92
532.72
529.20
547.12
550.92
509.12
471.80
500.80
483.92
477.92
514.32
467.00
467.00
467.52
497.52
566.92
523.40
490.52
484.52
539.12
571.80
608.80
559.52
558.80
476.52
473.12
494.92
508.32
470.80
490.32
462.60
509.52
548.52
500.52
473.20
488.00
475.60
485.92
467.40
482.32
496.72
490.40
591.20
571.00
522.12
508.52
498.20
490.20
502.20
576.52
504.32
492.92
491.00
485.12
499.52
600.32
502.72
434.72
427.92
435.60
449.00
416.80
400.80
468.52
433.12
485.80
426.52
433.40
407.40
405.40
418.12
485.52
413.12
391.92
419.92
419.00
437.40
476.40
455.52
463.20
444.60
411.60
467.12
448.40
408.72
443.72
426.92
435.80
476.52
448.20
458.92
409.72
416.52
487.52
472.00
421.80
461.52
421.72
482.32
506.60
429.12
432.52
430.00
455.40
466.40
525.80
492.00
467.80
456.60
437.20
523.60
417.80
413.32
413.20
409.72
450.52
467.52
476.52
445.72
409.52
421.72
479.60
496.20
417.52
459.92
475.32
428.60
492.72
465.40
444.00
443.12
420.60
505.72
499.00
433.52
440.12
415.00
415.20
491.60
413.20
507.92
469.60
399.12
497.92
485.80
420.80
463.60
437.80
441.20
528.32
464.92
532.80
406.32
417.40
441.52
506.60
426.32
449.00
426.32
481.40
505.92
475.60
554.12
490.60
444.92
504.20
539.52
469.12
483.20
463.32
524.00
593.72
584.92
747.12
490.00
462.40
457.32
543.00
476.40
492.60
534.52
528.92
575.52
545.72
462.52
452.12
480.00
481.72
558.60
505.20
472.80
494.40
503.20
511.92
609.20
547.40
551.60
486.92
500.80
562.60
536.20
487.40
490.72
472.12
510.52
566.00
494.52
543.20
414.60
440.12
478.92
410.52
446.12
497.92
464.60
496.00
508.60
426.72
427.80
435.60
400.72
515.20
451.52
426.40
421.72
412.92
422.92
485.52
413.20
431.60
486.92
491.32
469.92
487.72
464.20
452.40
456.00
425.32
480.12
429.40
422.00
440.60
430.60
463.72
507.00
434.20
447.20
422.92
430.20
469.00
423.00
430.32
423.32
448.32
472.32
489.20
474.00
465.20
438.12
430.12
491.12
421.92
421.80
427.32
429.92
489.92
497.32
467.92
490.92
417.20
428.72
527.72
476.00
4