Measuring voltage and current with INA219 ...
305.40
325.20
285.60
312.00
359.20
304.20
372.32
389.20
322.00
383.32
334.00
282.00
342.32
332.52
277.40
278.80
268.80
331.00
327.80
271.40
289.72
280.12
275.60
355.12
278.32
274.40
279.12
275.40
353.40
385.32
279.12
306.40
277.12
283.32
378.00
332.12
295.00
346.40
292.60
322.72
365.92
304.40
323.32
339.92
275.52
346.00
372.12
276.52
298.60
276.72
287.52
336.20
269.52
285.72
310.72
278.92
332.52
334.52
303.12
302.80
299.40
287.32
334.32
286.40
294.60
298.40
280.52
332.72
331.60
271.32
309.72
272.20
285.40
326.32
275.52
294.40
291.12
328.40
299.32
328.00
264.92
287.60
272.00
272.32
362.12
272.00
277.80
305.92
270.80
293.72
370.80
335.20
323.12
328.00
336.60
381.00
307.20
299.72
278.20
263.60
268.92
336.20
270.60
266.60
285.72
263.12
336.92
329.20
264.80
304.32
277.92
342.72
335.12
299.52
292.32
290.12
286.32
326.80
350.12
278.12
336.60
344.00
312.32
401.92
403.92
347.40
385.60
365.92
401.20
458.00
501.52
433.32
473.52
509.92
488.40
398.32
350.00
401.80
419.00
490.40
475.12
407.72
446.40
449.72
350.72
454.00
392.40
449.52
422.20
448.40
522.60
330.72
330.20
409.60
330.80
335.60
634.00
468.80
328.20
320.80
342.80
352.52
544.60
489.52
413.72
444.92
531.72
572.60
597.52
621.12
627.32
642.80
571.20
662.92
662.00
662.00
661.80
660.52
661.60
661.72
601.52
655.52
659.40
661.80
608.52
510.20
596.92
695.40
607.80
698.32
693.92
692.60
689.92
641.00
508.40
661.60
648.12
677.80
732.20
754.92
772.80
721.60
551.92
697.32
626.20
591.72
675.52
731.20
612.52
698.40
691.52
782.12
782.00
783.92
784.52
785.32
784.40
700.32
699.92
697.60
691.00
728.40
754.80
746.20
693.60
711.12
783.00
785.00
783.92
784.72
784.80
785.80
785.52
788.40
787.72
785.00
786.00
700.32
699.00
699.40
695.12
719.52
698.32
695.00
740.40
723.12
783.40
787.52
784.20
787.20
786.52
787.32
787.32
786.20
787.72
785.60
786.32
786.20
698.72
780.80
783.92
785.80
786.32
708.12
700.92
698.32
699.00
699.40
664.40
647.92
744.80
672.72
698.72
782.40
812.32
833.20
834.52
836.40
835.72
834.40
835.80
833.60
836.20
836.80
747.72
743.72
745.80
742.40
742.20
748.40
690.52
688.60
689.12
687.32
674.52
685.40
656.80
660.00
687.40
741.12
746.52
745.80
747.32
746.80
747.72
439.80
693.92
579.52
337.72
424.12
412.72
728.20
743.52
741.40
744.60
744.60
742.20
685.60
689.92
688.92
675.80
665.92
653.92
657.40
688.12
669.40
747.32
747.92
744.72
744.92
744.60
744.80
744.12
744.92
742.32
744.32
746.00
743.52
678.60
743.12
743.80
743.12
744.80
693.80
686.00
683.80
688.80
685.32
675.60
682.52
685.80
654.32
726.12
741.60
741.52
743.00
742.20
744.40
744.00
741.92
743.12
740.20
742.60
741.00
748.92
744.52
740.80
742.72
745.40
759.80
633.32
657.52
689.40
504.72
668.72
689.40
691.52
682.00
721.40
739.52
739.92
739.60
739.92
744.60
746.32
727.60
720.00
739.92
745.72
742.12
743.72
747.12
742.12
689.60
742.60
752.32
748.20
692.12
691.32
689.12
664.20
611.60
655.32
715.20
592.80
661.60
747.12
745.72
748.12
754.00
546.00
569.92
740.20
723.32
746.40
621.12
747.92
742.20
746.80
708.32
748.40
639.72
746.72
692.52
689.72
689.52
689.20
689.40
682.20
683.72
688.40
654.80
733.80
743.60
743.32
747.12
745.60
749.40
745.12
744.20
747.80
748.92
711.80
743.60
742.40
744.32
745.52
747.12
744.80
747.60
692.60
690.00
689.00
690.32
680.72
701.52
692.20
688.72
715.80
742.72
746.32
741.72
743.20
744.32
748.32
746.40
747.40
744.92
744.72
744.00
746.20
747.80
746.80
745.00
744.20
746.20
745.40
690.32
689.00
687.92
675.92
687.72
689.40
644.20
720.32
683.40
744.32
761.20
709.20
743.12
746.20
746.32
756.12
755.92
730.32
705.60
636.72
747.32
750.32
747.92
743.60
746.12
746.40
693.12
691.52
690.20
689.00
725.72
684.12
686.00
628.52
628.80
740.32
741.72
743.12
744.00
706.20
726.32
555.32
466.60
416.60
594.60
443.00
378.00
382.72
362.92
343.12
355.20
745.20
637.12
451.20
495.40
340.72
346.60
502.00
361.72
382.00
362.92
369.20
439.20
490.80
498.72
387.12
362.92
342.32
437.40
341.40
343.20
342.00
345.52
385.12
643.72
344.52
346.12
342.12
373.40
416.00
666.72
580.20
379.00
667.52
624.52
575.80
404.00
569.00
676.80
493.32
625.92
422.72
439.00
425.80
462.80
524.92
464.00
396.32
403.00
426.92
423.00
527.52
438.60
537.52
428.80
672.00
557.92
662.00
705.52
706.12
663.72
487.72
696.00
668.20
713.72
807.12
810.60
812.20
812.32
814.40
813.12
815.00
815.52
813.40
814.12
814.72
814.40
814.80
814.60
813.00
814.40
815.80
734.60
725.80
725.20
724.20
708.12
690.40
668.60
654.72
618.40
664.72
741.00
743.80
746.52
747.00
591.60
500.32
632.12
629.72
748.92
759.40
341.20
454.32
457.40
464.92
724.72
398.20
342.92
359.52
415.80
414.72
688.20
691.00
654.72
657.20
694.52
681.72
705.92
758.92
723.60
752.72
756.20
755.20
757.52
760.92
615.52
396.32
764.52
627.72
650.20
577.32
519.72
438.80
658.80
596.40
687.20
700.40
665.32
450.52
373.40
774.72
432.80
731.52
475.40
780.12
564.40
791.92
498.80
599.12
690.92
802.72
790.40
804.00
514.52
421.60
478.40
571.52
581.60
484.40
439.72
447.20
379.12
642.40
632.60
389.32
493.60
444.20
671.00
497.92
583.52
485.12
420.12
413.40
356.00
699.00
432.00
382.80
500.20
544.72
375.20
435.12
701.92
684.20
684.40
686.40
685.72
699.00
686.52
706.00
691.92
721.00
742.92
794.20
796.32
396.52
647.20
368.00
355.92
372.20
474.52
767.40
379.40
355.52
489.52
468.00
770.92
780.60
786.20
692.40
689.00
689.92
688.92
707.20
688.52
695.72
658.32
722.20
686.92
784.32
798.60
797.12
800.72
802.12
804.52
807.40
805.00
804.32
805.60
806.52
806.80
806.92
392.40
549.12
409.52
778.92
685.60
391.12
440.52
649.20
650.72
687.52
708.32
686.52
676.52
738.72
790.32
792.40
798.20
797.60
799.40
802.00
802.12
804.12
805.52
804.60
806.32
806.20
807.32
806.52
722.00
836.80
606.00
669.60
674.40
688.92
689.20
688.80
691.80
731.72
659.12
691.92
754.72
755.52
777.40
780.92
783.20
783.20
785.20
786.32
786.32
786.40
788.00
786.72
769.60
643.20
740.00
783.80
782.32
508.72
685.52
687.20
687.92
693.92
688.40
720.12
574.60
343.92
346.52
351.00
466.00
741.40
722.20
352.60
432.20
679.40
373.72
551.20
391.60
609.52
745.32
480.72
723.00
492.80
686.12
544.60
686.32
526.32
682.12
485.00
622.80
378.92
447.00
653.92
356.00
332.92
333.12
678.00
348.00
741.52
385.12
359.40
423.40
384.20
544.40
488.40
395.20
342.72
332.32
338.80
730.80
336.80
341.52
471.32
339.80
349.20
465.72
410.92
399.32
662.32
561.12
431.80
369.60
355.52
505.20
379.72
426.52
383.80
344.12
345.32
350.12
730.72
755.60
758.52
760.12
761.12
763.52
762.32
691.60
691.52
690.72
519.12
415.72
480.60
368.72
354.32
367.20
335.12
369.00
410.00
341.20
651.12
381.60
711.40
425.72
538.60
375.20
375.52
342.80
580.00
505.00
329.20
433.92
492.20
345.12
343.12
584.80
455.80
348.40
334.80
341.12
398.20
333.60
449.92
676.32
345.80
336.52
431.72
354.32
360.52
355.00
374.32
447.72
371.20
383.12
427.00
386.20
388.12
441.20
356.20
341.92
625.80
687.20
639.20
504.00
499.20
565.60
534.32
545.40
571.12
545.00
648.60
372.52
351.60
333.80
462.12
449.52
371.60
755.12
612.72
420.32
329.92
336.72
339.52
340.72
358.32
347.00
333.92
454.60
381.32
659.12
561.00
370.00
358.92
388.32
377.52
450.32
511.72
345.12
360.40
372.20
344.80
404.40
446.60
518.12
446.72
349.52
347.20
472.60
405.80
348.52
387.20
508.92
380.60
342.52
331.60
479.60
534.60
460.72
568.20
396.92
415.52
386.80
380.72
366.92
338.52
369.20
435.40
349.40
599.12
673.72
362.12
344.92
351.40
378.60
388.32
394.60
332.52
351.72
477.80
469.92
373.60
361.12
367.80
441.12
435.60
478.00
625.92
388.60
359.00
369.92
382.72
435.32
536.72
397.00
353.40
377.32
429.92
486.00
542.20
504.80
566.20
442.72
552.92
334.80
584.00
390.40
347.20
373.92
535.60
354.72
338.80
351.92
411.60
415.32
377.20
359.60
362.52
336.72
332.20
385.20
426.60
523.52
556.72
479.32
569.40
587.60
474.60
498.52
513.52
552.92
572.00
569.32
561.00
582.12
383.52
356.52
670.80
361.00
347.00
402.40
371.32
515.72
490.12
693.00
484.12
572.12
391.72
380.12
374.52
335.92
407.52
577.60
377.72
345.60
365.20
399.20
393.92
361.52
375.12
394.00
351.60
605.20
371.20
359.32
692.00
349.80
419.72
333.32
360.32
512.60
556.92
350.20
350.72
373.80
374.60
437.20
342.00
368.80
345.80
375.80
448.40
352.40
360.92
381.32
352.40
430.12
519.32
409.72
393.12
384.60
363.00
403.92
443.12
365.00
399.20
457.80
449.32
426.92
337.20
342.80
431.12
338.72
363.00
447.92
374.92
349.92
429.92
411.72
449.32
403.12
448.72
448.92
448.92
445.80
448.60
454.72
450.00
454.80
461.20
460.52
459.12
459.40
459.52
459.32
456.40
456.60
457.20
456.60
456.52
457.60
456.60
456.32
456.60
456.52
451.72
423.80
580.32
589.40
594.72
616.20
554.12
639.32
589.20
614.72
587.12
639.20
639.32
640.60
640.52
637.72
638.92
639.92
630.60
360.20
539.00
564.72
588.52
638.92
640.00
638.60
594.00
575.92
579.52
618.20
592.80
605.72
616.12
629.40
645.32
764.40
791.72
795.40
794.92
794.92
796.20
805.72
805.60
807.20
807.72
806.80
808.52
509.32
722.80
637.12
563.00
462.60
624.52
380.80
494.32
381.60
420.32
690.60
429.92
424.80
548.32
373.72
629.12
511.20
365.52
370.80
354.20
802.00
803.00
814.80
814.80
815.72
816.60
815.52
817.20
798.92
365.20
386.00
808.52
698.40
717.40
408.32
368.60
366.20
346.60
662.92
389.32
386.80
445.60
349.60
383.40
605.00
351.72
368.12
372.40
742.40
791.20
545.12
364.92
379.00
381.32
400.92
685.52
419.52
368.60
400.40
410.80
606.92
617.00
616.20
375.52
634.20
432.20
524.52
394.60
378.80
375.80
363.20
374.00
373.00
347.00
358.00
371.52
378.92
552.92
360.00
339.12
412.12
381.80
596.12
599.40
353.32
344.20
358.72
366.00
690.92
702.00
362.40
359.32
371.32
352.12
643.92
432.12
448.40
433.40
529.80
654.92
574.80
536.32
601.52
405.80
355.72
504.80
361.60
394.60
527.52
374.40
431.00
392.40
507.40
407.92
389.52
354.20
662.12
744.12
455.92
454.52
575.20
350.80
403.80
366.52
346.12
346.72
440.92
541.00
664.92
533.52
447.80
357.00
425.00
350.00
339.20
342.60
341.80
339.80
575.40
528.00
377.92
359.32
344.80
346.72
515.80
379.92
382.32
376.32
376.00
463.92
517.40
589.80
476.92
562.72
445.32
598.92
603.80
456.40
488.52
369.80
653.00
485.52
703.32
394.72
605.92
367.60
636.00
399.92
355.92
385.80
377.12
426.52
361.52
350.12
349.72
550.80
509.72
587.72
365.40
412.00
397.80
372.20
445.40
491.40
348.40
477.80
589.00
364.80
528.60
367.20
354.60
361.80
359.80
396.72
486.92
515.60
378.32
352.00
436.40
512.32
378.52
353.00
350.80
589.20
365.80
532.52
372.92
385.20
352.12
365.60
419.40
397.72
369.72
390.92
410.00
369.12
469.00
443.52
375.80
494.60
493.60
469.52
397.80
543.92
499.12
384.20
384.20
512.32
437.60
438.40
372.60
352.00
359.20
454.00
520.72
490.12
361.40
351.40
525.00
350.92
359.00
360.92
363.32
355.92
438.80
409.80
460.72
374.00
421.32
449.32
415.00
392.00
412.12
416.00
432.92
421.00
357.12
298.52
312.72
309.72
330.92
295.60
355.00
318.52
298.12
309.32
368.00
396.40
412.12
412.12
433.00
303.92
300.52
297.72
307.32
304.52
292.52
359.40
295.32
286.72
305.60
303.12
350.52
342.92
333.72
342.32
291.32
336.60
366.00
362.12
372.80
306.40
293.32
292.72
303.12
334.72
344.32
368.92
389.60
388.80
388.20
388.00
387.40
381.52
383.60
376.12
361.92
360.72
375.80
376.60
377.20
376.00
352.32
358.60
376.40
354.92
375.80
377.00
347.12
337.20
374.12
426.40
385.20
490.72
479.52
443.32
467.32
444.80
369.60
471.80
422.40
554.52
527.52
449.80
384.92
487.52
454.92
555.00
556.92
553.52
441.72
400.32
373.12
343.20
337.92
363.32
363.72
375.52
369.00
393.12
372.20
371.72
534.60
516.92
383.80
505.52
405.60
436.72
362.40
354.92
428.12
368.72
408.60
410.12
360.60
360.12
425.72
333.80
335.72
340.80
432.80
387.92
412.20
432.92
432.92
393.00
362.12
377.72
387.32
432.52
402.00
348.20
339.92
333.72
405.60
348.92
353.92
333.12
408.72
344.72
334.72
415.60
405.32
388.60
388.92
487.80
454.12
454.72
461.40
359.80
337.52
353.72
343.52
348.12
347.12
393.32
512.40
368.20
371.40
354.32
496.32
352.52
417.60
362.72
364.32
358.92
458.52
372.00
334.00
370.20
370.60
372.00
365.40
342.72
321.40
369.12
418.00
505.40
425.40
513.32
465.60
420.12
352.60
345.40
331.20
331.52
322.12
345.00
412.20
346.52
408.20
402.52
351.32
327.12
390.40
333.40
348.60
353.20
348.00
380.40
363.52
359.20
382.80
365.00
413.12
386.80
340.32
352.20
345.92
417.80
442.20
417.40
407.12
414.52
447.60
439.72
528.32
534.40
532.32
374.40
329.40
326.12
339.80
318.80
334.40
542.12
514.12
463.00
431.80
346.72
487.72
396.52
394.92
404.32
374.40
361.00
351.40
506.40
427.20
356.12
349.40
378.32
355.20
336.12
329.60
319.40
327.72
328.40
317.80
358.92
326.12
410.92
459.52
442.52
337.80
379.60
367.20
347.52
354.80
418.80
427.52
434.40
351.52
3