Measuring voltage and current with INA219 ...
386.00
403.12
398.00
385.40
463.12
526.60
422.52
425.12
395.00
402.60
484.92
464.92
425.92
415.52
391.60
445.40
433.60
387.20
413.40
417.20
416.60
510.60
428.92
416.20
433.20
462.32
451.60
473.92
434.80
433.00
406.12
444.32
465.52
465.72
404.92
426.80
420.60
436.80
530.20
399.52
426.40
481.00
413.20
479.00
466.32
402.12
435.12
446.00
401.72
471.00
391.00
380.40
400.92
439.60
451.92
461.12
395.40
428.92
427.72
432.00
488.60
441.20
407.60
405.72
400.20
457.60
451.20
405.00
429.60
404.60
410.72
483.12
444.52
424.52
411.52
398.32
431.00
470.40
380.32
416.12
392.72
440.00
457.40
370.60
408.60
443.72
442.80
453.40
483.72
410.40
411.20
423.20
392.72
511.52
442.32
398.00
420.60
420.72
419.92
466.20
410.40
401.40
411.80
381.92
456.32
480.12
410.40
455.32
413.80
422.92
530.20
516.80
414.60
402.00
382.72
452.52
486.92
398.00
436.80
512.72
492.52
538.72
505.32
570.80
605.60
562.00
638.32
716.32
669.72
688.00
730.72
498.00
604.40
532.40
493.20
643.72
680.00
703.00
638.92
640.32
542.52
519.80
600.60
727.12
609.60
562.12
574.80
466.52
604.32
520.12
461.40
534.60
559.52
619.12
706.12
561.80
476.12
496.00
439.72
706.20
640.92
626.32
600.12
552.92
725.40
732.40
723.52
728.72
731.32
696.52
730.12
730.92
680.92
675.32
676.72
676.52
674.52
662.20
642.40
474.52
705.12
595.00
730.80
636.80
727.20
732.20
730.92
732.00
730.40
730.60
731.92
732.72
730.32
732.72
731.92
732.12
732.72
733.52
732.32
676.32
676.80
676.40
676.80
656.20
644.60
671.40
709.80
653.52
676.72
732.32
753.60
759.60
758.40
758.12
759.40
759.52
759.60
757.52
759.32
757.80
758.40
759.52
756.92
757.52
757.20
759.52
701.60
701.60
697.20
681.00
668.80
697.80
695.12
675.12
692.72
757.00
757.72
756.32
758.20
759.52
759.12
757.00
758.20
757.60
760.20
758.32
758.32
758.20
759.12
758.80
758.60
757.80
702.32
699.12
699.32
701.20
696.80
690.12
708.20
664.92
747.52
659.92
758.60
757.80
759.00
758.60
759.52
758.72
758.40
761.52
758.32
760.12
759.40
759.40
759.00
759.92
759.20
759.00
758.32
702.00
700.32
701.40
699.60
696.92
694.40
729.60
701.40
735.92
752.32
758.52
748.72
739.12
733.00
703.72
500.12
680.40
734.20
682.72
651.40
751.92
758.12
759.12
759.80
757.80
758.72
728.12
700.52
700.32
698.92
698.60
738.20
720.92
701.80
700.52
663.20
758.12
758.60
757.52
760.40
758.80
759.32
758.60
757.60
759.60
759.92
758.32
701.72
700.92
700.40
699.52
704.52
667.80
696.20
701.20
718.80
756.40
758.20
758.32
758.92
758.72
759.00
758.40
758.12
759.32
758.72
759.20
759.60
758.72
759.72
757.80
759.32
758.72
703.32
700.52
698.92
698.00
699.40
670.92
689.80
700.52
696.60
746.80
758.32
758.12
760.20
758.20
759.00
756.80
758.12
759.32
758.12
760.40
759.32
759.20
758.40
758.40
759.92
757.60
759.32
699.92
699.12
699.52
700.52
669.92
699.32
687.72
697.92
649.00
757.92
758.12
758.32
759.20
759.12
759.12
760.00
757.72
758.52
760.32
758.92
760.12
758.20
758.72
759.12
758.72
758.60
759.00
697.92
699.20
701.20
667.92
685.52
705.32
669.00
745.72
655.20
758.52
757.12
757.72
758.72
759.32
759.52
758.12
757.52
759.12
758.92
758.52
758.00
756.40
758.80
758.80
760.12
758.72
701.60
699.92
700.12
701.20
697.52
694.60
721.92
698.40
698.12
752.52
756.92
757.92
757.52
759.40
758.60
758.32
760.00
760.12
758.60
759.92
759.00
757.32
758.12
758.12
758.12
759.00
759.80
699.00
702.52
701.52
700.20
700.32
723.52
651.20
696.60
668.72
758.92
757.32
757.80
758.80
759.20
759.20
758.72
757.92
758.60
758.60
759.92
757.20
760.00
757.60
759.92
760.80
759.60
724.52
700.32
700.72
699.00
698.00
728.72
709.72
702.20
671.40
697.20
758.20
757.72
759.20
759.12
758.40
757.80
759.72
756.52
758.12
757.80
758.32
757.92
760.92
759.00
758.60
758.32
758.52
702.52
702.20
700.52
700.00
729.52
695.52
428.20
651.92
646.52
754.32
758.20
759.40
758.40
760.32
758.40
758.32
758.20
758.40
758.60
757.80
759.52
759.20
760.32
757.80
759.52
758.52
759.12
701.12
699.52
656.20
634.72
656.32
697.60
665.80
696.92
692.12
749.60
757.80
759.20
758.20
661.60
711.72
758.00
759.92
598.80
675.80
728.92
673.20
757.80
758.72
760.92
759.12
596.00
678.60
697.12
664.32
698.80
670.60
643.52
699.20
709.72
689.72
725.60
758.52
757.92
757.32
760.32
759.60
759.20
758.00
758.20
758.52
759.92
757.32
746.40
757.60
758.00
758.52
759.80
758.20
699.32
701.40
699.40
701.32
697.12
720.92
657.12
694.20
658.40
754.40
759.92
757.40
758.32
759.00
758.00
758.60
758.80
760.00
758.80
758.52
759.52
759.92
758.52
757.80
761.20
758.52
726.32
700.40
698.40
698.80
698.32
732.12
711.80
699.32
674.60
695.80
758.92
758.60
758.92
758.72
756.80
759.00
758.72
758.40
759.92
760.80
758.72
758.52
618.12
758.32
760.12
756.32
758.92
674.12
698.92
700.92
701.12
735.32
698.12
701.32
676.72
738.12
754.92
758.00
759.92
633.32
757.52
706.20
758.32
748.60
759.20
615.32
744.12
749.12
758.12
754.72
756.72
758.12
746.80
757.00
701.32
698.40
700.32
700.60
717.12
677.72
712.72
736.92
742.32
756.72
758.72
547.40
426.40
639.80
669.80
481.12
522.00
499.52
487.92
476.40
450.72
490.52
507.12
498.52
503.20
504.32
596.20
593.72
471.32
471.80
480.60
447.40
459.40
474.80
453.52
476.32
479.40
476.12
502.60
462.60
486.32
461.40
463.80
457.52
473.40
500.80
508.32
477.92
502.92
506.32
490.32
553.52
511.00
479.32
682.32
694.72
613.52
530.00
675.92
637.80
642.20
515.00
680.92
751.20
672.20
519.00
507.12
510.20
525.40
590.52
730.20
616.80
516.00
546.40
591.40
595.80
615.32
679.92
683.80
663.40
645.40
734.32
748.92
756.72
758.92
668.60
603.00
621.32
684.12
679.40
757.72
760.00
757.72
759.32
758.00
759.20
758.32
758.12
757.92
759.72
700.80
701.40
698.80
701.40
703.12
724.20
740.00
740.52
722.80
757.00
758.00
758.20
759.40
758.72
759.12
760.12
759.32
757.40
746.60
759.00
759.32
759.40
759.40
757.40
760.80
758.52
703.40
699.80
699.72
701.32
698.60
726.92
709.20
703.52
671.00
697.20
757.32
758.80
758.52
758.52
740.40
450.12
548.20
498.72
561.40
458.60
572.80
477.80
610.60
507.80
476.52
504.92
557.20
479.40
482.12
498.40
657.52
542.52
520.20
604.12
469.20
525.72
492.12
581.20
499.60
416.52
606.80
536.92
756.92
755.80
515.52
462.72
513.60
456.80
751.32
757.60
683.20
700.60
669.80
704.20
698.72
698.92
698.32
698.00
711.12
692.72
699.20
742.32
699.20
757.52
766.20
769.52
768.12
769.72
771.32
769.12
768.20
770.52
769.80
768.60
770.92
769.80
770.92
769.80
769.32
770.20
710.12
708.40
710.72
710.72
706.32
705.12
709.12
708.80
708.20
707.32
769.92
770.92
769.20
769.00
769.12
769.40
770.12
769.32
770.00
769.60
769.80
771.00
770.72
770.80
769.60
769.72
769.52
709.80
708.52
710.60
710.00
708.80
708.60
667.20
659.52
673.32
766.72
769.20
769.40
770.72
770.72
769.52
770.00
771.00
770.40
768.80
771.32
770.40
771.80
769.40
768.60
768.60
769.32
714.60
713.32
720.52
719.52
665.00
676.72
695.52
717.00
744.72
716.92
792.60
791.60
792.12
793.52
792.72
792.92
772.32
631.00
758.32
635.12
442.12
442.60
767.40
739.80
465.32
627.92
775.60
473.20
681.60
714.12
715.92
696.12
526.20
488.52
691.72
511.12
511.00
467.32
502.32
718.60
505.52
457.72
561.32
465.40
545.12
666.52
464.72
490.12
682.60
787.72
440.12
656.80
478.20
484.00
544.72
506.20
466.80
509.80
466.40
472.92
748.52
710.32
712.20
788.80
792.00
792.80
792.52
792.40
773.72
769.52
768.80
770.92
768.60
769.00
769.92
769.92
770.52
770.60
444.80
546.20
623.92
685.72
640.12
663.80
662.60
507.92
459.00
478.60
507.20
542.80
753.60
560.20
595.52
580.20
626.12
750.12
595.52
530.32
578.32
476.60
461.52
594.20
536.72
466.40
470.72
459.12
672.72
488.40
485.00
506.12
694.92
751.40
702.32
720.20
549.40
465.20
471.32
506.52
486.72
532.00
462.92
476.00
464.72
729.32
488.12
470.60
583.12
467.80
473.52
473.52
490.72
468.20
456.40
490.72
552.80
525.40
490.80
472.40
432.00
547.72
614.72
703.52
515.32
457.32
454.20
594.12
444.72
466.12
494.32
618.60
483.20
516.60
450.60
470.20
582.72
478.72
485.60
468.92
463.52
451.60
474.12
458.00
697.80
621.40
500.00
475.52
481.12
477.20
652.72
636.80
611.72
524.20
502.40
631.32
506.52
602.92
645.80
682.80
647.12
560.12
492.00
501.72
456.00
462.12
525.40
463.12
456.52
509.40
564.52
492.40
573.40
474.52
492.92
584.72
500.32
537.40
522.20
508.92
592.00
468.92
464.92
520.12
453.32
469.12
523.00
527.60
560.80
557.00
518.72
560.80
534.72
455.20
531.32
474.92
452.72
453.00
453.60
434.92
479.20
512.20
477.32
485.60
497.12
512.72
455.72
453.80
462.60
453.20
469.92
523.52
456.20
483.32
467.52
446.20
485.20
468.32
457.60
523.40
468.52
479.12
559.00
501.72
501.12
486.40
455.40
521.32
495.52
466.00
457.92
434.32
427.52
478.40
416.20
448.52
421.32
414.52
410.40
424.72
407.72
423.20
417.12
442.40
513.32
466.12
444.60
524.20
579.80
588.40
621.40
606.80
592.52
633.20
587.72
745.32
666.32
576.52
585.92
535.60
664.40
766.32
765.80
766.72
714.92
656.00
665.20
612.80
626.72
694.80
654.32
631.40
651.20
524.40
488.12
606.80
509.32
580.40
743.12
495.20
492.32
499.20
463.00
583.00
459.12
472.52
574.52
450.60
488.40
619.32
713.52
652.00
502.72
543.92
553.80
611.40
703.60
705.52
696.00
567.72
585.40
502.60
504.92
507.80
482.32
587.20
470.72
507.92
514.32
518.00
455.72
466.52
466.00
466.12
531.92
582.12
591.60
474.72
514.40
536.20
481.72
491.20
573.92
464.12
510.40
456.20
439.12
495.92
485.32
506.00
494.52
472.12
477.72
513.12
468.00
461.92
459.20
446.60
492.60
456.32
457.12
472.40
458.52
475.92
541.20
477.32
513.80
495.40
513.32
508.80
553.40
525.00
463.00
467.00
473.12
590.12
459.12
463.00
496.00
535.52
480.92
531.60
468.52
463.80
450.12
458.20
512.00
452.20
473.60
510.60
483.52
507.00
591.52
524.72
491.60
505.60
500.60
538.92
506.92
588.60
513.32
461.60
486.20
509.80
462.72
469.32
455.60
457.60
480.12
461.20
452.52
454.12
463.40
500.12
562.32
471.20
401.20
436.12
389.72
401.40
424.20
387.80
414.00
424.60
418.60
473.00
452.20
463.52
461.12
407.52
417.40
513.40
501.80
4