Measuring voltage and current with INA219 ...
837.32
838.32
837.72
809.80
835.40
723.00
718.40
716.20
708.80
748.40
709.00
730.92
732.40
698.80
680.32
807.12
833.00
834.92
835.52
835.72
813.20
838.80
836.80
835.92
836.12
804.80
808.32
821.60
821.92
822.32
817.52
810.40
708.60
704.60
702.32
700.40
690.52
694.72
692.40
669.12
666.00
805.40
763.92
811.40
814.52
816.12
817.00
799.60
803.20
821.20
820.52
819.52
706.72
688.32
699.32
701.40
734.32
699.20
681.52
666.52
686.60
806.12
793.80
795.32
746.40
765.00
795.52
794.40
794.40
795.00
762.92
796.20
793.80
794.72
796.32
779.72
793.20
795.40
775.12
724.72
719.32
716.80
716.00
764.12
719.40
731.72
678.92
688.12
796.00
796.92
795.12
793.92
753.60
806.32
814.72
815.80
814.60
803.52
798.32
814.00
815.12
815.92
809.92
811.00
801.60
730.20
726.32
726.12
725.32
756.32
722.00
732.60
705.00
685.80
765.20
813.80
815.20
813.92
813.52
810.92
798.92
816.00
813.92
813.92
814.52
780.72
800.20
795.72
794.32
795.32
794.80
748.32
724.00
724.52
721.80
698.72
658.92
659.60
685.12
722.60
710.60
789.92
774.32
795.92
793.60
794.80
793.12
793.80
770.40
793.12
794.52
793.92
793.12
751.40
795.20
793.92
793.32
795.20
731.00
695.00
723.60
722.72
720.72
677.20
680.92
722.00
732.52
764.60
812.40
811.60
812.32
813.32
814.92
814.60
816.12
781.20
786.40
817.20
815.00
814.72
815.32
790.72
816.12
816.52
815.12
728.12
710.92
713.80
726.12
735.52
769.20
766.40
716.00
750.00
811.00
814.92
815.32
815.12
791.40
814.52
815.52
816.12
815.00
765.32
815.20
814.52
814.00
815.52
797.00
800.52
815.72
809.40
726.60
727.92
700.40
708.52
768.92
719.60
760.92
701.72
700.52
814.40
813.32
813.72
813.52
788.52
788.60
815.80
815.12
814.80
812.60
794.20
814.60
815.52
814.52
816.60
809.40
795.40
729.40
725.00
724.00
722.20
720.72
722.92
690.72
671.20
680.20
775.52
784.20
810.80
809.60
810.20
809.40
785.40
806.20
807.72
806.80
807.40
800.72
786.00
825.52
825.92
826.52
826.52
790.00
691.72
710.32
707.80
662.92
669.20
662.72
694.60
730.52
690.80
823.52
804.40
810.20
826.60
828.60
828.20
824.20
818.72
829.40
830.32
829.92
831.60
795.40
804.60
831.80
832.52
832.92
725.92
674.20
702.00
699.00
696.12
679.20
674.00
685.00
724.32
757.12
805.72
807.80
796.92
809.92
812.00
813.80
813.00
814.40
794.40
813.60
812.32
813.40
812.52
780.52
788.12
812.52
814.40
698.92
696.72
671.80
690.80
719.52
732.12
711.52
669.12
679.00
783.20
799.92
786.32
785.60
780.00
788.80
787.32
788.72
787.80
756.92
757.20
791.00
790.00
792.20
790.20
749.80
791.40
753.72
722.40
720.60
709.72
700.92
751.80
717.80
724.12
709.00
715.00
772.40
790.40
791.32
790.32
790.32
767.20
808.60
809.40
809.20
809.32
764.52
806.72
806.80
809.12
808.32
802.20
792.80
722.40
720.40
719.00
718.80
660.40
700.40
671.80
685.40
706.52
734.20
751.92
804.52
806.20
806.32
807.80
786.52
788.40
807.72
807.92
809.52
804.32
793.60
802.12
790.40
791.20
789.60
789.40
698.52
719.60
720.32
677.40
671.12
640.00
700.80
730.00
734.32
788.40
788.72
772.92
789.12
788.32
788.60
788.20
782.32
788.20
789.00
787.60
787.52
787.92
786.40
788.40
787.40
786.92
721.32
687.40
689.20
718.40
732.20
710.20
759.92
704.00
757.20
714.40
804.52
805.72
790.40
793.60
807.92
808.12
808.92
804.20
807.12
808.00
807.72
808.00
808.72
805.60
789.80
810.20
810.40
724.72
722.20
676.92
718.92
753.40
771.00
762.32
697.80
723.20
786.40
826.60
826.92
828.20
804.52
821.20
828.72
829.00
829.80
827.72
811.52
715.12
712.52
710.60
708.60
721.52
673.12
701.60
675.12
684.00
819.72
813.72
826.20
825.60
828.52
826.32
823.32
800.72
825.80
827.72
827.00
826.20
815.32
808.12
808.12
808.92
808.00
700.92
693.80
720.72
719.92
689.32
713.72
706.80
760.00
770.40
715.60
805.72
802.20
789.32
808.00
807.80
810.20
808.72
773.72
779.12
810.40
809.00
808.40
807.32
789.00
808.92
807.60
808.40
724.52
705.32
708.00
708.80
722.80
692.52
744.52
704.20
738.12
799.52
823.60
825.92
787.12
804.40
826.32
825.40
825.40
826.52
793.80
827.40
827.72
826.52
828.52
808.12
817.00
826.60
763.00
712.92
710.00
694.80
706.60
740.72
730.40
704.40
706.32
646.20
803.52
805.72
809.32
809.72
780.72
779.00
812.80
813.12
813.80
813.72
797.52
813.52
813.40
812.60
814.12
798.60
813.52
741.00
698.92
694.32
693.60
685.60
701.92
685.40
696.80
662.60
654.00
768.20
804.52
806.12
808.72
809.12
774.80
810.72
793.92
787.00
789.32
780.92
772.20
788.00
787.40
788.00
787.32
752.40
705.12
718.92
717.52
717.32
672.32
696.72
701.52
706.72
744.52
783.80
752.12
788.32
788.12
788.00
789.52
785.72
780.12
788.72
787.20
787.60
788.72
754.20
789.40
807.72
809.40
807.52
806.72
684.92
721.52
719.72
671.72
686.52
684.00
711.52
761.32
710.20
804.52
804.32
794.20
806.20
807.12
808.20
807.32
806.12
785.12
806.92
807.12
807.72
805.60
763.80
807.12
807.20
805.60
724.40
720.52
697.32
716.72
759.20
710.80
749.80
705.60
709.32
781.12
786.12
787.40
782.52
785.40
787.92
787.72
787.12
788.80
756.60
760.32
788.40
787.80
790.60
787.92
768.80
787.80
788.20
719.60
719.92
704.00
705.00
757.52
749.20
726.60
712.00
682.40
803.80
806.80
806.92
807.72
806.52
786.12
808.60
808.12
809.32
807.92
759.52
807.12
807.32
807.12
808.92
804.80
789.80
731.20
720.80
718.92
720.20
691.80
674.40
671.40
721.00
689.00
724.72
777.92
805.72
806.40
805.92
807.00
784.72
785.12
826.12
827.00
826.40
825.80
808.92
828.20
827.60
828.72
829.00
826.40
692.40
711.80
710.20
706.32
682.72
674.92
671.52
675.80
698.32
820.92
801.00
808.40
827.00
827.00
828.60
827.12
812.20
827.92
828.52
828.40
828.60
822.80
786.72
808.72
807.00
807.92
807.60
689.80
690.32
720.92
697.00
721.12
743.60
734.52
768.00
714.00
802.52
805.72
792.20
793.92
806.80
806.92
807.32
804.12
802.92
808.52
806.80
807.80
809.72
775.52
781.20
807.00
806.20
723.92
723.00
679.32
719.60
673.40
693.32
746.20
690.12
723.72
801.00
824.00
825.72
826.60
806.52
820.20
827.60
825.72
827.92
827.92
803.12
828.00
828.72
827.20
828.12
804.80
797.92
827.40
715.20
713.32
709.12
683.60
742.72
761.80
743.80
701.60
691.40
770.92
804.40
805.52
808.12
806.32
797.92
812.60
810.80
812.60
812.00
788.12
790.80
813.60
812.92
811.92
813.80
786.00
732.92
698.72
694.72
694.20
679.12
678.32
676.00
696.32
661.80
682.72
765.60
782.20
806.32
808.92
807.72
810.20
787.72
813.32
790.32
787.12
787.80
754.40
788.00
788.40
788.80
787.80
785.72
710.52
719.32
719.60
718.12
699.92
683.12
650.92
677.72
696.40
721.60
787.12
745.00
788.32
789.32
787.12
787.92
769.80
773.80
788.00
788.32
719.40
718.32
705.72
716.12
705.40
688.12
667.52
719.72
694.12
794.60
807.00
806.32
807.00
758.20
807.72
808.00
805.80
805.92
808.12
785.52
806.40
807.80
807.20
807.00
794.32
806.52
799.80
721.80
722.00
716.32
714.80
755.92
770.92
756.80
713.72
691.40
769.60
786.52
786.72
788.60
787.40
750.72
787.92
787.92
787.52
788.00
776.80
769.40
787.60
787.72
788.20
786.52
786.00
720.12
718.52
720.40
718.40
712.60
699.80
690.20
717.60
671.20
713.80
745.20
786.12
787.52
787.40
786.60
785.92
777.12
806.80
807.32
806.12
807.00
774.60
789.72
809.00
807.32
806.52
808.00
698.40
722.52
721.52
720.00
716.72
698.60
660.12
671.20
687.12
801.20
803.92
797.20
808.00
807.52
807.12
806.52
808.20
782.80
807.20
806.92
807.52
807.32
769.40
790.72
826.12
827.00
722.40
711.72
689.80
708.20
663.80
678.32
691.60
710.80
751.12
694.92
823.92
825.80
825.52
804.40
829.20
827.40
826.12
827.40
811.92
803.92
828.92
826.80
828.80
827.72
792.40
828.20
827.80
719.60
711.60
703.40
701.92
708.80
702.80
732.52
715.72
762.00
790.40
805.20
805.52
806.60
787.20
785.00
807.40
808.00
806.92
808.12
771.60
807.52
807.00
807.72
808.00
796.20
797.52
806.20
720.32
721.20
719.52
704.20
708.32
747.60
761.12
712.12
756.12
781.00
825.32
826.20
827.52
826.60
808.60
805.52
827.60
826.80
828.60
828.40
798.12
828.00
828.12
827.12
828.12
812.40
756.60
714.12
709.40
708.32
695.72
725.32
728.60
720.00
688.12
707.52
806.20
804.40
826.60
825.12
827.40
827.92
809.92
814.20
814.40
812.52
814.72
812.80
795.52
814.72
814.32
815.12
814.20
681.12
673.40
694.72
694.72
730.72
684.72
660.52
661.92
657.52
794.60
802.20
783.00
796.12
808.40
808.00
811.00
808.80
805.92
811.72
812.00
811.32
812.52
789.60
789.40
814.12
813.92
806.40
719.52
686.92
720.00
675.92
669.72
679.32
684.80
705.80
708.20
786.32
786.40
786.80
777.20
786.92
788.20
787.92
787.40
787.52
771.52
787.80
787.20
789.00
787.40
749.00
787.72
787.92
726.20
720.12
718.12
689.52
715.12
680.60
695.72
719.12
734.72
768.92
807.12
807.80
808.00
805.12
797.80
807.80
806.40
807.00
807.80
789.20
782.00
809.40
807.12
808.72
807.72
778.12
807.00
722.60
720.32
719.12
716.00
671.60
720.72
724.52
704.92
763.92
800.12
788.20
789.00
788.60
789.52
788.32
761.80
789.20
787.60
787.52
787.12
755.20
790.20
788.52
787.32
790.32
786.40
761.32
720.92
716.72
714.92
710.40
737.52
735.92
734.40
718.12
714.32
785.92
748.32
787.72
788.92
787.72
788.92
775.20
794.60
806.80
809.00
806.20
804.60
796.00
806.92
808.20
806.32
806.92
723.80
703.92
718.92
720.72
771.60
713.60
711.12
710.92
698.00
799.40
805.72
806.52
773.40
808.52
804.80
807.80
807.60
801.60
807.72
808.52
808.00
808.12
807.32
785.80
807.32
819.40
825.32
713.12
691.60
684.92
702.32
699.40
678.00
667.32
674.92
683.92
823.00
824.72
828.12
818.00
819.00
826.60
827.92
827.32
826.80
828.52
827.80
827.80
827.40
828.52
827.20
804.92
827.92
728.80
713.80
711.52
679.00
708.00
676.60
670.80
719.52
691.80
725.00
805.40
805.12
805.72
806.72
786.72
796.20
808.32
808.52
806.72
807.60
705.32
722.80
719.52
719.40
731.52
668.12
652.60
760.92
718.40
702.40
805.32
785.60
807.20
805.60
807.80
807.52
807.12
787.12
825.12
827.40
826.92
825.80
802.80
827.92
828.20
826.80
828.52
702.20
690.80
710.80
707.32
756.60
698.40
732.20
705.92
710.20
810.20
825.20
825.52
805.52
826.20
828.60
826.72
826.32
805.80
802.40
827.00
828.40
827.80
827.92
793.60
827.80
815.20
730.00
697.32
683.52
690.60
693.80
696.40
683.40
662.12
684.92
667.80
800.80
803.72
805.60
787.00
785.20
809.92
810.52
813.20
813.00
779.00
812.12
813.20
812.80
813.12
801.32
804.72
813.72
699.72
698.60
696.80
683.00
680.60
677.12
669.12
719.12
690.80
706.60
786.60
786.20
785.92
787.92
748.20
764.52
788.80
786.12
786.92
787.00
765.92
787.52
787.32
787.92
786.80
775.80
785.00
718.52
717.20
717.12
718.52
675.80
724.40
731.00
710.80
758.80
767.80
781.32
806.40
806.40
807.52
807.40
786.20
808.60
807.92
806.80
807.20
803.12
788.80
808.92
806.32
807.12
806.40
717.92
722.60
720.20
720.00
711.80
767.40
739.32
740.52
720.72
717.52
805.60
782.32
806.80
806.80
806.92
808.92
806.20
801.00
788.32
788.12
787.52
787.32
767.20
766.00
788.92
788.72
787.12
718.92
681.92
718.00
716.80
762.72
716.00
716.92
696.20
686.40
781.52
786.00
785.92
782.20
787.12
789.40
789.00
787.72
788.72
770.12
786.40
786.92
787.80
788.12
754.92
790.40
806.72
732.72
722.00
720.60
691.60
710.80
693.92
673.52
671.72
710.20
693.92
804.60
804.80
807.80
806.92
804.92
807.52
806.80
807.40
807.80
788.00
783.40
808.72
808.00
807.20
806.32
775.00
807.72
731.00
721.32
719.92
714.40
705.80
672.60
674.92
717.72
702.72
739.40
806.32
805.12
806.60
807.32
807.72
784.92
805.80
806.92
808.20
807.72
774.80
808.20
807.52
808.80
805.80
800.80
794.52
723.80
723.72
719.72
718.32
657.40
702.92
688.32
699.12
734.72
804.12
783.12
807.72
806.92
807.32
808.00
794.72
796.20
807.60
807.20
808.12
806.40
790.20
808.00
807.80
806.92
808.00
806.80
704.92
722.32
719.72
668.20
677.80
658.52
715.52
746.72
712.52
805.12
791.52
789.60
806.92
805.72
807.00
808.92
803.52
722.92
827.12
827.40
827.32
827.00
806.12
827.60
827.92
827.80
718.52
694.60
688.20
708.52
736.32
695.00
748.52
687.92
730.12
804.32
825.20
827.00
818.60
817.32
827.60
827.32
827.12
826.00
828.40
827.52
829.32
826.92
827.92
807.52
801.32
815.80
815.40
700.80
698.20
662.40
694.20
708.32
702.60
677.40
676.60
653.80
801.32
804.92
806.00
809.12
793.72
802.92
811.52
814.52
812.92
814.40
789.92
813.52
814.60
813.52
814.32
774.80
794.40
729.40
699.40
695.92
695.12
661.40
694.72
681.12
717.80
675.80
700.52
779.00
786.12
787.52
787.80
786.60
761.60
788.32
787.20
786.40
787.12
772.12
767.12
788.40
788.72
788.20
786.92
774.92
722.80
718.52
718.00
718.60
674.80
697.40
712.00
707.40
752.32
784.20
769.52
778.32
808.12
807.92
807.52
807.20
775.40
808.12
806.52
808.72
808.40
791.32
808.40
806.72
808.72
808.72
805.52
722.00
720.60
720.20
674.52
691.52
6