Measuring voltage and current with INA219 ...
729.40
707.20
713.72
719.60
747.60
781.60
792.60
758.52
774.32
795.52
795.32
793.80
794.52
743.40
794.92
793.32
793.32
793.72
770.60
776.72
795.72
795.72
745.32
717.20
706.00
719.32
720.12
746.60
741.60
715.60
698.20
675.60
811.20
812.00
814.72
757.60
812.92
815.12
814.32
814.80
813.72
784.00
814.40
813.80
814.60
812.60
803.20
813.92
814.40
723.80
721.92
718.00
715.00
716.40
732.40
705.52
724.00
649.00
691.00
812.52
814.80
813.32
794.20
753.40
794.40
794.72
795.12
796.00
778.32
774.00
795.00
794.92
794.92
790.92
793.32
795.40
724.60
721.12
720.72
718.32
656.60
719.40
700.52
703.72
741.72
743.60
792.72
795.00
794.00
794.52
792.20
775.52
793.60
794.32
793.80
799.80
784.20
800.72
813.12
812.40
815.20
812.52
704.12
722.72
721.52
719.72
674.32
660.00
677.52
724.40
757.20
710.20
809.80
793.40
811.92
812.00
811.72
812.00
810.00
785.72
811.32
812.32
812.60
808.20
773.32
810.00
809.12
807.32
806.92
723.60
696.52
714.00
714.12
710.12
691.12
696.32
707.80
749.92
778.40
800.12
797.12
777.00
801.12
803.20
801.20
802.12
769.60
774.72
802.20
803.20
802.20
801.20
777.92
802.52
801.52
800.32
717.20
692.80
698.92
710.52
756.40
757.20
733.92
702.60
698.32
804.20
805.52
808.72
773.20
785.12
809.80
810.12
811.20
809.52
761.20
811.72
721.80
720.20
717.80
658.00
746.20
717.92
710.80
693.60
724.40
782.92
801.00
806.92
807.40
805.00
804.80
779.40
803.12
803.80
803.60
804.40
787.60
788.20
819.52
819.52
821.80
821.32
689.92
703.40
699.52
697.20
697.52
653.52
657.32
688.40
691.00
682.60
805.60
808.12
815.92
817.32
818.72
821.60
791.52
789.92
824.60
824.32
824.80
825.60
783.32
825.72
827.32
826.92
805.80
685.20
676.80
690.80
690.92
671.32
672.72
656.72
672.00
713.92
732.52
790.72
792.40
771.60
796.60
796.12
796.60
797.60
754.20
796.40
796.52
797.12
798.72
791.40
781.92
797.60
796.60
795.60
687.60
656.32
668.92
663.40
677.40
689.00
697.60
662.32
743.20
782.12
782.60
784.12
756.92
762.92
786.32
787.00
786.60
784.32
777.20
788.12
787.32
788.92
788.40
787.60
761.40
788.92
721.80
718.32
714.00
677.20
758.80
748.32
711.80
721.72
706.32
678.92
787.40
786.92
787.00
805.92
790.80
806.12
805.80
805.52
805.60
798.80
802.72
803.60
803.52
802.92
804.00
768.80
777.12
717.40
715.20
713.32
713.00
706.92
709.20
712.92
683.80
671.80
775.92
787.40
802.40
804.32
805.72
796.80
798.00
805.00
805.40
805.80
805.12
787.72
762.60
787.12
788.12
787.00
788.52
692.60
716.72
717.12
716.40
711.20
723.52
679.52
680.12
712.72
676.12
786.00
767.80
780.32
787.12
787.72
786.92
785.92
762.60
786.72
785.72
784.92
784.80
757.80
753.40
784.60
784.80
793.60
714.72
680.20
712.92
709.40
709.52
672.40
672.92
688.80
725.12
756.80
800.72
796.52
792.00
802.40
803.12
803.92
804.92
804.00
778.92
804.80
804.92
805.40
806.52
768.00
807.52
807.20
805.32
718.20
705.72
694.52
670.00
677.40
711.80
683.60
653.80
713.52
812.20
813.92
817.12
819.12
799.52
821.72
821.40
822.12
822.60
798.40
802.32
822.40
822.12
821.80
815.52
805.52
821.52
705.20
703.72
701.72
667.32
659.52
731.00
731.40
726.32
723.60
648.72
809.60
812.80
814.12
803.92
777.52
780.80
803.52
804.00
805.12
805.60
796.20
806.20
805.60
806.32
806.72
805.00
782.52
718.80
716.12
714.52
715.12
733.80
677.72
742.92
706.40
699.52
795.72
771.20
804.12
804.92
804.52
803.72
793.32
789.92
804.72
804.12
806.80
811.00
818.40
820.92
820.40
822.32
819.60
739.60
677.72
702.00
702.00
698.40
730.20
680.20
704.80
694.12
667.12
809.32
793.92
798.32
817.60
817.60
822.00
816.92
789.40
810.52
821.92
821.52
822.20
821.92
795.40
823.40
822.80
824.60
693.72
644.72
686.40
685.72
679.52
695.80
681.40
674.12
655.00
680.32
785.72
789.20
767.32
784.52
796.00
796.60
797.20
795.40
769.60
796.40
796.20
797.12
799.40
767.32
767.20
797.72
797.72
690.80
686.80
663.00
681.60
656.92
679.80
665.40
664.40
702.32
781.00
782.52
783.72
780.72
767.40
784.60
785.72
785.20
785.80
785.32
767.32
785.60
784.72
785.12
785.32
752.52
785.72
721.52
714.60
713.32
710.80
660.52
679.80
694.72
712.00
744.12
675.72
760.92
784.92
786.32
784.72
786.40
765.60
804.12
805.20
802.92
804.80
785.40
788.20
803.52
803.52
805.12
797.32
791.00
716.32
714.40
714.00
711.80
711.32
666.12
714.72
710.00
750.80
779.72
751.32
802.52
802.00
802.20
803.20
803.12
766.92
803.20
802.80
803.80
718.40
700.72
712.32
712.32
743.60
707.20
707.20
663.72
696.92
729.92
784.00
783.80
754.72
749.60
786.60
785.92
784.92
785.92
746.72
785.00
785.60
785.32
785.60
770.52
767.52
785.72
787.32
715.52
711.72
711.92
676.20
669.32
675.72
684.52
690.52
689.20
798.12
803.20
803.40
803.32
758.40
802.12
803.00
802.60
803.52
784.32
788.92
804.00
802.72
801.80
804.20
774.32
794.60
724.20
717.72
712.92
712.00
690.00
673.12
688.12
712.20
736.00
678.72
776.20
802.92
804.00
801.80
801.80
799.00
817.40
819.72
821.00
821.72
791.60
796.20
822.52
822.12
822.92
819.00
787.00
707.52
703.80
702.32
703.72
691.92
726.92
734.92
696.32
719.00
790.40
791.32
814.80
818.32
818.40
818.92
817.20
797.32
821.52
823.00
821.40
805.32
771.52
774.72
803.60
803.72
804.12
789.72
695.92
714.12
711.80
700.32
752.80
730.20
740.32
710.00
704.92
801.20
797.80
795.32
803.12
804.32
803.72
803.80
770.20
779.20
804.00
804.92
802.52
803.72
759.80
804.12
802.20
803.20
716.12
686.12
689.60
703.72
721.00
694.12
670.60
693.32
666.32
694.40
812.60
813.00
816.12
800.40
820.00
820.80
821.72
823.00
774.52
821.32
822.40
822.80
823.60
823.00
787.72
823.32
823.12
707.92
705.20
686.80
688.40
687.92
671.60
663.72
654.92
663.20
783.32
788.92
790.60
793.00
774.20
774.32
796.60
796.80
797.12
796.40
766.60
798.20
797.12
797.92
798.52
792.40
783.12
696.72
688.52
685.40
680.92
675.40
670.80
687.32
697.52
711.12
677.92
762.60
788.00
790.72
792.20
794.00
760.32
783.20
786.40
785.40
785.80
782.00
768.92
784.12
785.52
784.60
785.00
763.80
704.12
715.72
716.20
713.92
707.00
716.52
717.40
714.92
749.80
772.52
773.92
770.00
785.52
785.72
788.00
784.20
769.20
784.80
784.40
785.60
798.80
803.52
784.20
805.00
804.00
804.12
761.80
683.92
714.72
714.40
706.40
748.20
741.72
697.12
711.52
671.92
799.72
803.52
795.92
804.40
802.00
802.80
803.80
802.52
782.72
804.32
802.12
803.92
804.40
776.80
775.52
805.20
806.00
718.32
716.12
686.60
713.32
685.72
711.00
670.20
701.72
686.72
729.52
784.20
783.20
781.40
782.00
785.00
785.00
784.72
786.00
757.72
766.52
785.00
785.60
784.72
785.80
745.92
785.60
785.20
714.80
713.72
702.92
665.20
668.20
710.40
684.92
690.52
711.20
792.52
802.20
802.52
802.92
802.80
787.32
804.00
803.92
805.12
802.60
788.72
785.72
803.60
805.80
804.40
804.12
776.32
719.12
715.72
715.12
715.12
713.00
705.00
745.72
753.72
755.00
707.20
791.32
804.80
804.00
802.12
805.20
803.52
795.52
822.32
822.12
822.00
823.20
795.60
823.52
823.80
823.40
822.32
819.40
696.52
706.00
703.80
696.72
714.92
669.32
718.40
696.32
719.52
792.92
812.00
789.00
818.00
819.00
820.32
822.52
790.32
822.60
822.92
822.92
822.20
802.40
791.20
802.92
804.40
804.40
740.20
697.92
701.60
713.92
708.72
735.12
713.32
654.40
711.92
670.80
801.00
802.80
797.32
794.80
803.12
804.92
805.32
803.72
799.60
805.80
804.92
802.92
805.72
803.80
785.60
803.52
804.52
715.92
669.00
663.92
697.00
692.92
700.00
676.72
707.92
638.40
698.92
811.52
814.72
818.80
817.72
820.12
821.72
822.20
822.60
820.92
823.00
708.20
707.32
703.12
697.92
666.00
675.32
685.72
705.72
698.12
784.32
775.40
815.32
816.12
818.40
821.40
792.72
790.32
800.80
799.40
799.00
796.40
799.72
800.80
799.52
799.12
799.52
798.32
671.52
688.20
685.72
684.00
693.72
678.40
708.32
677.80
693.00
787.20
787.40
770.00
792.20
795.00
793.72
795.92
783.00
790.60
796.40
798.80
799.72
799.12
766.72
786.00
784.92
784.52
775.60
703.92
693.12
715.00
703.20
752.00
708.52
722.20
697.40
711.32
784.32
783.80
783.60
767.20
784.52
785.32
784.92
784.12
779.80
784.92
784.72
785.12
785.40
784.92
750.60
785.32
785.32
716.60
714.00
689.72
713.60
731.52
711.80
681.12
661.80
660.12
796.60
803.20
803.60
804.32
783.32
782.60
804.40
804.40
805.20
803.80
779.40
804.92
804.52
805.52
803.92
797.12
792.12
804.80
718.32
715.92
712.00
705.12
696.92
677.40
668.80
711.32
677.12
760.12
784.80
785.20
785.40
786.92
763.80
786.32
786.32
785.32
785.20
779.80
775.52
784.40
785.20
785.92
786.20
780.60
718.92
715.20
714.80
715.40
711.72
677.80
716.32
712.52
751.32
708.12
767.20
760.52
784.72
784.92
787.00
803.00
776.40
804.60
804.40
804.72
804.40
797.20
794.12
804.72
805.12
805.60
804.60
717.80
715.00
713.12
714.32
695.12
712.92
716.00
703.20
753.00
784.32
804.80
775.32
803.72
804.00
804.32
804.72
797.80
795.92
805.00
804.72
802.32
784.12
803.00
813.12
822.52
823.32
788.80
705.52
681.32
699.52
688.52
738.00
728.32
694.72
697.80
677.32
810.72
815.32
817.32
808.12
819.00
822.32
822.00
822.60
808.32
816.40
824.40
823.80
824.72
823.12
808.92
824.32
823.92
707.52
705.92
707.20
696.72
755.72
710.72
718.32
684.20
666.72
710.80
803.72
802.72
803.60
801.60
784.52
804.00
804.92
805.40
803.60
789.40
804.32
805.40
804.12
804.12
805.72
777.12
802.92
715.20
712.92
714.32
670.60
672.52
672.80
680.12
687.60
712.20
797.52
813.40
817.52
818.52
818.92
803.92
800.80
823.92
821.92
820.72
825.12
794.00
822.72
823.40
822.32
822.80
817.80
712.72
705.72
7