Measuring voltage and current with INA219 ...
793.00
793.32
793.60
787.12
785.60
794.32
793.20
792.12
792.92
775.52
713.60
722.52
720.92
712.52
751.32
746.00
755.20
741.60
718.92
791.20
785.20
781.60
793.92
792.80
792.72
792.12
803.52
812.40
813.40
734.80
725.92
706.12
717.92
711.12
755.20
676.52
728.32
660.32
705.72
811.72
812.92
812.60
806.80
803.40
813.92
812.80
814.60
811.92
810.60
813.92
812.40
811.32
811.80
813.12
718.52
834.40
718.72
715.32
716.72
697.92
691.00
693.12
721.20
714.00
753.72
775.40
831.00
833.40
833.40
835.52
831.92
827.00
834.92
834.80
835.80
834.92
835.20
837.20
836.60
836.60
836.00
817.00
809.60
720.32
718.60
716.20
717.00
676.32
746.92
770.92
717.40
756.72
806.80
800.60
812.00
812.20
813.92
812.72
795.80
806.80
811.60
811.72
811.92
811.40
796.92
812.12
811.60
812.12
810.60
688.12
710.72
721.52
721.20
715.12
749.80
715.60
726.52
681.92
716.52
805.40
787.60
795.00
825.32
826.60
826.52
825.60
791.32
826.12
827.80
826.52
827.12
819.12
817.00
826.60
827.00
827.52
713.60
710.32
710.60
711.00
747.60
710.00
699.72
660.20
668.72
820.12
827.12
829.20
804.12
831.32
831.32
831.52
831.32
833.40
812.52
831.80
821.00
820.00
818.60
816.12
818.60
818.12
711.20
701.52
700.20
697.52
659.40
662.00
669.00
679.72
686.12
659.52
800.72
806.72
806.12
809.12
769.20
810.40
813.40
814.52
813.00
809.80
808.12
813.40
814.80
815.40
813.32
816.72
816.60
708.80
720.80
721.20
719.00
700.92
694.20
725.60
717.40
762.20
742.92
788.32
789.72
791.92
791.20
789.32
775.52
790.20
790.32
788.80
789.72
777.12
784.00
790.00
788.92
788.32
788.40
768.32
720.40
719.32
718.00
717.00
745.80
742.72
755.80
715.60
713.12
804.80
792.32
806.20
806.00
806.52
805.52
806.00
790.32
806.20
807.00
807.32
806.20
786.20
806.40
806.72
806.32
807.80
776.32
703.60
722.80
720.20
713.72
766.00
739.52
734.12
708.92
720.00
807.20
806.40
808.20
789.60
788.72
789.20
790.00
769.80
770.60
788.72
790.60
790.92
788.20
766.00
788.60
790.32
787.92
722.00
713.32
710.00
717.12
697.20
716.72
666.72
678.20
698.12
783.00
785.20
788.12
785.92
769.00
787.92
786.20
788.52
787.32
743.72
787.72
807.52
808.92
807.20
802.12
784.80
807.72
808.00
721.80
721.52
710.20
685.80
675.12
675.80
688.32
723.40
699.12
806.00
807.60
809.00
807.32
794.00
794.60
808.92
809.12
809.52
808.20
783.12
806.80
807.32
807.00
807.32
804.72
687.20
719.12
712.72
708.80
705.12
684.00
692.52
739.12
708.12
745.00
782.32
807.72
825.20
826.52
827.40
827.20
808.72
827.20
826.92
828.20
828.20
826.32
814.12
828.72
829.80
828.92
829.60
810.20
697.32
715.00
713.72
710.32
723.80
733.00
752.60
702.20
728.80
824.72
820.32
818.72
827.72
829.80
828.60
824.32
821.52
828.92
828.20
828.32
829.00
807.40
818.00
828.60
828.52
827.60
814.20
670.92
714.32
710.32
695.80
750.92
692.00
727.80
687.92
704.32
823.20
825.92
819.00
824.20
827.72
827.52
829.00
827.40
812.00
828.60
828.52
828.32
829.12
814.12
810.52
829.92
828.32
716.52
714.40
688.00
709.72
730.60
708.72
676.60
658.60
671.40
708.00
825.12
827.32
824.12
810.52
827.72
828.00
827.32
830.52
812.12
805.80
828.20
829.92
829.00
827.80
802.52
828.40
828.00
715.32
713.12
709.72
689.80
691.92
671.52
667.40
704.60
672.00
803.12
826.20
827.72
826.60
828.60
803.52
828.12
827.20
829.72
828.80
743.32
715.32
711.40
710.00
709.72
675.20
733.92
678.92
702.40
735.20
802.40
784.72
789.72
810.72
810.80
811.80
814.32
776.60
814.12
814.72
814.72
815.20
806.92
808.40
814.92
817.80
817.12
702.72
696.20
697.20
697.92
686.40
707.20
689.12
683.12
662.60
684.72
801.52
807.00
770.32
810.12
809.60
792.80
787.92
787.20
758.20
788.72
787.80
788.20
787.72
781.80
787.52
789.60
787.00
719.92
717.00
716.72
718.60
670.60
715.72
701.12
691.00
725.20
785.92
785.80
789.40
788.00
754.80
789.60
788.00
787.20
787.32
782.80
777.32
807.20
806.00
807.92
805.00
805.72
807.40
727.72
723.00
720.32
720.20
657.40
686.12
708.32
729.20
762.52
680.52
805.52
807.12
806.40
806.20
804.32
799.52
806.40
808.60
806.80
805.12
789.60
796.92
806.20
807.12
808.52
807.52
784.40
725.00
718.52
718.72
717.00
710.32
692.60
737.60
716.92
757.40
776.32
775.72
787.40
787.60
787.92
787.52
787.00
770.80
787.40
788.00
788.00
788.12
751.12
788.52
789.20
787.80
788.20
788.00
693.72
718.40
719.12
715.92
756.00
740.12
733.40
718.80
687.52
806.00
805.92
787.72
806.52
806.52
806.72
807.52
788.92
788.40
807.32
805.92
806.80
806.20
783.20
807.00
806.00
806.12
751.52
718.12
712.52
719.80
713.80
745.40
722.12
723.72
677.72
717.92
805.52
804.72
806.40
787.00
805.72
823.80
827.80
828.92
791.32
829.00
829.60
828.80
828.20
822.40
819.00
828.72
827.72
716.60
714.72
697.32
700.12
675.40
709.72
674.80
683.80
701.32
821.72
825.60
825.52
827.60
816.00
812.52
828.40
828.92
830.60
828.12
809.32
808.52
807.40
808.52
807.60
807.12
787.60
807.72
723.52
721.00
720.20
647.32
678.40
694.20
712.72
748.52
701.72
791.60
804.92
805.92
806.92
807.32
802.00
806.80
807.12
807.72
807.12
806.80
789.40
806.60
808.20
806.12
808.00
788.32
703.20
713.92
711.12
709.12
741.00
660.60
751.40
707.72
727.92
807.80
818.52
818.40
828.00
827.52
828.52
825.60
827.92
829.00
828.60
828.80
827.80
811.80
807.12
828.40
828.52
828.80
829.60
682.12
713.92
711.72
708.60
751.20
754.72
717.00
686.80
684.80
804.60
805.40
793.32
803.92
810.20
813.12
814.40
816.72
801.12
815.20
814.32
815.40
815.92
780.32
801.32
817.72
816.00
727.32
699.80
685.92
698.60
690.60
683.32
665.92
686.72
661.60
690.52
802.80
804.72
807.72
793.20
811.12
814.40
789.32
787.92
773.32
770.00
787.80
787.92
788.12
789.32
775.92
787.92
788.72
720.20
717.32
717.00
701.72
685.12
715.00
671.92
689.32
698.60
713.72
787.32
786.80
785.80
787.60
768.20
787.72
787.72
787.80
787.40
770.52
808.60
806.72
807.72
807.52
807.00
803.00
808.00
722.92
719.12
720.80
670.80
694.20
732.92
761.60
771.12
761.92
765.80
805.92
807.92
806.12
807.80
801.72
799.92
808.00
807.72
809.60
808.60
803.72
805.80
807.20
808.80
807.92
808.40
711.12
718.72
718.00
719.60
730.40
675.40
759.40
718.00
750.92
716.52
787.00
764.92
786.52
788.32
787.52
786.32
778.40
784.60
787.72
787.40
787.60
787.40
778.20
789.52
787.40
787.72
786.32
702.80
696.00
718.40
718.40
741.40
724.32
673.80
687.92
672.92
800.32
805.72
802.20
791.20
806.32
807.60
807.60
808.60
800.00
806.80
808.60
725.60
721.52
720.20
693.20
760.12
718.40
705.00
711.20
690.20
803.12
805.92
807.40
805.92
804.12
798.20
807.60
807.20
806.80
807.60
788.80
787.12
828.72
827.80
827.40
828.60
799.52
829.52
713.80
712.00
711.80
666.92
685.12
712.20
736.72
763.72
698.60
816.80
825.72
827.72
826.72
829.00
828.72
809.32
827.72
829.00
829.40
828.80
791.32
828.60
830.00
827.20
828.92
818.80
684.32
723.40
720.32
719.72
771.92
707.52
737.20
708.32
691.20
799.80
805.20
789.60
805.72
807.12
806.80
808.60
788.00
783.72
808.60
808.12
808.60
807.12
762.72
809.32
808.20
806.72
808.12
718.72
708.72
720.52
718.80
753.00
732.32
708.92
702.60
668.72
824.72
826.32
806.92
801.12
829.20
827.60
828.32
828.80
799.52
828.72
829.72
828.32
829.00
823.40
815.40
829.12
828.80
729.72
712.92
691.60
696.60
710.72
670.12
672.12
712.92
677.40
740.92
824.72
826.80
827.32
818.72
812.80
815.32
815.80
815.52
813.72
799.80
817.80
817.60
817.52
817.20
800.60
797.20
818.40
703.20
698.32
698.40
659.40
666.72
688.52
679.80
678.80
703.40
791.60
805.32
806.72
808.92
812.52
807.72
812.60
814.72
815.00
816.40
814.80
796.52
816.00
789.40
788.60
788.12
771.00
759.52
719.80
720.32
720.32
707.40
711.52
713.12
751.00
695.32
715.72
782.12
776.52
787.92
787.40
788.60
787.40
785.80
787.72
788.00
787.52
788.00
768.20
761.12
787.72
787.12
788.72
786.60
689.60
723.00
721.40
718.80
766.52
705.72
745.80
720.12
716.52
797.80
805.60
789.60
797.12
807.20
807.80
806.40
806.32
788.80
808.60
809.00
806.72
809.00
773.72
789.32
807.72
807.60
805.72
723.52
703.12
721.20
720.12
716.72
693.72
655.32
709.52
690.40
783.92
786.72
788.00
751.80
789.52
787.20
788.40
788.32
775.20
773.20
787.60
787.12
787.80
786.00
784.72
788.00
787.40
726.80
718.80
718.12
700.52
715.40
678.92
669.12
720.12
663.52
728.00
787.52
787.00
788.32
786.72
754.72
804.92
806.00
806.00
807.32
803.92
808.80
807.12
807.00
809.52
807.00
807.20
807.20
723.00
721.80
721.40
703.60
676.80
731.72
741.20
712.00
764.00
755.92
807.52
806.00
805.72
805.12
799.20
798.72
806.72
807.12
808.12
807.32
808.80
820.32
827.52
827.12
827.52
827.92
777.60
713.00
711.92
709.52
697.12
716.60
742.00
731.12
712.52
693.32
824.92
797.20
828.20
826.80
828.12
827.12
815.72
822.60
829.20
829.00
829.00
827.92
805.32
827.60
828.40
827.52
828.00
705.52
702.12
721.52
719.52
766.72
717.12
701.40
694.60
686.00
718.00
804.12
806.32
788.12
807.00
807.52
808.72
806.00
782.80
807.60
808.92
805.80
808.00
808.12
781.92
808.40
807.72
808.00
723.80
708.72
719.92
695.92
675.20
674.12
683.80
690.80
717.72
817.92
826.52
826.52
806.40
804.12
828.32
827.40
828.60
829.20
793.60
828.12
829.80
827.72
828.80
820.20
822.40
828.20
726.60
716.00
711.60
707.52
708.72
669.92
678.80
686.72
724.80
677.80
824.20
827.32
827.00
827.40
792.92
817.20
815.80
814.12
814.52
809.40
788.20
818.00
817.40
816.60
817.80
804.72
813.52
703.20
700.60
697.80
696.52
684.52
731.72
725.52
695.00
713.92
764.40
785.40
808.40
811.52
811.32
813.72
783.80
815.80
814.52
814.52
814.20
700.32
685.80
698.20
717.72
737.80
709.72
704.52
680.40
696.40
784.12
786.20
771.20
763.80
788.32
787.00
788.20
787.52
764.12
788.72
788.60
784.72
788.32
785.12
771.32
787.92
787.60
786.52
719.72
703.72
700.32
690.80
670.20
672.72
684.32
708.40
705.40
804.20
806.32
807.32
799.40
796.92
807.60
807.12
809.60
805.12
801.52
808.52
807.60
805.92
806.80
787.60
790.92
808.40
729.80
722.20
720.40
689.40
718.40
675.60
688.40
719.40
723.00
756.20
806.72
806.80
805.60
805.92
800.72
791.72
789.20
788.00
788.12
788.60
771.32
788.40
786.20
787.00
788.72
772.80
763.52
720.12
718.72
720.00
718.52
716.20
761.80
758.20
711.72
725.80
779.72
787.00
788.12
786.32
787.80
787.72
785.00
787.72
787.92
787.20
787.40
769.72
782.20
807.32
806.60
806.60
807.80
717.92
723.32
722.32
721.32
716.20
731.52
698.32
722.32
672.72
717.00
805.12
789.60
793.92
807.20
807.20
807.32
807.60
789.32
807.12
806.52
805.12
807.60
776.12
807.40
808.32
809.00
807.32
721.40
709.20
710.12
711.12
733.72
708.72
661.80
648.92
672.32
819.40
824.52
827.72
793.92
827.00
828.40
826.80
828.40
818.52
820.60
829.20
827.80
827.92
8