Measuring voltage and current with INA219 ...
780.32
788.72
789.20
789.60
789.00
789.92
789.00
790.20
789.92
789.32
789.20
767.12
762.72
719.80
717.40
717.92
716.60
729.20
714.92
706.32
719.52
672.52
708.32
794.80
807.60
808.72
807.40
809.20
806.40
807.80
809.20
809.20
808.60
807.92
788.80
809.12
808.00
809.60
807.80
773.52
717.32
717.00
714.92
682.80
663.60
660.12
679.40
691.52
719.80
798.80
795.80
803.32
826.20
826.20
828.60
829.12
802.12
828.52
829.32
830.52
830.32
820.92
821.00
831.12
829.52
829.60
715.60
702.60
709.72
707.40
706.40
689.20
705.20
720.00
758.52
700.32
819.72
821.32
780.00
825.40
829.00
828.32
812.52
800.80
800.32
810.32
810.00
809.60
809.60
793.92
805.72
808.60
807.92
718.52
716.52
700.72
717.60
716.52
750.72
764.92
698.60
728.52
792.92
807.12
808.72
806.32
773.52
808.12
808.80
808.20
808.00
789.72
799.72
809.20
807.32
808.52
811.40
794.20
825.12
774.72
708.72
705.32
689.52
670.20
737.52
722.12
717.40
696.12
655.00
809.60
812.00
817.20
819.00
817.40
800.12
822.60
823.40
821.72
822.80
795.00
793.80
827.32
826.72
826.00
827.12
788.72
713.60
710.60
706.00
705.60
688.92
685.80
660.80
695.20
673.40
693.92
799.60
803.80
804.92
805.40
807.00
784.52
776.72
802.52
801.80
801.20
802.40
764.60
800.52
800.72
799.92
799.92
792.40
681.80
691.20
690.20
671.00
660.80
657.20
660.12
663.92
676.40
789.20
791.00
754.60
785.00
784.72
786.52
785.12
753.20
784.60
785.00
783.72
786.20
782.40
776.20
785.92
786.40
784.80
718.20
692.20
695.80
713.12
712.12
701.80
731.72
686.60
759.72
708.40
786.60
784.72
775.60
777.40
787.80
787.00
789.52
785.60
798.20
807.80
718.92
718.80
717.80
716.20
673.32
763.52
714.60
746.00
694.72
696.32
806.52
803.60
806.40
806.52
804.20
786.32
806.20
805.40
806.12
807.00
792.92
800.52
807.72
805.52
804.32
803.92
783.72
718.32
716.32
714.12
714.92
653.52
692.72
683.72
697.80
722.80
781.12
764.40
786.60
785.12
785.72
786.12
782.32
769.12
787.00
784.92
786.00
784.40
764.52
786.32
786.52
788.12
786.40
703.80
693.20
716.60
715.60
695.60
720.00
726.12
757.32
755.40
710.32
804.80
804.80
787.60
805.60
807.12
806.40
806.60
780.80
781.80
806.12
805.80
805.32
805.60
779.32
805.92
804.60
807.00
718.52
708.60
706.92
714.92
766.32
709.72
731.40
698.20
682.32
797.00
803.20
806.32
781.60
775.80
805.92
805.40
806.52
805.20
760.92
805.20
806.32
805.60
807.52
797.80
797.40
807.12
729.40
718.32
717.80
695.92
692.40
694.32
671.52
666.32
752.72
668.52
803.92
806.32
807.72
807.52
770.80
789.72
807.32
807.12
805.12
803.12
791.72
807.32
807.60
808.00
808.32
785.00
792.92
720.12
718.12
713.72
715.60
679.00
690.60
712.20
715.00
757.20
774.52
791.12
804.92
806.40
806.80
803.40
797.00
804.52
805.52
807.80
806.12
805.52
788.92
806.32
806.92
807.20
807.00
765.40
719.60
718.60
718.72
717.12
679.92
676.52
715.00
689.72
745.20
818.52
808.12
822.60
825.00
826.80
827.20
825.52
815.52
825.52
827.60
827.72
826.32
806.40
800.72
828.52
827.60
829.00
716.40
672.80
710.52
705.72
692.00
747.80
741.12
719.00
723.32
704.80
823.00
804.32
788.12
807.52
807.32
810.60
811.20
811.20
775.72
811.00
812.12
812.52
812.60
791.80
811.60
810.40
810.92
697.92
693.12
691.60
693.92
715.92
684.72
671.00
630.32
631.72
797.12
801.00
802.80
804.40
771.12
807.52
808.92
808.72
809.60
800.12
801.00
787.80
788.92
788.60
784.72
786.60
787.60
725.32
716.12
716.92
717.12
688.40
701.20
679.00
665.80
752.52
651.72
784.52
785.92
786.72
788.40
778.32
778.72
786.00
786.72
786.72
786.80
764.12
777.00
787.60
787.52
789.00
806.12
782.12
721.20
716.00
717.72
716.60
699.60
664.52
697.92
716.60
747.52
770.52
793.00
804.72
805.40
805.60
807.20
780.60
787.00
806.52
806.52
807.12
807.40
769.52
805.92
806.52
806.32
808.00
792.52
702.80
718.00
716.72
716.20
738.60
751.12
751.40
712.40
719.72
784.00
785.00
766.40
788.00
786.80
787.92
786.32
764.60
763.12
787.92
786.32
786.60
785.92
765.80
786.60
786.40
787.00
718.20
706.92
715.80
715.40
712.12
727.72
706.60
711.00
666.32
714.40
786.12
805.40
786.20
780.60
807.32
808.12
808.12
806.20
774.12
807.32
806.32
805.80
806.20
800.72
789.40
807.60
805.60
720.72
716.72
707.00
696.72
745.20
715.12
697.60
667.52
640.92
799.60
804.92
808.20
805.72
780.80
806.12
806.80
808.20
808.32
817.92
821.40
826.72
826.92
828.12
827.00
800.80
799.92
724.60
711.40
709.52
708.72
634.40
668.92
669.20
680.40
715.92
682.12
810.72
825.20
827.92
827.12
826.92
824.92
827.00
827.32
826.80
828.60
826.92
804.20
827.80
828.52
829.40
810.00
768.32
722.00
717.12
718.80
718.20
724.32
683.92
754.20
716.72
757.80
791.60
782.60
797.52
806.80
806.60
808.12
807.52
775.72
807.80
806.52
804.80
723.00
703.80
697.20
717.40
769.80
712.00
714.92
683.72
725.52
802.92
805.52
804.12
825.40
804.60
827.20
827.40
827.12
827.20
800.60
827.52
827.20
826.80
827.92
828.12
799.80
827.52
827.12
713.60
710.32
703.32
681.52
704.72
727.52
745.52
757.60
679.12
821.60
824.40
824.32
825.20
806.32
796.92
827.92
827.80
818.12
815.12
785.80
814.20
814.00
814.00
814.00
809.12
801.60
702.52
698.12
695.60
694.20
736.72
680.60
708.72
681.20
671.52
769.32
776.40
803.12
805.12
807.60
808.80
774.32
810.52
811.00
812.12
811.40
806.72
794.80
812.32
811.92
811.00
813.72
765.72
701.52
717.12
717.40
716.40
743.80
701.92
705.40
747.52
665.20
786.00
779.00
775.12
787.12
787.40
789.60
787.32
784.32
786.80
787.52
785.92
785.80
761.12
768.32
787.72
788.92
789.92
725.00
677.00
717.00
715.80
713.12
675.20
660.72
707.60
698.12
731.40
806.60
806.20
791.80
803.32
807.00
808.00
806.92
806.12
787.72
807.60
807.20
809.12
806.40
765.40
782.40
808.00
806.52
723.20
722.32
694.12
716.52
677.20
715.00
675.80
676.60
710.52
803.72
806.80
805.40
787.92
768.32
788.52
787.40
786.52
787.12
767.92
762.52
787.32
787.40
786.72
787.80
771.40
787.72
787.20
716.92
718.00
715.20
668.80
711.52
731.80
753.52
761.80
689.52
786.32
787.20
786.52
787.00
787.12
758.80
788.12
786.72
786.52
787.80
794.80
807.72
807.40
806.92
806.60
806.92
806.72
722.00
719.60
719.00
717.60
747.72
687.52
744.12
708.20
700.72
797.60
790.32
805.52
805.72
806.92
806.72
798.32
796.00
806.92
807.72
808.60
805.72
806.40
806.52
808.40
808.80
806.40
827.00
689.32
709.80
708.60
703.32
706.60
652.20
665.80
704.72
678.00
824.00
815.92
816.92
826.32
825.52
827.92
827.92
799.92
815.00
828.00
827.52
826.92
827.60
806.12
828.32
828.32
828.32
730.80
702.12
693.60
708.20
708.20
676.20
669.12
714.00
688.00
723.60
804.20
805.52
806.00
785.32
806.52
807.20
807.80
806.92
763.92
807.20
807.72
807.00
808.40
792.32
795.60
808.60
808.80
720.92
719.12
706.60
714.52
684.20
719.00
726.00
706.72
748.12
803.32
805.52
805.32
745.20
807.00
801.32
827.72
826.32
826.20
827.20
801.12
827.60
828.92
829.00
828.20
823.32
811.92
828.60
713.32
712.52
709.00
647.20
688.72
706.80
730.52
760.00
680.32
801.12
826.00
826.60
827.00
828.52
812.00
826.72
828.72
827.00
827.92
813.60
796.32
815.40
815.12
815.60
814.92
791.92
681.72
698.72
696.40
694.80
722.32
666.32
676.92
656.12
659.52
799.00
789.72
804.32
807.52
809.32
810.72
804.12
810.52
813.00
811.92
813.72
813.00
790.72
788.72
815.32
812.20
814.40
812.00
670.12
718.12
716.52
716.40
707.12
676.40
654.72
758.20
684.80
787.52
780.12
766.20
779.80
787.72
788.32
785.60
787.20
774.60
786.60
786.92
789.32
787.40
738.12
788.72
788.72
788.00
723.00
711.80
697.20
716.72
714.12
678.40
695.40
694.20
732.40
771.20
804.40
803.92
807.52
753.40
805.60
806.32
806.00
805.92
790.80
787.40
808.20
806.00
807.92
801.00
791.12
807.40
807.72
720.20
719.60
717.80
701.80
678.40
714.12
714.72
707.20
714.20
803.20
805.60
806.20
807.80
804.92
774.72
806.92
788.52
787.80
787.52
779.92
717.60
716.92
717.60
707.72
729.40
705.60
715.80
673.00
689.40
783.32
765.00
767.20
786.72
788.60
786.40
787.40
759.92
788.12
786.40
787.32
787.92
780.40
769.80
788.20
787.60
803.12
721.40
709.92
718.00
718.60
715.00
688.52
701.20
701.72
758.00
710.40
804.00
806.80
776.72
805.20
806.32
806.32
807.12
803.20
798.00
807.40
807.92
807.12
807.92
783.80
787.20
808.52
807.32
719.92
719.80
689.32
718.72
752.92
708.40
657.52
695.60
715.52
806.12
823.12
826.12
822.20
820.12
828.72
827.40
828.00
827.40
801.92
807.32
827.80
828.00
827.92
827.80
784.20
826.92
749.72
712.60
710.60
697.32
693.80
725.32
716.52
688.12
707.32
654.32
818.12
825.40
826.40
807.52
807.72
786.20
807.20
805.92
806.72
807.00
789.00
784.92
807.52
808.72
805.52
806.52
781.60
722.12
720.00
720.32
718.12
714.20
710.00
691.40
718.60
672.20
715.40
777.80
804.40
806.80
806.32
807.40
790.60
789.00
808.80
809.00
808.12
808.60
818.72
826.80
827.32
827.60
828.52
827.00
695.92
711.60
707.20
664.20
671.20
688.00
661.52
687.00
725.52
821.20
825.20
801.12
826.12
826.60
828.00
827.92
820.20
825.32
828.52
828.20
826.92
827.80
827.60
828.60
827.80
828.72
704.00
675.72
670.52
696.00
705.92
680.80
722.60
686.80
732.60
685.12
800.92
804.52
797.80
797.80
810.52
812.00
812.40
811.00
808.60
814.60
813.40
813.72
812.52
813.32
793.12
812.40
814.40
700.92
698.52
660.00
694.92
705.92
737.80
726.00
688.72
719.40
777.00
785.00
785.80
786.40
761.52
771.20
787.20
786.72
787.12
788.20
745.00
786.32
787.60
787.00
787.52
774.60
776.80
733.72
715.80
717.00
714.52
703.80
727.32
725.20
694.72
756.80
666.52
769.52
785.32
785.80
786.80
789.12
764.80
807.60
807.12
805.92
805.72
808.00
780.92
807.60
805.40
807.20
807.12
792.12
717.72
721.52
718.80
717.72
679.00
707.92
674.80
719.72
708.32
743.12
787.92
779.52
806.32
805.52
807.92
807.60
779.40
807.72
806.40
808.32
800.72
786.32
772.32
789.40
789.12
787.60
786.12
696.20
718.32
715.40
672.60
667.92
661.20
665.52
701.52
729.00
783.00
785.72
771.20
787.20
787.32
787.32
7