Measuring voltage and current with INA219 ...
767.12
784.20
785.00
783.92
783.00
744.40
714.52
713.80
714.40
713.12
694.00
695.52
665.40
676.00
692.12
778.40
770.00
782.40
782.92
783.32
786.32
782.60
783.52
784.40
784.00
781.52
802.00
770.32
769.80
803.60
803.20
802.12
727.00
696.60
715.12
714.60
690.72
674.00
660.00
663.00
714.32
695.00
799.32
797.72
803.92
803.12
804.52
803.52
804.12
801.52
776.92
803.52
803.60
802.52
802.72
758.60
803.72
804.32
801.80
717.32
700.52
702.20
712.60
712.40
669.12
682.52
689.32
713.12
749.20
783.40
784.32
785.32
764.12
786.32
785.72
783.80
786.32
762.00
764.12
785.92
785.12
786.52
783.72
768.60
784.80
784.40
715.52
714.52
714.00
688.72
673.40
710.52
701.32
697.00
721.92
800.40
803.12
803.72
803.72
778.80
781.52
803.92
806.20
803.80
804.92
795.32
804.40
805.12
805.32
803.60
802.92
782.72
719.32
717.32
715.80
715.72
671.52
724.40
761.00
755.32
741.52
712.12
783.32
801.80
803.60
814.00
821.12
809.52
811.92
824.72
825.00
825.00
820.92
823.32
825.52
825.52
824.72
825.00
789.92
683.52
706.92
704.12
698.52
745.20
652.32
734.92
696.00
705.80
801.52
800.00
807.20
822.32
823.52
823.60
825.32
799.00
816.32
825.32
825.12
805.52
804.60
782.72
804.72
805.32
806.20
732.12
696.20
693.52
715.72
714.32
710.40
687.60
655.60
712.80
681.92
801.12
804.20
778.80
796.52
805.20
804.32
806.12
800.52
764.32
804.72
805.60
804.52
802.92
776.20
775.12
806.00
802.52
715.20
707.20
688.20
698.40
697.40
682.40
664.72
703.52
653.12
710.72
817.40
818.60
819.80
788.12
799.40
824.72
825.12
824.60
825.12
809.40
825.00
825.52
824.92
825.60
814.12
825.12
824.92
709.72
707.40
701.12
694.52
680.52
698.52
661.32
670.92
650.12
766.52
793.20
796.40
798.20
798.92
746.20
802.20
802.20
802.92
803.80
789.92
794.80
803.60
803.12
803.20
797.92
796.20
795.72
692.80
691.32
687.92
666.72
665.40
698.20
711.40
714.72
679.32
735.72
793.72
796.52
798.12
801.00
787.00
769.92
786.12
785.92
785.60
784.80
761.92
780.60
785.92
786.52
786.20
780.40
677.32
715.72
715.20
715.32
730.00
679.20
732.12
714.80
733.60
775.00
781.80
760.00
785.60
785.52
786.60
785.12
781.60
765.60
785.40
798.72
716.60
709.40
674.20
714.32
761.92
748.72
717.00
714.80
697.32
769.92
802.72
802.32
805.20
790.40
804.40
804.00
805.92
804.92
800.20
799.32
804.60
804.92
805.12
805.60
768.80
784.12
806.72
719.40
715.12
714.40
644.12
682.20
719.32
726.12
705.52
738.80
766.72
784.60
784.20
785.92
779.32
778.80
785.72
785.32
785.40
785.92
783.92
771.12
785.40
785.80
787.40
786.40
731.40
717.72
717.60
716.52
712.80
744.20
734.60
745.72
728.32
710.32
710.20
764.92
780.32
786.32
805.12
804.20
805.40
781.40
804.60
805.40
805.00
805.20
776.40
779.60
804.72
806.32
806.12
804.40
703.80
718.00
716.40
712.32
718.60
709.60
655.20
667.00
680.12
798.20
799.80
782.72
805.32
803.40
804.72
805.12
777.20
781.80
805.60
805.00
819.52
825.12
795.12
823.20
827.00
825.32
729.32
701.12
688.52
704.52
690.32
685.80
668.20
635.20
681.92
683.32
817.72
818.92
822.00
804.00
825.20
825.20
824.52
823.80
808.72
814.80
826.12
825.92
825.92
821.92
816.92
825.92
825.12
721.92
719.20
687.32
696.72
716.60
670.00
673.12
715.60
665.32
744.80
803.92
806.00
805.12
788.60
788.32
805.80
804.72
804.40
806.20
792.32
803.52
805.40
804.52
805.60
803.80
784.32
804.72
719.00
716.60
716.12
687.72
643.80
713.00
693.32
683.40
718.00
797.12
819.80
822.00
823.52
823.92
808.20
807.72
825.12
825.20
826.92
820.32
809.32
825.72
825.32
825.20
824.32
791.40
686.00
707.72
705.92
706.20
685.20
683.80
735.80
738.80
738.92
699.52
809.52
800.32
823.60
823.92
825.60
805.40
769.60
785.12
804.12
805.60
804.92
805.52
784.80
805.20
803.12
804.60
806.52
660.12
690.32
688.80
687.20
710.00
676.52
703.92
685.60
693.32
761.32
794.00
763.40
776.20
800.72
800.80
801.32
803.12
756.60
803.32
805.92
805.00
794.32
767.12
766.60
786.12
786.40
726.52
710.72
704.40
713.32
716.72
715.32
695.72
672.12
737.40
679.32
783.80
784.92
786.80
736.20
786.40
786.32
786.00
785.00
785.60
764.32
785.40
785.72
786.20
784.60
775.32
785.80
785.72
718.60
716.40
711.32
708.40
712.12
692.32
670.72
716.60
648.80
694.00
803.12
805.00
804.32
804.40
762.20
805.52
805.12
805.60
805.60
795.92
797.52
804.40
806.00
804.00
800.80
797.80
806.00
720.72
716.60
716.40
716.20
664.00
713.00
671.00
684.12
705.20
744.80
784.92
787.20
786.32
785.00
782.92
771.52
786.00
786.40
784.20
786.32
753.60
770.60
787.32
786.40
785.52
785.80
743.60
716.80
716.20
715.40
683.92
685.92
708.52
747.40
759.72
710.60
780.80
768.80
786.40
784.80
786.72
797.92
804.20
779.12
805.60
803.52
804.92
804.72
754.72
804.80
805.60
805.20
806.72
722.00
696.72
716.72
716.80
724.72
700.92
746.00
713.32
750.32
791.00
803.12
803.52
803.32
804.92
804.80
804.40
805.92
772.40
772.20
805.72
805.52
825.52
824.80
794.40
825.52
825.32
825.20
708.00
693.60
700.00
700.52
738.52
736.20
707.40
697.32
666.80
818.00
820.00
823.32
823.52
803.20
824.72
825.20
824.40
826.00
784.72
825.92
824.40
825.52
825.20
814.52
809.60
825.60
752.80
716.72
717.20
687.92
695.00
734.32
709.92
717.32
669.52
698.92
802.92
805.32
802.92
803.52
782.00
790.52
805.00
806.20
805.60
802.12
709.92
717.00
718.12
715.20
682.92
736.00
695.40
682.32
705.12
708.00
801.00
762.52
806.32
805.12
804.32
823.00
803.32
802.80
825.00
824.32
824.92
825.52
817.80
825.72
826.12
825.40
825.32
710.20
690.00
704.72
704.60
760.32
692.80
701.60
669.80
700.00
805.60
818.60
822.80
799.32
823.32
825.12
824.60
824.40
811.12
811.32
825.92
811.12
809.60
802.60
807.52
807.20
806.92
765.92
692.80
663.20
666.60
688.32
718.00
714.72
694.20
641.40
659.80
794.40
794.00
797.40
787.20
794.32
803.40
804.80
804.92
806.00
778.72
793.40
806.20
807.92
806.12
803.80
778.00
805.80
693.52
692.20
713.80
695.20
690.80
670.72
668.92
715.52
697.92
704.12
784.12
783.92
785.40
786.32
759.40
774.32
785.80
787.40
786.80
784.40
755.40
785.52
786.00
785.20
785.80
763.12
763.00
716.92
716.80
716.52
716.60
658.40
712.52
685.52
693.52
723.00
798.80
779.52
803.80
804.40
806.12
803.80
773.32
776.72
806.40
806.20
803.92
803.72
770.00
806.32
804.12
806.20
804.92
709.52
717.72
717.00
716.40
694.32
719.72
746.00
758.72
759.80
711.20
804.40
773.80
772.72
804.60
806.40
786.00
785.00
744.32
786.00
786.40
786.20
785.72
770.60
775.40
785.00
787.40
785.80
712.92
714.12
711.32
715.12
739.80
709.12
753.20
691.40
724.92
776.72
784.52
787.32
744.00
786.32
786.32
787.12
786.12
785.72
755.80
786.52
789.00
804.52
806.52
781.92
796.52
806.32
739.72
719.32
715.00
691.20
715.52
738.72
715.20
685.92
689.40
652.20
801.80
803.60
806.12
803.20
779.40
804.92
806.00
805.60
805.40
800.80
781.12
804.00
806.12
806.32
802.72
782.52
804.12
720.72
718.92
716.72
715.80
683.40
705.40
680.80
719.72
673.72
693.52
803.92
804.32
806.12
805.72
802.40
800.92
804.72
804.72
805.32
806.32
775.12
781.00
807.12
806.80
803.12
805.12
781.60
720.12
715.80
716.40
717.92
660.40
701.12
709.20
700.72
756.52
797.00
797.72
805.92
803.72
805.12
805.32
804.40
779.20
805.20
805.12
804.52
806.00
759.60
805.80
803.92
805.00
806.20
709.32
706.72
716.72
716.60
676.40
694.52
700.20
733.52
767.12
707.32
804.32
802.72
783.40
804.32
805.32
784.80
826.20
798.20
796.60
825.92
825.72
826.20
826.52
800.20
826.72
826.12
825.40
711.52
706.00
690.52
702.20
755.92
695.32
732.20
681.60
697.40
803.72
820.00
822.12
795.00
800.12
825.52
825.52
825.20
825.92
802.40
825.52
825.60
808.52
807.92
803.20
786.40
808.00
807.20
693.20
694.40
660.92
664.12
716.72
715.80
692.20
681.92
646.72
794.00
795.80
797.52
800.52
787.52
788.20
804.00
805.32
805.32
800.60
798.32
806.32
807.60
807.32
806.52
777.20
780.92
711.00
693.92
690.52
714.52
667.32
668.72
668.80
715.92
701.40
712.72
772.20
785.72
785.12
785.80
787.52
768.72
782.72
786.60
786.52
786.32
786.12
767.32
786.00
785.80
785.52
786.52
758.92
692.20
717.32
716.00
714.12
669.32
688.12
688.40
699.60
726.80
799.80
789.72
782.60
804.20
805.20
806.12
804.00
794.40
806.32
806.72
805.12
807.40
773.00
777.12
805.80
806.12
805.92
805.52
693.80
716.92
717.80
695.80
728.52
745.92
745.40
758.00
710.20
803.72
798.12
774.52
782.80
804.60
805.40
805.32
786.00
761.60
786.60
725.60
715.60
716.32
686.40
712.00
725.12
677.12
717.80
674.52
684.92
785.00
784.80
785.00
786.72
760.32
769.20
786.32
787.40
786.00
786.32
742.40
785.40
785.92
785.80
785.72
769.72
774.00
715.92
716.60
715.92
712.12
704.92
687.92
731.12
714.52
764.92
779.40
785.20
805.20
805.12
804.32
805.20
762.40
804.32
805.80
804.40
805.92
804.32
783.60
805.20
805.32
806.12
806.60
782.40
717.32
717.40
717.40
714.52
755.72
758.20
751.72
711.12
706.80
815.40
796.40
791.60
825.40
824.60
826.12
825.40
789.92
825.72
827.20
826.72
825.72
817.12
807.72
827.00
826.92
826.72
710.32
706.52
705.00
705.12
692.12
741.20
731.32
698.72
701.52
698.52
819.72
822.20
784.20
824.00
825.12
807.52
806.80
802.92
796.12
805.12
805.32
803.92
806.80
780.72
790.40
805.40
804.60
720.60
719.32
670.20
717.32
699.20
714.92
669.52
657.72
678.12
799.12
804.72
805.20
799.92
792.60
805.72
805.12
805.92
805.12
804.32
780.52
805.20
806.00
824.00
825.32
780.92
825.92
725.72
708.00
707.32
703.60
654.20
668.40
667.40
670.92
703.72
677.80
817.92
822.12
824.32
824.40
825.60
813.12
825.72
826.52
825.60
825.20
794.80
795.60
826.32
826.20
825.40
827.00
790.20
710.52
697.80
692.12
690.00
677.20
661.32
709.72
687.72
713.52
747.00
793.60
797.72
798.52
800.80
804.20
804.52
775.20
805.60
805.60
807.32
8