Measuring voltage and current with INA219 ...
802.00
799.60
801.12
801.52
802.40
802.52
802.92
802.32
802.92
718.00
713.60
713.52
714.40
665.12
674.40
736.52
714.52
748.72
774.12
820.80
823.40
824.12
824.40
824.12
825.52
824.60
824.80
825.00
826.40
827.12
827.12
825.32
825.92
827.00
824.32
825.52
715.20
714.12
713.60
667.20
678.52
712.32
719.92
704.72
768.20
818.52
822.60
823.60
825.20
825.00
825.00
823.40
803.12
804.00
803.12
802.72
804.00
803.00
802.20
803.40
802.80
802.00
720.52
716.60
714.72
713.52
707.72
767.80
760.60
741.72
717.72
712.12
802.32
800.80
802.52
802.52
801.52
801.60
802.20
803.12
802.72
802.52
803.92
802.00
801.92
821.12
825.32
823.60
826.00
715.60
714.60
714.12
712.32
772.32
707.40
739.60
700.72
688.60
814.72
820.40
822.80
823.92
826.00
826.60
825.92
825.32
824.40
826.72
825.20
719.80
713.80
713.80
711.40
771.00
707.12
710.00
720.00
704.12
771.72
811.72
814.80
816.12
816.32
819.20
818.92
817.52
818.32
818.12
819.40
821.00
819.52
820.00
819.40
820.00
821.20
820.00
709.20
710.60
709.72
693.12
736.40
749.32
749.12
743.52
702.40
811.00
811.52
814.92
816.00
816.20
818.80
820.32
825.40
826.20
824.52
826.72
825.92
825.80
825.32
826.00
824.60
826.72
719.20
714.52
712.92
712.40
764.72
708.52
757.92
710.52
718.00
709.60
818.60
822.12
822.60
822.52
822.12
823.80
824.60
823.60
823.32
822.80
822.00
823.00
822.60
799.32
798.20
799.20
797.92
712.72
713.00
713.12
713.00
706.12
682.40
659.80
709.32
675.12
794.92
798.00
799.92
799.92
800.00
801.32
800.32
800.80
801.32
800.72
800.20
801.60
799.52
799.52
800.32
800.00
801.52
722.40
716.72
714.60
715.12
712.80
680.60
663.80
712.52
706.80
693.32
819.40
821.12
822.52
822.52
824.00
822.12
823.40
822.72
822.00
823.92
823.72
822.92
824.52
822.72
823.32
822.72
822.92
717.40
712.40
712.80
710.52
677.20
708.32
671.52
711.32
701.52
734.20
810.52
811.52
813.00
814.72
814.12
815.92
815.12
818.20
817.32
816.00
818.52
818.40
819.00
819.40
819.92
819.40
819.12
709.00
709.00
708.40
681.60
703.20
725.72
746.92
696.80
742.60
807.20
811.12
812.80
811.80
812.80
815.12
815.52
823.20
821.92
823.92
824.52
823.92
823.60
824.20
823.92
823.72
823.72
718.80
711.60
711.40
709.92
766.52
707.12
729.20
725.32
685.72
708.00
820.12
822.12
822.32
820.60
823.32
822.72
823.20
824.00
823.92
824.40
826.12
824.40
823.80
810.20
800.60
802.60
800.20
714.32
714.72
713.00
712.92
759.52
769.12
757.40
713.52
714.92
791.80
799.52
798.60
800.20
798.12
799.92
800.92
800.72
799.52
799.60
801.32
799.92
801.32
800.72
801.40
800.20
798.92
725.52
713.40
714.12
713.92
711.60
711.60
696.92
668.32
707.40
675.60
819.32
820.72
821.72
823.32
824.52
824.00
823.60
824.40
823.32
824.72
824.00
823.32
824.92
824.00
824.72
823.40
823.40
717.60
713.92
713.60
712.12
707.92
689.32
665.32
712.80
680.12
713.80
808.32
811.80
812.72
813.92
815.40
816.80
815.60
815.52
818.12
817.60
817.40
817.52
817.20
816.92
819.20
819.52
819.12
709.12
708.00
707.92
667.00
679.12
707.52
715.00
692.20
749.12
807.12
810.00
812.80
813.92
815.32
816.32
815.32
823.60
822.80
823.20
822.80
825.60
824.00
824.12
824.32
825.20
824.12
718.60
712.92
714.32
711.72
689.80
713.40
739.20
762.52
765.80
705.12
819.20
821.12
821.92
823.00
823.52
822.32
822.32
823.92
823.52
824.32
823.92
824.32
825.60
824.00
801.00
800.80
801.60
714.32
713.12
710.40
713.32
764.32
708.52
719.12
691.52
669.92
794.40
800.12
798.20
801.40
799.72
800.52
799.52
801.60
798.72
800.32
799.32
799.12
800.40
801.40
800.72
799.00
798.92
732.72
713.20
713.60
712.40
713.32
740.12
721.40
695.00
709.60
664.40
818.32
820.92
822.52
821.92
823.20
824.32
822.72
823.00
823.00
825.32
823.20
824.52
824.80
824.72
823.80
824.00
823.60
716.00
712.72
712.00
710.32
708.52
713.72
685.92
715.20
669.40
707.00
818.72
821.12
823.32
822.72
823.32
823.60
823.40
822.40
825.52
824.60
719.60
713.60
712.40
710.52
696.80
707.52
709.40
708.60
711.52
680.80
818.80
820.80
821.60
822.32
823.72
821.80
824.32
822.92
822.40
825.12
824.80
825.32
824.72
823.32
825.12
823.92
822.52
715.52
713.12
713.12
709.80
734.12
763.92
764.40
706.32
735.80
804.60
820.80
821.12
822.00
822.72
822.72
823.40
822.12
822.72
825.40
824.72
825.00
824.32
824.72
822.92
824.32
824.20
748.52
711.32
711.20
711.20
707.00
723.80
704.40
712.32
663.40
661.92
809.00
811.00
812.00
813.00
813.72
815.00
816.00
817.20
818.60
816.00
816.60
817.60
818.00
817.72
817.60
818.12
818.12
711.72
708.00
707.00
706.60
726.00
704.20
673.40
656.00
665.92
703.12
809.20
797.00
799.92
801.00
800.72
803.60
802.80
803.00
803.40
803.40
805.60
804.40
802.40
805.20
803.20
802.92
805.92
698.92
696.60
696.60
656.80
664.92
676.60
692.32
680.80
725.60
792.72
794.52
798.12
798.92
802.52
799.60
800.92
802.60
801.92
803.00
806.32
798.60
800.32
800.92
799.12
799.72
800.60
719.52
714.40
713.00
712.72
711.12
698.60
717.12
744.72
659.40
708.20
796.52
799.32
801.40
800.32
800.12
799.52
798.72
799.12
800.60
799.52
800.52
798.20
799.00
800.00
800.40
814.00
823.80
713.92
711.12
712.12
710.40
765.72
759.80
746.60
707.20
702.32
810.00
820.00
822.00
822.00
822.20
822.80
824.00
823.40
822.20
824.72
824.00
823.00
823.32
824.00
824.00
824.00
823.92
771.00
714.00
712.20
709.72
705.72
751.52
728.80
711.80
711.00
663.20
796.80
798.92
801.60
800.32
799.92
799.32
799.12
799.12
798.72
800.52
799.20
801.32
800.52
802.60
800.20
800.92
799.72
716.92
714.20
712.32
711.52
680.20
711.20
663.40
712.52
699.92
732.00
800.72
818.40
822.20
822.52
822.60
822.72
822.52
823.92
823.52
823.60
823.92
825.20
822.80
824.32
824.32
824.40
824.00
714.92
712.72
710.32
671.20
664.80
707.20
680.72
695.32
727.92
816.12
820.32
822.12
822.92
823.60
823.60
824.60
824.12
817.92
818.00
817.40
817.52
818.00
818.72
818.60
818.40
818.32
713.20
705.92
704.12
702.20
713.60
714.52
740.32
747.52
746.40
702.00
808.60
810.52
813.72
814.12
813.52
816.92
816.32
816.60
818.00
817.00
816.72
816.40
815.72
817.72
817.80
823.80
824.12
716.72
715.32
712.12
711.32
746.52
705.12
762.60
709.60
730.92
808.32
819.00
820.12
821.52
822.92
823.60
822.32
824.12
824.52
825.20
824.32
823.80
825.20
823.12
823.52
824.52
824.52
738.60
711.32
713.52
711.92
705.92
721.40
695.00
669.52
711.92
672.00
799.20
799.32
801.32
800.20
800.60
799.52
800.52
799.20
800.72
801.12
799.92
800.20
797.00
798.40
799.32
799.92
802.00
716.52
716.00
713.72
712.12
710.52
690.40
661.72
714.40
677.40
712.92
799.52
813.72
821.92
821.52
822.12
823.20
823.12
822.20
822.20
823.92
823.72
824.52
824.32
826.12
823.92
822.40
824.12
713.92
712.80
711.00
711.32
679.00
712.92
721.92
700.72
763.92
817.60
819.72
823.40
823.40
824.20
822.20
822.32
821.92
823.52
817.52
817.92
818.52
817.40
818.20
818.52
817.60
818.32
713.72
708.72
704.60
702.72
675.92
694.92
716.32
741.40
760.40
695.72
808.32
810.52
811.92
813.40
813.12
816.72
817.00
815.92
817.52
815.12
736.40
707.80
708.00
707.32
731.80
710.80
681.60
761.00
707.20
670.52
818.52
819.12
822.00
822.12
824.32
823.52
823.32
823.32
823.60
823.80
823.72
823.72
824.00
823.92
823.72
824.32
823.40
717.40
713.52
712.92
712.52
668.92
708.32
699.60
701.60
740.80
773.32
819.00
802.20
799.52
799.72
800.40
800.80
800.32
798.12
800.80
800.32
800.60
801.00
799.72
799.40
801.40
801.20
800.92
713.80
711.20
713.80
670.32
691.20
714.80
739.32
706.32
766.52
796.92
799.00
800.32
800.72
802.00
799.80
800.12
800.12
693.92
824.20
822.52
822.72
823.00
822.52
823.80
824.80
823.00
716.72
713.72
710.72
710.12
768.80
704.80
749.60
707.00
714.40
708.72
819.72
821.60
823.52
821.92
823.20
823.92
822.80
823.40
826.52
822.60
823.32
824.72
823.40
823.12
823.72
818.52
818.20
710.40
708.92
703.40
706.92
746.60
742.52
715.72
687.52
678.52
803.72
810.40
811.80
812.72
812.92
815.20
817.12
816.12
814.52
817.92
815.40
817.52
819.20
817.60
818.60
816.00
818.72
723.00
708.72
708.12
706.32
701.60
667.80
665.80
670.72
708.32
697.32
819.12
820.32
822.32
822.80
825.52
823.12
823.60
824.12
823.32
823.72
825.12
823.20
822.52
824.12
824.20
825.00
824.40
717.12
713.32
712.12
710.12
665.40
708.92
677.92
710.40
717.92
751.52
818.92
816.00
798.72
800.32
800.52
800.52
798.12
799.20
799.40
799.72
799.72
799.00
799.00
799.80
800.12
801.12
798.72
714.00
714.20
713.80
699.00
735.52
757.72
766.52
709.00
738.52
797.72
798.00
800.80
800.92
799.80
800.52
799.20
799.40
800.12
801.60
798.80
822.60
822.52
823.40
823.92
823.00
824.20
719.00
714.40
711.72
711.72
747.60
704.80
764.20
754.40
737.52
708.60
819.12
822.20
823.52
822.12
824.52
821.80
823.80
824.12
824.12
821.60
825.00
823.92
824.12
823.20
824.80
823.20
824.40
715.00
712.92
712.20
710.40
727.92
708.32
677.72
660.60
667.52
815.12
819.72
822.40
820.52
822.92
824.32
823.72
823.40
824.40
823.52
823.40
824.52
824.60
826.00
823.60
825.20
823.32
729.20
713.40
712.40
710.80
708.72
704.80
676.72
664.00
706.52
687.40
818.80
821.92
821.60
821.80
822.00
823.80
822.80
823.00
824.32
823.00
823.80
825.32
824.12
824.00
823.80
823.60
822.80
715.72
714.92
711.52
711.32
708.72
669.40
663.72
711.40
693.40
726.60
818.00
820.52
813.80
815.00
816.92
816.52
815.00
816.00
814.80
818.40
816.92
818.92
817.20
818.52
817.00
817.52
819.52
708.72
708.72
708.52
705.72
689.12
723.12
731.52
695.40
745.00
808.20
808.92
811.32
812.92
813.32
816.00
815.12
816.40
816.20
817.32
809.20
803.72
805.00
803.72
802.72
804.92
803.52
701.12
699.12
696.12
696.80
680.60
703.40
723.80
731.80
728.32
687.72
793.52
796.80
796.20
799.12
800.20
801.72
800.40
801.80
802.40
802.20
801.80
802.12
800.80
803.32
803.12
804.52
806.80
714.60
712.12
712.32
713.20
752.12
710.80
706.20
676.92
661.00
792.60
799.40
799.12
801.32
799.12
797.00
799.00
800.80
801.52
799.72
799.52
799.32
799.80
800.40
800.92
800.60
800.60
724.52
713.20
712.92
713.60
713.72
722.00
704.52
677.32
704.72
669.60
818.32
820.32
821.52
822.60
822.60
823.40
821.92
822.52
823.40
823.80
824.12
713.00
711.80
711.40
682.12
726.72
727.20
759.40
764.92
705.72
817.72
818.20
822.20
821.32
824.00
824.60
824.32
823.20
823.20
824.52
800.12
801.72
800.92
799.72
799.80
800.20
799.92
716.80
714.60
714.20
714.92
723.92
706.52
713.52
712.12
673.80
709.40
797.92
798.92
801.00
800.12
801.12
800.52
797.12
800.12
800.32
798.52
799.20
800.60
798.12
798.92
800.52
800.20
822.40
715.80
711.92
711.20
709.40
743.40
769.00
757.92
710.20
732.12
805.60
818.80
821.20
822.12
822.40
823.40
821.12
823.52
823.12
825.32
823.40
824.20
824.32
824.12
824.32
822.60
823.80
801.80
716.12
712.00
710.60
702.92
765.80
743.60
728.80
699.32
693.92
808.20
811.40
813.80
813.32
812.72
816.32
816.60
816.00
815.80
817.00
816.00
814.80
815.40
817.80
817.12
818.80
817.12
710.60
705.12
703.32
704.20
715.00
700.60
663.20
704.40
669.60
702.60
808.40
810.12
813.32
822.60
822.00
821.72
822.60
822.72
823.72
822.60
824.60
823.60
823.32
823.32
825.52
822.00
823.72
715.20
714.12
712.12
695.92
684.72
662.80
665.20
676.72
698.20
815.40
819.92
821.52
821.00
823.92
824.12
822.32
823.32
823.92
822.60
824.12
801.60
800.40
799.80
800.72
799.52
799.72
718.60
712.12
713.12
713.60
711.00
701.40
728.60
754.92
768.00
709.40
799.32
799.40
801.12
800.20
799.40
798.52
800.40
800.72
801.12
799.20
800.92
800.20
799.20
799.52
800.40
799.72
821.60
713.72
711.80
711.12
709.32
712.92
701.12
756.52
709.80
752.00
799.60
818.40
821.20
822.52
822.32
821.92
823.72
823.32
823.80
823.52
824.20
824.12
822.72
823.00
823.80
824.80
824.40
823.00
714.72
713.60
709.60
700.32
740.32
754.92
746.32
700.80
720.92
807.32
8