Measuring voltage and current with INA219 ...
818.80
818.72
817.92
819.00
818.40
713.92
712.52
712.80
711.72
674.32
707.00
702.60
709.20
746.40
772.20
809.20
811.20
814.00
815.20
816.72
817.80
815.92
818.52
816.00
818.52
817.80
817.92
826.20
825.52
825.60
824.52
813.32
717.00
716.20
715.52
705.60
767.52
772.52
756.20
709.00
713.92
816.20
818.92
822.40
821.92
823.60
825.20
823.40
823.80
823.32
825.40
825.72
825.32
825.72
826.00
825.72
825.12
824.92
721.92
715.00
715.60
714.72
774.20
708.80
752.40
729.80
704.52
712.20
804.92
803.92
803.52
804.00
805.52
803.72
803.92
805.72
804.60
805.52
804.52
802.92
806.20
804.72
803.40
804.20
803.00
715.72
714.12
713.40
713.92
761.12
710.60
726.92
694.72
675.80
709.12
817.60
820.52
823.00
821.20
823.12
823.12
823.92
824.52
824.60
826.12
825.20
824.72
824.12
824.80
825.92
826.52
729.60
715.40
716.00
712.92
712.80
683.52
666.80
672.00
710.92
701.12
816.60
819.72
821.12
821.72
825.00
822.72
823.00
823.80
822.92
825.92
824.32
824.20
823.20
823.92
824.32
824.40
824.80
716.32
713.00
713.80
711.32
695.52
700.00
721.80
710.52
767.52
791.92
815.32
817.92
818.52
818.52
821.60
822.12
822.60
822.12
820.60
822.72
822.52
822.32
822.12
822.12
822.52
822.32
824.40
712.40
712.60
709.00
691.72
709.92
743.32
763.12
704.12
751.92
819.72
822.60
824.60
823.32
825.52
825.00
824.32
824.92
825.20
825.20
825.60
824.52
825.32
824.20
824.92
827.12
827.40
721.80
717.72
713.32
707.80
699.60
744.52
728.12
722.40
688.32
702.20
817.40
820.60
824.60
824.40
826.12
827.32
827.12
827.00
829.00
830.92
829.60
828.00
828.52
829.00
829.32
829.40
828.52
713.00
711.80
708.72
707.72
755.12
702.00
706.40
673.80
665.12
811.00
799.72
800.52
802.92
804.12
806.20
804.52
806.52
806.20
809.20
806.92
807.12
806.00
806.00
807.92
808.60
806.00
708.12
697.80
694.52
694.00
670.12
660.00
662.32
667.40
693.80
680.72
795.52
798.12
801.60
799.80
804.12
806.40
807.72
807.32
802.12
804.32
804.60
720.32
721.12
720.92
687.92
726.92
718.40
676.60
716.92
714.52
802.32
801.40
803.72
804.20
802.52
803.92
803.32
804.00
801.80
802.32
803.80
803.20
804.32
803.20
801.92
802.40
803.52
724.52
722.12
719.40
714.12
775.92
709.12
717.72
704.60
705.32
816.92
824.00
825.80
826.60
826.72
826.32
826.80
826.80
826.72
828.20
827.60
826.60
826.12
827.80
828.32
828.00
827.40
826.72
721.92
718.12
717.72
715.60
763.52
750.40
725.80
711.72
671.00
797.20
803.92
804.92
804.00
803.92
803.80
804.32
803.60
803.60
803.60
802.40
803.60
803.40
802.80
804.12
800.80
803.12
729.40
721.80
720.72
719.60
718.20
666.92
670.00
720.52
705.60
707.12
801.20
803.20
804.72
803.20
805.12
802.00
703.80
826.12
827.00
826.40
827.20
827.52
827.92
826.92
828.72
825.92
828.20
721.32
718.92
716.12
715.52
671.92
712.80
680.52
694.92
723.52
751.32
824.52
824.80
824.40
828.20
825.80
825.92
826.72
828.72
827.12
827.00
825.92
826.20
827.60
828.40
827.52
827.00
828.32
711.52
708.52
708.32
682.72
708.32
729.00
747.92
757.92
742.12
816.80
818.40
821.20
822.52
822.60
825.92
826.80
826.12
827.40
827.60
828.12
827.92
828.52
826.20
827.40
827.40
829.20
716.20
709.72
710.52
707.12
725.52
707.20
768.20
713.92
748.80
711.40
824.60
824.92
826.32
826.32
826.52
827.40
826.80
826.32
827.92
827.60
828.32
826.32
826.80
826.12
825.92
828.80
827.12
720.92
717.72
716.92
715.92
756.12
775.20
763.20
710.72
734.80
814.00
801.92
803.52
804.52
801.80
803.72
802.20
803.80
802.52
803.92
803.20
802.40
805.20
803.80
801.72
803.52
802.92
732.72
721.12
718.92
719.60
716.80
720.40
695.12
718.92
717.80
675.80
801.60
802.52
804.80
804.12
804.00
804.40
802.60
825.92
826.00
826.52
827.00
825.00
826.00
826.72
826.72
828.12
826.12
720.92
719.00
715.80
715.32
730.20
714.72
669.32
665.92
677.72
711.80
824.72
825.00
826.60
827.52
825.52
827.40
826.52
827.60
826.12
828.40
827.40
826.32
826.60
830.52
828.92
827.80
826.80
713.52
710.80
710.00
661.52
671.20
685.72
707.20
691.92
742.00
816.32
818.40
821.40
820.60
824.60
825.52
825.40
825.80
826.20
828.20
829.52
828.40
828.40
828.00
829.20
828.72
827.40
718.20
709.60
706.12
703.80
708.20
698.60
725.80
742.92
773.60
706.92
823.52
826.60
824.72
825.92
824.80
826.00
826.72
826.40
827.40
827.72
826.60
827.32
825.72
827.40
826.80
825.32
826.40
720.92
717.40
716.00
714.60
706.72
741.20
757.52
714.72
766.00
805.80
819.12
822.20
822.12
826.32
825.80
827.72
824.00
827.80
827.72
828.52
829.52
826.80
828.12
827.32
828.00
828.92
783.40
712.72
708.72
707.20
698.32
748.20
733.20
722.80
702.52
677.40
817.32
818.52
821.60
822.12
826.20
825.80
826.32
826.00
827.40
826.60
827.40
826.72
826.80
828.00
825.92
828.40
827.00
721.80
716.80
716.60
716.40
768.40
713.00
730.80
725.60
679.92
713.00
823.40
824.92
825.80
826.80
825.40
825.92
825.92
827.52
827.80
828.00
826.20
826.20
826.60
820.40
804.12
803.72
802.72
721.52
721.20
719.60
720.00
737.12
711.40
695.40
666.52
667.40
798.00
801.52
802.80
803.80
803.00
802.60
804.00
801.60
803.20
803.00
803.92
722.52
719.00
719.72
720.32
742.12
728.40
750.40
714.00
721.60
800.80
824.60
824.72
825.32
824.32
826.32
826.92
825.92
827.92
825.92
827.92
826.32
825.72
826.00
826.52
826.00
826.32
826.12
718.80
717.00
717.00
691.32
716.72
739.52
765.80
774.00
708.60
825.12
824.92
827.60
825.60
826.72
826.32
826.52
825.60
827.60
827.00
828.00
827.12
828.20
827.60
828.52
827.92
827.20
715.52
710.72
709.00
704.00
758.20
701.92
726.00
688.60
681.00
810.40
818.52
821.40
822.12
823.32
826.60
825.72
827.00
825.20
827.40
828.32
826.72
828.60
828.32
829.00
828.72
826.92
828.72
720.32
717.72
717.32
716.52
755.40
738.32
710.40
711.12
668.52
822.92
826.80
825.12
825.72
827.12
826.52
827.20
825.80
827.12
826.72
827.00
828.40
827.72
827.60
827.80
827.20
826.20
747.52
717.92
717.32
717.92
710.60
733.92
707.92
720.80
668.72
713.40
825.12
826.80
825.60
825.92
825.60
826.52
826.92
826.32
828.72
826.60
827.40
828.12
826.12
825.72
825.72
826.12
825.20
721.80
716.80
718.52
716.72
733.32
713.92
668.92
664.00
677.20
819.32
825.00
826.32
825.40
826.32
825.52
826.32
826.12
828.00
827.52
826.20
826.60
825.20
826.20
827.52
826.00
825.80
827.20
720.60
717.92
716.32
665.00
678.72
697.32
717.00
751.12
708.32
823.52
825.32
825.40
824.60
826.12
825.40
825.72
828.80
828.32
828.60
826.72
827.60
827.72
827.12
828.60
827.12
826.80
716.52
710.92
709.60
706.12
743.60
696.72
748.60
700.00
721.40
804.00
817.12
818.12
821.32
823.52
824.40
825.52
825.72
826.00
829.00
826.92
828.20
827.72
827.00
827.00
828.00
824.40
810.60
700.52
698.92
695.52
693.92
728.92
733.00
715.80
684.80
683.60
795.12
798.12
800.40
802.72
804.12
804.12
806.80
807.20
807.12
808.92
808.60
808.80
807.12
808.60
807.72
807.92
808.80
722.20
698.80
696.80
693.80
688.40
686.00
674.40
719.52
677.12
716.12
803.72
801.12
802.12
802.80
804.32
802.92
803.60
804.80
804.00
804.12
800.32
802.60
804.72
802.52
802.72
801.40
803.40
722.40
720.80
722.12
720.72
700.92
718.72
667.52
676.92
699.92
726.20
802.00
824.40
825.12
825.32
827.32
824.92
826.60
826.12
826.80
826.60
826.20
826.80
827.20
826.32
826.52
825.80
826.60
721.00
717.32
717.20
674.32
693.32
717.00
740.92
772.12
709.20
822.52
825.12
827.20
825.80
826.80
827.00
825.80
826.32
804.00
801.60
803.52
803.32
805.32
802.80
804.12
804.60
805.20
724.40
721.52
720.52
720.00
720.40
708.92
752.52
718.60
763.40
715.60
801.20
801.72
802.52
801.60
804.52
802.80
802.72
802.52
802.72
804.32
804.00
805.12
803.92
802.92
802.80
818.00
825.20
719.32
716.80
715.72
716.32
766.12
755.92
731.60
710.72
688.12
817.20
823.92
825.72
825.80
826.00
826.20
826.52
826.60
826.52
827.72
827.20
825.80
826.92
825.72
826.32
824.72
826.60
757.32
719.12
717.20
716.72
709.80
733.80
715.32
716.32
671.52
662.92
818.12
819.32
821.00
822.80
824.52
825.60
826.52
825.92
825.60
826.92
827.80
827.60
827.20
827.92
828.00
828.40
828.20
713.20
709.72
707.20
706.60
672.72
702.92
672.32
682.72
697.92
733.52
817.40
819.92
821.20
822.40
826.12
825.32
827.72
826.20
825.72
825.92
719.80
719.00
717.12
715.40
707.20
669.12
713.80
714.12
703.80
815.92
824.60
826.00
825.32
826.00
826.32
826.12
826.40
827.20
826.52
826.12
826.72
826.72
825.80
826.32
827.80
805.12
729.12
719.52
722.60
721.40
719.12
719.92
694.72
668.72
719.00
682.12
803.12
800.72
804.32
801.52
801.20
804.40
803.72
802.92
805.00
803.60
803.12
805.60
802.32
804.80
804.40
803.20
803.92
723.72
721.40
719.80
719.92
717.92
700.52
671.52
719.72
681.52
716.00
824.32
825.40
825.52
827.00
825.60
825.32
825.60
825.80
826.12
828.60
826.80
825.20
827.40
826.00
827.92
826.20
827.32
721.92
717.40
716.92
715.40
699.32
714.00
670.92
679.40
700.72
821.12
823.20
822.20
823.52
825.60
823.60
825.80
824.72
826.72
827.80
828.80
827.80
827.52
826.80
827.72
826.32
828.40
718.80
711.40
709.20
708.32
670.72
686.92
707.12
729.92
755.00
698.72
816.32
818.80
820.72
824.92
824.20
824.52
824.80
825.72
827.72
827.60
826.72
826.12
826.80
827.80
826.60
827.12
827.52
722.80
717.72
717.80
716.20
718.12
704.20
752.40
713.40
762.20
805.20
824.32
825.72
824.60
829.20
826.00
825.52
826.20
826.00
826.92
825.92
825.00
826.92
827.12
828.00
825.40
803.72
806.00
723.60
720.60
721.92
720.40
762.40
746.52
720.20
716.92
669.72
802.32
801.80
802.32
802.92
804.32
804.32
802.92
803.52
802.60
803.40
800.72
802.00
803.52
804.52
803.00
802.32
802.92
742.00
720.40
719.20
719.92
714.32
749.52
726.80
724.60
673.60
711.60
823.72
825.12
827.32
825.12
825.32
823.80
826.20
826.20
825.92
826.12
825.72
825.92
826.80
824.92
825.72
825.60
825.92
722.60
717.52
716.80
713.40
676.40
713.80
677.00
692.32
718.52
821.32
823.92
821.20
821.52
824.20
825.20
825.52
825.40
825.52
827.60
828.60
828.20
827.72
828.12
828.60
828.00
827.92
827.72
711.72
708.72
708.32
663.32
666.52
670.72
685.72
726.00
692.32
815.20
818.52
820.92
822.72
824.20
825.20
825.52
824.72
824.60
826.92
827.12
827.00
825.60
824.92
825.92
826.20
826.60
721.40
717.80
717.20
715.72
734.32
707.12
769.52
716.12
751.60
810.00
823.40
825.92
824.00
826.92
826.92
827.40
826.00
826.80
827.00
826.32
828.12
826.52
827.12
826.92
826.52
803.60
801.92
721.80
720.92
720.92
717.80
756.72
777.00
761.20
716.00
720.12
801.12
803.20
803.92
803.80
802.60
804.00
802.60
803.80
800.80
804.40
801.60
802.80
802.52
801.52
801.52
803.20
802.80
733.00
721.60
718.80
721.12
715.60
613.80
704.12
720.52
669.60
712.32
825.60
824.92
827.60
826.80
828.40
826.40
826.72
825.92
827.20
827.12
827.00
827.00
826.92
828.00
827.92
827.12
826.00
720.72
718.32
717.52
713.52
670.32
713.52
691.60
699.80
738.12
821.00
824.80
825.32
825.92
827.72
824.72
826.00
826.32
827.52
826.80
827.12
827.00
826.20
827.20
827.52
827.20
825.72
827.72
718.20
718.60
715.32
665.20
677.80
695.80
715.72
752.40
705.92
823.72
825.20
826.52
825.60
826.00
823.92
826.32
825.72
827.00
826.52
825.92
826.20
825.80
826.80
825.12
826.60
824.92
727.60
717.32
716.32
716.12
714.32
696.80
723.40
714.00
768.60
795.32
823.40
824.92
826.00
826.40
826.60
826.40
826.80
825.92
826.92
825.52
722.72
718.92
718.72
714.92
703.20
745.52
710.52
709.40
708.60
719.80
816.32
820.92
822.32
822.52
824.20
825.52
825.92
826.52
825.80
828.32
827.20
828.00
826.80
827.80
826.92
827.32
827.00
713.20
709.32
708.40
704.80
670.12
705.12
670.20
683.80
707.80
814.40
817.80
818.52
804.92
804.32
806.40
806.32
808.00
807.32
806.72
807.00
806.32
808.32
807.80
808.92
807.00
808.52
705.32
698.32
697.80
694.20
655.92
661.12
670.00
680.80
701.92
682.20
795.32
800.92
800.92
803.80
802.52
804.52
806.52
806.12
806.40
809.00
807.72
801.20
803.00
8