Measuring voltage and current with INA219 ...
815.00
817.00
817.12
817.52
821.20
812.32
811.32
812.40
812.32
813.40
812.20
812.80
812.52
812.60
812.20
811.60
811.40
704.20
707.40
703.60
703.72
709.60
689.20
670.80
656.72
664.60
800.52
802.52
805.72
808.52
810.40
809.72
812.20
812.20
811.92
812.00
811.80
812.60
810.80
800.80
799.72
800.60
801.60
714.80
699.12
698.20
696.20
689.80
680.12
667.60
655.92
686.60
675.80
789.60
794.52
794.20
796.20
798.92
797.00
799.20
799.00
798.80
799.40
801.92
799.52
800.52
798.12
798.72
801.40
800.80
701.00
695.72
695.40
693.12
674.12
708.00
710.60
706.52
761.32
778.52
797.60
797.80
799.00
798.60
799.52
797.32
797.00
797.60
798.00
797.92
798.52
796.40
796.60
799.60
799.20
798.60
799.20
710.40
710.40
708.72
673.52
694.00
720.12
735.32
703.00
759.40
796.00
815.32
815.40
818.40
819.20
819.72
819.72
819.20
820.12
820.80
819.80
820.40
820.72
820.40
821.20
820.72
819.12
716.80
710.80
709.92
708.72
767.40
702.72
751.52
733.12
711.00
707.72
815.32
816.80
817.52
818.32
821.20
819.20
799.20
799.00
798.52
798.32
798.00
800.40
800.52
798.40
799.80
799.20
797.20
711.72
710.72
708.52
708.72
759.72
705.32
726.52
697.92
679.32
789.92
798.52
798.92
798.20
798.40
798.92
799.72
798.40
800.72
801.20
800.20
798.12
799.20
815.60
820.20
819.92
820.20
757.72
711.32
707.20
709.00
704.52
744.72
734.52
710.80
706.40
663.72
814.60
816.00
818.12
817.72
819.20
819.92
818.92
821.72
820.32
820.52
821.00
711.92
711.00
706.92
658.40
751.20
708.92
696.52
707.40
701.72
806.00
808.12
808.60
811.40
812.20
810.00
814.00
812.00
812.12
813.92
812.92
813.80
813.32
815.40
815.00
813.72
814.32
715.72
707.32
705.60
705.52
704.00
680.92
703.00
703.20
746.00
773.32
805.00
807.60
810.80
810.00
810.12
812.12
820.40
820.32
820.72
820.92
819.60
821.12
822.32
821.32
819.40
821.32
821.00
713.60
709.32
710.12
707.32
690.00
720.40
737.40
701.80
760.00
812.40
816.12
816.80
818.00
817.52
820.20
819.40
822.00
820.60
819.40
820.60
821.00
820.80
799.00
800.60
797.12
798.32
769.20
711.60
708.80
709.72
705.72
764.20
750.00
729.00
705.00
707.72
798.12
798.80
799.80
798.20
798.00
799.00
798.80
798.60
800.00
798.92
796.92
799.20
797.32
798.72
798.80
798.32
798.20
715.72
709.52
646.12
707.40
766.72
704.12
735.60
697.52
686.52
806.32
815.60
816.52
818.12
818.72
819.00
820.92
820.12
821.52
820.52
820.00
822.40
820.00
822.60
820.12
821.72
822.20
821.32
713.72
710.20
709.12
709.20
754.60
738.80
713.92
705.92
662.52
806.40
807.60
808.72
811.20
810.32
811.60
811.92
813.52
813.12
812.00
812.92
812.80
813.72
814.40
812.80
811.60
812.92
719.72
708.40
705.60
701.00
703.52
666.32
659.20
706.40
683.12
714.00
805.52
807.20
808.72
811.00
810.80
811.00
820.12
821.00
819.20
820.72
818.52
820.92
820.52
821.92
822.80
820.80
820.72
713.20
711.72
709.92
708.72
670.52
705.20
671.80
687.92
711.12
812.40
815.00
817.20
818.32
817.60
820.32
819.72
818.60
820.20
820.60
821.20
820.80
821.52
799.40
799.00
800.20
798.32
797.80
711.80
709.40
708.32
663.92
658.00
671.92
690.00
722.20
702.12
797.40
797.40
799.20
798.92
798.92
798.72
797.60
798.52
799.00
798.80
798.92
799.40
798.80
797.52
799.80
798.72
797.12
713.72
710.60
709.60
708.20
713.92
700.20
753.12
708.92
752.60
796.00
815.12
816.12
819.12
818.00
818.00
820.20
820.60
820.72
822.40
819.20
820.80
820.52
820.00
820.40
820.72
821.20
821.00
713.60
711.32
709.80
708.20
726.72
760.60
763.12
703.60
734.52
804.12
805.80
806.80
811.12
809.32
810.80
812.80
812.20
813.80
812.60
813.12
812.32
813.52
812.60
812.32
814.72
812.72
807.72
708.60
707.20
704.92
693.00
738.32
748.80
743.60
732.72
697.32
804.52
806.40
807.40
809.92
812.40
811.12
816.60
820.20
821.52
819.00
821.32
819.20
820.72
821.92
821.12
821.80
820.80
716.40
712.40
711.32
707.52
759.12
703.52
754.12
709.52
714.60
804.12
813.80
815.12
818.60
820.60
821.12
820.60
820.80
820.80
821.72
820.40
821.60
820.60
818.92
797.60
799.60
799.20
798.80
714.00
712.20
711.00
710.32
763.40
753.92
734.52
707.12
685.52
791.00
798.72
797.80
801.00
798.72
798.60
798.12
798.92
798.72
798.52
799.12
799.92
799.40
799.20
798.52
799.32
799.40
759.00
711.80
710.40
701.92
702.20
756.80
739.72
725.12
695.72
705.40
815.20
817.00
818.40
816.92
818.72
821.12
820.12
820.00
819.00
821.12
819.52
821.72
822.00
821.32
820.20
820.72
821.20
715.52
711.60
709.00
707.92
759.92
705.32
721.20
684.60
669.32
707.80
814.72
817.60
818.80
818.92
820.92
818.92
821.60
821.92
820.92
820.80
711.60
711.72
708.52
709.72
663.12
747.80
690.60
720.60
707.40
773.92
814.72
817.72
817.52
820.00
820.52
819.32
818.92
820.40
821.32
820.52
821.20
821.20
820.20
821.40
821.32
821.12
822.12
710.00
710.80
709.52
707.92
678.52
710.40
715.80
699.00
761.52
811.80
816.92
818.92
818.72
818.52
819.92
819.80
819.92
820.32
820.00
822.00
821.12
822.40
822.52
821.52
821.12
821.12
716.12
712.60
710.00
703.80
693.80
751.40
746.52
733.92
717.60
703.20
806.72
808.12
810.00
809.80
809.32
812.72
811.72
810.72
812.52
812.72
811.60
813.60
813.80
812.00
813.92
812.12
812.40
708.32
703.20
706.80
702.40
723.72
702.20
677.52
657.00
665.00
798.00
796.00
796.20
798.92
798.12
798.00
799.12
800.80
799.80
801.32
801.80
800.20
801.92
799.92
803.32
802.72
801.32
716.00
699.32
699.00
696.20
693.52
694.12
676.00
659.72
690.00
668.60
792.92
793.72
794.52
795.20
798.60
798.52
799.20
800.60
799.72
800.80
798.20
798.12
798.00
797.52
798.20
798.52
799.80
714.40
710.52
709.60
710.60
705.72
679.80
724.40
710.00
755.80
775.72
797.20
797.92
798.72
801.72
798.32
799.80
799.12
799.32
799.80
801.60
799.40
799.20
798.00
814.52
820.00
819.92
820.12
712.12
708.92
710.20
709.12
678.12
710.52
720.52
700.20
762.40
814.20
815.00
818.80
819.60
818.92
821.32
820.72
819.40
821.92
819.52
821.40
820.00
820.12
822.20
821.80
821.60
822.00
716.12
711.00
710.80
708.20
701.92
765.20
758.32
741.20
718.52
707.32
797.20
798.92
799.80
800.52
799.20
799.92
798.80
800.72
799.32
799.12
799.52
800.20
799.60
800.20
800.40
798.80
801.72
711.72
712.20
710.72
711.92
722.40
707.80
673.92
654.12
666.12
793.80
815.12
817.32
817.52
819.52
820.80
820.60
820.92
819.40
820.40
821.12
821.00
821.00
820.60
821.80
821.40
821.12
727.32
710.40
712.92
709.20
705.80
705.92
678.80
662.32
705.52
683.32
814.40
816.40
819.52
817.72
819.00
820.60
820.52
818.40
813.92
812.72
815.12
814.12
814.72
815.52
814.32
813.80
815.20
708.40
705.72
703.32
706.32
702.40
675.40
690.60
702.60
736.12
762.32
805.32
808.80
810.80
811.00
810.00
811.12
812.72
812.32
815.20
812.40
813.92
812.92
814.20
813.00
813.32
820.60
821.12
711.20
709.20
708.12
709.40
681.72
713.52
725.60
701.60
763.72
811.92
815.80
818.80
818.60
819.92
820.20
819.40
820.60
820.60
820.92
821.92
823.72
821.72
820.72
821.12
822.32
821.40
717.32
711.00
709.80
708.20
680.40
707.12
733.20
757.20
765.72
705.12
796.32
797.72
800.32
799.40
797.92
798.60
801.00
799.40
799.92
799.60
799.52
798.52
799.32
799.20
798.20
798.52
799.60
714.72
710.60
709.80
710.72
766.80
706.32
733.52
699.60
685.92
791.00
810.32
816.60
820.12
821.12
818.60
820.92
820.12
820.40
820.72
821.80
821.92
821.72
821.00
821.00
821.00
822.00
766.60
714.32
711.12
708.52
709.40
757.20
742.20
717.32
705.60
664.00
813.32
816.60
819.12
817.52
819.52
821.32
820.92
819.00
814.72
814.52
811.12
812.72
813.40
811.40
814.32
814.32
813.72
711.00
708.80
705.72
704.32
699.72
731.32
711.12
712.40
665.00
699.72
806.20
807.72
810.60
809.60
811.00
812.60
812.72
812.20
812.12
813.80
714.40
708.12
702.92
704.52
664.32
740.72
696.52
690.52
706.32
699.72
814.00
814.60
818.12
819.20
820.20
819.40
821.12
820.60
821.20
820.20
820.92
821.32
822.20
821.00
821.12
821.12
823.00
713.92
713.92
709.20
709.20
755.60
766.80
752.40
707.80
721.20
804.52
799.60
798.32
799.12
798.80
798.40
800.60
800.20
799.20
799.40
798.52
798.92
798.32
800.12
798.12
800.92
800.12
776.52
713.00
710.60
711.40
705.12
763.32
752.32
739.00
705.80
691.12
797.32
799.00
799.52
799.52
798.72
801.00
799.20
745.40
817.40
820.40
821.20
820.20
820.60
820.00
821.40
821.20
821.20
713.60
710.32
709.72
709.20
718.92
707.20
665.12
711.00
670.20
705.20
814.00
817.60
819.00
819.92
820.32
820.00
820.12
820.80
821.00
821.92
820.92
821.32
821.72
822.60
822.20
815.72
814.32
709.12
708.52
702.60
696.40
687.60
663.80
659.32
664.40
678.40
804.00
807.12
806.60
809.72
810.32
811.72
811.20
812.40
813.00
813.72
811.80
812.12
813.40
812.40
812.52
812.12
814.52
716.00
709.92
701.40
701.40
700.32
663.92
663.92
668.20
706.52
696.92
815.20
816.92
819.20
818.12
819.12
820.80
820.60
821.40
820.52
819.60
820.80
821.00
821.00
820.32
821.32
820.40
821.60
714.00
710.40
708.52
709.92
692.60
722.00
729.52
709.00
759.80
790.60
811.20
799.40
798.60
797.72
799.80
799.12
799.32
798.52
800.60
799.00
800.72
800.52
799.00
801.12
798.92
798.60
799.60
712.52
710.72
712.60
694.12
720.20
743.60
761.92
706.20
748.72
796.80
796.80
797.32
798.72
799.00
799.60
799.32
798.20
780.60
818.92
821.32
821.00
820.72
820.60
820.60
822.12
821.52
720.80
713.00
710.40
709.00
706.80
676.60
688.72
711.32
741.72
700.32
814.72
817.12
819.32
818.60
822.52
819.40
820.60
821.32
819.92
821.80
821.52
820.52
822.32
821.92
821.20
821.60
821.12
713.32
709.92
709.92
708.52
739.92
701.60
710.92
709.20
733.00
802.40
814.32
817.20
818.72
819.72
821.80
819.60
819.00
820.92
820.52
821.20
820.32
821.00
821.20
820.60
820.80
821.40
806.92
712.00
712.32
709.80
701.52
763.12
765.00
750.32
703.72
708.60
813.40
817.12
818.80
818.72
820.40
820.92
819.20
820.52
820.40
821.92
821.00
820.32
821.80
822.20
821.72
821.12
820.92
714.00
709.00
710.32
709.40
731.60
715.60
690.40
710.40
664.32
706.12
815.32
809.20
810.52
810.20
812.32
811.72
813.40
813.12
813.32
813.40
811.32
814.52
812.72
812.12
811.52
816.00
814.40
707.52
705.32
703.12
659.60
662.60
702.60
682.72
690.52
724.60
803.80
806.60
807.32
810.52
810.00
810.40
812.52
814.92
800.80
801.80
804.52
802.32
802.00
800.92
800.80
800.20
801.92
705.72
698.92
696.32
696.12
692.40
666.12
679.12
691.32
717.40
685.92
791.12
795.12
796.72
796.72
798.00
799.52
799.72
801.00
799.60
800.80
802.32
801.00
803.52
800.80
800.12
800.52
799.80
712.80
709.80
710.32
709.72
681.12
693.92
719.52
709.12
764.60
782.52
797.72
799.00
801.80
798.60
799.80
800.12
798.92
801.72
799.40
801.52
798.92
796.92
798.32
799.92
797.80
798.52
801.12
711.92
710.72
710.52
682.20
682.32
725.20
740.52
702.20
757.40
810.52
816.52
818.60
818.12
820.32
821.00
820.72
820.32
820.32
821.80
821.32
710.72
708.80
709.00
708.00
694.32
721.32
714.60
707.72
664.40
814.32
814.72
817.92
818.12
818.40
820.32
820.60
820.12
801.52
800.12
799.20
800.52
799.60
798.72
799.32
798.40
798.52
723.20
710.32
709.72
709.72
708.32
699.12
750.80
711.92
706.40
706.72
796.00
797.52
797.60
799.72
798.32
798.52
797.80
799.60
800.12
799.60
800.72
799.32
798.80
797.72
798.00
701.80
820.20
710.60
710.00
709.72
707.80
708.12
707.00
661.32
663.52
683.00
809.60
814.80
816.60
817.92
819.52
819.52
820.72
820.32
821.60
819.40
818.92
823.40
820.92
822.32
821.80
821.20
821.52
821.40
713.52
711.20
710.60
693.72
678.52
660.52
664.12
699.92
687.12
804.80
805.92
807.92
809.52
811.40
810.60
813.12
813.92
812.92
814.00
813.52
811.80
813.80
814.32
815.32
811.92
814.60
713.00
704.92
707.12
707.32
701.72
687.92
714.00
700.20
746.80
778.92
805.52
805.72
818.12
818.32
818.80
818.80
819.92
821.40
821.12
819.60
821.12
820.40
820.60
821.32
821.80
820.80
822.52
713.92
710.20
710.20
708.52
662.92
706.60
684.00
694.32
729.00
812.32
814.12
817.20
818.00
818.80
820.12
818.80
821.12
815.72
799.12
799.00
799.72
799.60
798.92
800.92
798.92
799.72
796.52
711.72
709.60
710.52
698.92
731.20
758.00
763.60
754.20
706.00
799.20
797.60
800.60
798.92
799.80
798.32
799.20
799.00
799.40
798.72
799.52
799.32
798.12
799.20
800.80
799.52
819.00
714.60
709.12
709.12
708.00
736.72
701.72
762.52
709.92
732.60
801.12
815.40
818.12
819.40
819.20
818.92
820.32
821.80
821.60
818.80
821.40
822.52
821.12
820.60
821.20
821.80
821.20
821.20
712.60
710.00
709.52
708.32
737.40
712.72
684.60
700.52
661.80
804.12
8