Measuring voltage and current with INA219 ...
710.52
707.12
769.32
703.20
742.20
702.72
696.12
808.72
814.20
817.00
818.20
819.00
819.52
820.00
820.60
821.00
821.40
821.92
821.52
822.40
821.60
822.00
822.12
821.40
821.40
713.92
710.72
709.20
705.52
698.20
675.52
658.92
701.12
676.12
805.20
806.92
811.40
809.72
811.12
812.60
813.72
812.92
813.80
812.80
812.40
813.72
812.00
813.72
813.92
814.20
814.80
716.92
706.20
703.80
707.12
703.00
675.52
690.72
702.60
735.52
766.00
797.40
794.12
796.60
796.92
797.40
799.60
800.20
799.12
800.72
800.32
799.60
800.80
799.92
800.92
800.92
801.20
799.20
699.92
697.80
696.12
695.52
670.52
695.40
700.60
685.52
728.80
791.60
792.72
795.20
795.00
795.52
798.12
799.80
800.32
799.52
798.12
799.00
797.52
799.12
799.52
799.12
798.32
797.32
781.32
711.40
712.12
709.00
702.92
763.60
706.20
736.60
697.92
708.32
798.40
798.72
798.20
799.80
798.32
798.20
799.72
799.72
798.52
799.20
798.20
798.92
799.60
798.80
799.72
805.60
819.80
713.20
711.00
710.20
708.92
728.80
706.92
676.40
656.40
669.60
810.00
816.32
817.80
820.40
821.12
822.40
819.20
821.12
820.40
820.80
821.20
821.60
820.40
820.32
820.00
821.60
821.52
820.92
711.92
712.20
708.80
706.12
698.40
671.00
658.32
707.72
686.32
798.72
798.40
799.52
798.00
799.00
799.60
798.40
799.32
799.32
798.40
798.12
800.20
800.00
799.20
799.00
799.20
799.32
716.20
712.00
710.60
709.92
709.12
681.32
704.52
710.60
752.12
774.12
798.80
817.20
817.52
818.60
818.60
820.80
820.40
821.32
820.40
821.60
819.52
822.40
820.60
820.52
822.60
821.20
820.40
714.20
711.32
709.72
709.20
746.40
768.12
757.72
703.60
722.20
814.12
816.00
816.32
818.80
818.92
822.60
821.72
820.32
813.52
814.40
813.80
813.60
813.12
814.72
814.60
815.00
814.20
800.00
709.52
707.00
705.52
694.12
748.80
748.00
734.80
721.32
702.40
807.32
808.12
809.20
810.92
812.32
811.52
812.12
812.32
812.40
814.20
812.40
815.40
813.60
814.00
812.52
820.00
822.40
713.40
712.52
709.60
710.92
733.20
705.72
679.80
658.00
667.60
810.60
814.52
818.52
819.72
818.40
821.92
819.60
819.92
820.60
820.72
821.12
821.80
820.12
822.12
821.40
821.72
822.12
821.40
713.60
711.40
709.52
707.12
701.32
676.40
659.32
706.52
684.80
798.32
798.00
798.12
798.80
798.32
800.32
796.00
799.00
799.52
797.92
767.52
711.20
710.52
711.00
764.12
660.72
752.72
692.12
716.40
746.52
797.72
799.80
799.60
798.72
799.12
799.60
799.40
799.60
795.92
822.72
820.32
820.12
819.92
821.60
818.12
821.72
822.12
714.12
712.12
711.72
709.12
706.52
695.12
667.32
712.72
672.72
708.12
814.40
819.32
819.52
819.12
822.40
819.92
821.12
819.12
821.52
820.00
821.00
821.20
821.40
822.92
820.72
815.32
815.52
707.20
707.32
706.92
693.40
696.72
703.32
659.92
665.32
682.52
802.12
805.80
809.00
810.32
811.40
812.12
812.60
812.52
812.92
813.40
812.60
814.72
813.32
813.00
815.12
813.12
812.32
713.20
707.92
704.92
704.72
703.60
685.00
706.72
730.52
762.72
703.00
815.12
817.72
819.20
818.20
820.40
819.60
820.00
820.60
821.40
820.32
820.60
821.72
821.60
821.52
820.92
821.00
820.92
714.60
710.80
709.00
706.40
758.92
703.60
754.32
708.52
717.40
805.72
816.00
799.92
799.80
799.80
799.52
799.80
799.60
799.00
799.80
798.80
799.72
800.12
801.32
798.00
798.52
797.80
722.12
709.92
709.80
711.00
708.92
716.60
692.80
666.32
706.52
671.12
798.92
798.92
799.52
797.20
798.72
798.92
799.80
798.80
799.52
820.92
820.40
820.32
818.60
821.60
819.40
821.12
820.92
714.00
710.20
710.20
709.40
707.92
667.40
680.52
710.12
727.20
759.00
814.52
818.60
818.80
818.32
821.12
820.60
820.12
820.92
821.32
820.40
821.52
821.00
822.00
821.00
822.20
814.20
815.32
707.52
707.12
705.40
658.12
664.80
702.60
691.92
688.80
737.20
803.72
806.40
808.80
810.80
810.12
811.52
812.80
813.00
813.40
815.00
813.12
812.60
812.32
813.20
812.40
813.40
813.92
711.92
706.72
703.40
707.20
690.60
745.40
763.80
758.00
744.92
706.00
814.00
817.40
819.20
820.40
822.00
819.80
820.00
822.12
821.60
818.80
822.40
822.80
821.20
822.92
822.00
821.52
822.00
711.72
709.92
709.80
710.60
751.80
704.20
703.32
670.92
662.12
811.32
816.12
810.80
800.60
800.32
797.92
799.92
799.72
798.92
800.32
798.60
798.32
799.12
799.32
799.20
798.60
799.60
724.80
713.00
711.40
711.40
711.32
723.72
698.72
675.52
708.32
665.80
799.32
799.40
798.32
800.32
799.40
798.40
799.72
798.72
801.00
798.60
682.52
819.92
820.60
821.32
820.40
821.52
822.32
713.60
710.32
707.92
707.32
708.20
663.92
677.72
709.20
722.60
754.60
816.12
819.12
818.12
820.20
819.60
820.20
819.72
821.00
820.80
821.00
822.52
820.72
821.60
821.92
821.20
821.12
820.60
711.32
710.72
707.80
709.12
717.92
747.40
762.60
702.60
744.80
814.60
816.80
818.72
819.20
819.52
820.92
820.92
820.20
820.52
820.12
821.00
823.00
821.12
822.00
822.20
821.92
821.20
717.12
712.92
711.32
709.12
698.32
743.32
762.80
759.60
748.20
706.60
814.80
816.80
818.40
819.72
821.00
820.40
821.20
821.00
821.00
821.92
820.80
821.52
821.00
820.52
822.12
820.52
823.40
713.12
710.20
709.60
709.72
754.40
705.00
705.72
673.52
661.92
808.72
816.80
818.32
811.32
811.40
812.80
813.00
812.60
813.12
812.40
814.40
814.40
811.92
814.52
812.60
813.80
817.00
718.72
707.80
707.12
703.52
676.52
660.80
663.32
671.72
703.40
690.80
807.20
809.20
810.32
811.72
810.92
813.72
813.92
814.32
813.20
802.72
793.80
701.72
697.40
696.40
712.52
661.00
694.92
665.92
690.60
687.12
792.12
793.32
796.00
798.32
799.52
798.52
801.60
800.52
800.60
799.80
802.80
801.00
801.00
800.40
802.80
799.52
800.80
700.80
696.80
698.80
696.60
720.72
690.92
675.80
654.72
663.40
707.32
799.92
797.72
798.80
797.80
797.92
800.80
799.32
799.72
799.20
801.12
799.52
798.20
798.20
798.52
798.72
798.12
799.00
713.60
709.40
708.72
657.80
662.20
677.00
695.80
703.00
704.92
795.60
798.52
798.72
816.80
819.12
819.92
822.32
821.60
820.60
820.80
820.60
818.80
822.52
822.20
821.92
822.00
820.92
718.12
712.32
712.00
709.52
722.32
700.72
760.60
708.20
748.40
705.32
815.00
816.40
818.72
819.32
822.00
819.32
820.92
821.80
821.60
821.32
799.80
801.12
799.52
798.92
800.52
798.80
800.72
714.00
712.80
712.60
710.00
736.20
764.72
761.80
705.00
726.12
787.60
797.80
799.80
800.20
798.52
800.32
800.32
800.52
800.40
798.92
799.00
798.52
800.20
799.40
799.00
800.32
800.60
746.60
710.72
709.52
708.40
701.80
738.52
716.00
716.80
665.40
661.92
815.00
817.12
818.60
818.72
820.20
820.32
819.92
820.72
821.40
821.32
822.60
822.32
822.32
822.52
822.60
822.52
820.60
714.40
712.12
711.20
707.32
670.00
705.92
667.40
679.60
703.20
732.12
805.52
809.12
809.80
810.92
810.60
811.80
814.72
812.32
813.60
813.60
812.32
812.40
813.32
815.32
813.72
813.00
812.12
708.52
705.80
704.20
664.00
660.40
667.80
680.72
715.92
715.60
804.12
807.12
809.20
811.12
820.00
819.60
820.12
820.52
822.00
820.92
822.32
819.72
821.52
821.60
821.92
821.80
821.40
717.32
710.20
711.92
710.00
719.52
701.52
759.12
709.00
749.92
705.40
814.60
817.92
819.12
819.12
821.40
822.20
822.60
821.40
821.60
815.72
798.80
799.80
798.72
798.72
798.12
797.52
800.12
712.00
708.40
708.80
710.80
752.52
732.72
706.52
708.52
665.12
791.12
798.92
797.52
799.72
800.52
799.60
799.80
799.92
800.92
799.72
799.92
799.80
798.92
799.00
799.80
797.80
797.80
745.40
710.00
710.72
710.20
704.52
736.40
713.92
716.40
663.12
661.32
815.40
815.72
817.32
819.92
820.12
820.32
820.40
821.20
821.32
821.52
820.72
822.32
821.60
821.32
821.92
822.32
822.40
715.20
713.80
709.12
709.92
667.80
706.60
669.00
683.20
695.60
733.00
806.12
809.20
811.32
811.40
810.20
812.52
812.80
812.32
813.60
813.72
814.20
812.52
812.12
815.00
813.72
815.60
814.20
706.32
707.52
708.72
681.60
697.40
719.20
746.32
695.00
743.32
801.80
808.00
809.40
810.52
809.60
820.12
820.92
820.92
821.60
821.20
821.40
822.60
821.00
822.32
822.60
821.32
821.52
715.80
712.40
709.60
706.60
768.00
705.20
733.60
696.80
697.00
706.12
816.00
817.52
817.72
819.32
822.12
821.60
820.92
820.80
821.72
821.40
801.20
799.40
799.52
800.00
798.60
799.00
799.72
713.20
710.20
708.32
710.60
749.52
730.20
707.20
707.12
662.20
792.80
798.32
799.12
798.52
800.40
799.60
797.60
799.40
799.40
800.40
798.60
800.00
800.40
800.60
798.52
798.80
797.60
696.72
709.40
708.60
706.92
707.32
665.60
664.32
708.40
706.92
694.12
816.12
817.32
818.60
819.40
819.52
820.20
820.92
821.72
820.80
819.00
713.12
709.72
710.80
710.72
758.52
681.92
701.72
726.12
709.00
705.52
814.52
816.60
819.32
819.80
820.12
812.32
813.80
812.40
812.32
812.20
812.52
814.52
812.80
812.60
813.60
812.52
812.32
707.12
707.12
704.60
705.52
739.80
700.52
690.40
661.80
659.72
799.92
807.20
806.72
810.52
810.32
812.00
813.00
812.52
812.40
813.40
814.32
821.20
821.32
821.80
820.12
821.12
821.00
722.32
713.60
712.00
708.40
668.52
662.20
669.32
687.60
718.12
700.92
814.00
815.00
818.60
818.20
819.12
820.60
820.00
821.12
821.12
820.00
821.20
820.60
820.52
821.40
822.60
820.52
821.00
713.72
712.92
712.92
710.80
720.72
705.00
760.40
709.52
749.40
786.60
798.40
798.40
799.60
800.52
797.12
798.80
799.12
801.60
799.12
799.60
800.92
799.72
799.52
799.52
799.12
799.60
801.00
712.00
713.00
709.52
710.40
736.92
767.32
761.72
703.60
730.20
811.80
814.20
818.40
819.00
818.72
820.72
822.32
820.80
821.72
821.52
821.00
821.80
821.12
822.12
820.52
821.80
820.92
713.80
710.80
709.40
708.20
704.00
735.00
714.00
716.00
663.80
705.52
814.52
818.80
818.72
819.32
819.52
819.40
819.92
821.12
821.32
821.32
820.32
821.80
822.20
822.40
821.72
821.72
821.12
716.00
712.12
709.60
709.12
666.80
706.92
672.32
689.72
713.72
811.60
815.20
819.20
818.20
819.52
822.40
821.20
819.60
819.60
820.12
821.60
821.92
822.32
821.00
821.80
822.32
821.72
716.72
710.60
712.00
710.00
689.40
712.72
738.12
761.60
762.32
704.52
815.40
816.40
819.52
819.80
818.72
820.40
819.80
820.80
821.12
820.20
822.12
821.92
822.20
821.92
821.32
820.20
821.12
716.52
708.32
707.12
704.72
758.92
698.00
721.00
687.00
677.92
798.32
807.72
809.20
810.12
809.80
812.80
812.60
814.92
810.52
812.20
813.92
813.00
814.20
814.40
812.60
813.72
813.92
752.00
707.20
707.00
705.80
706.60
738.52
727.60
701.52
689.80
657.72
793.80
795.12
796.12
799.20
798.60
799.52
798.72
800.12
799.92
800.20
801.00
801.60
803.40
803.60
800.00
801.20
800.40
709.00
697.92
697.60
696.60
691.60
659.52
659.20
696.00
682.80
709.00
792.60
795.60
796.80
796.60
799.40
799.32
799.72
800.52
799.20
799.20
800.12
799.92
797.72
799.20
800.92
797.40
797.80
713.40
710.60
710.80
712.32
698.80
732.00
750.12
705.52
755.12
795.80
797.92
798.12
798.32
797.80
800.32
799.12
799.60
800.52
799.80
799.52
800.12
819.12
821.20
820.60
820.52
819.60
819.92
711.00
710.20
709.32
692.40
718.92
748.72
763.00
758.60
703.92
815.20
817.40
819.52
817.72
818.32
819.72
820.60
821.80
821.20
820.00
822.52
821.40
820.92
821.80
821.32
822.52
820.80
715.60
712.00
710.80
710.12
760.00
706.52
716.20
684.80
663.92
792.00
798.12
797.80
799.12
798.60
800.40
798.32
799.12
800.72
799.52
801.12
800.40
798.52
797.92
799.72
799.80
800.80
801.12
713.00
713.72
710.52
688.92
665.12
659.40
672.32
701.52
696.00
815.92
817.52
819.52
819.32
819.92
821.92
818.92
820.92
821.80
819.72
821.12
823.00
821.40
821.20
820.92
821.20
821.40
721.72
711.72
710.40
709.12
707.40
662.20
670.52
708.12
712.80
744.52
815.60
816.32
819.12
819.32
821.40
821.12
820.60
811.92
813.52
8