Measuring voltage and current with INA219 ...
803.60
802.92
805.12
718.52
718.00
716.80
716.32
772.12
759.92
737.20
715.00
688.40
800.12
803.12
801.60
802.60
804.12
803.00
803.52
804.52
801.80
801.40
802.52
804.00
798.20
827.32
826.12
826.60
829.52
775.40
717.40
715.12
712.92
708.32
759.80
740.72
727.92
693.20
711.80
822.60
824.52
825.92
825.12
829.12
827.32
828.80
827.92
827.80
828.32
826.92
826.60
828.32
828.72
828.20
827.32
828.32
720.72
716.80
711.32
706.60
694.52
704.72
665.00
671.12
688.52
811.40
813.12
814.92
817.12
817.32
820.60
819.92
820.00
820.12
820.92
820.60
822.52
823.32
821.80
821.92
823.52
821.72
822.60
714.40
709.92
709.00
681.52
668.12
667.20
676.40
712.60
694.72
810.60
825.20
825.80
827.00
827.12
826.40
826.80
827.12
831.52
827.52
812.72
717.40
716.32
714.92
713.12
672.52
771.80
675.52
736.32
728.40
823.60
823.32
825.40
825.60
826.72
826.32
826.20
826.60
827.32
827.32
827.60
827.60
807.52
803.72
804.32
804.92
804.32
719.92
717.60
718.00
717.80
712.72
768.00
750.60
731.00
705.92
714.92
803.12
803.40
803.92
803.92
804.20
804.72
802.80
804.80
804.32
803.52
803.12
803.00
805.72
802.80
803.52
805.52
803.40
719.52
719.52
713.80
713.80
715.72
712.52
665.52
666.60
685.20
820.12
825.00
827.20
826.72
827.52
826.32
827.40
827.40
827.12
828.72
828.32
828.12
828.32
828.32
827.00
826.80
827.60
729.00
716.40
716.60
715.80
697.20
685.32
667.40
671.92
710.32
699.60
812.60
815.32
816.00
820.00
819.12
819.40
820.00
820.80
821.32
822.40
822.80
822.20
822.80
821.52
821.72
822.60
823.20
712.72
709.92
708.92
705.52
706.72
689.32
718.20
704.80
752.40
788.00
812.72
816.80
818.32
818.00
819.20
821.12
826.60
827.40
827.00
827.80
827.60
827.72
827.60
826.60
826.80
827.92
827.72
719.12
716.92
714.92
713.00
711.32
744.72
761.12
708.12
758.80
822.00
825.52
827.20
825.92
827.20
829.80
827.72
829.40
830.32
827.52
829.20
829.92
828.00
804.40
803.40
803.40
805.12
755.80
720.32
717.00
717.20
713.00
756.12
733.52
722.60
685.92
714.12
799.32
801.80
801.80
801.92
801.80
800.92
803.12
803.00
804.72
802.00
800.40
800.72
802.60
801.60
802.60
802.60
802.00
717.40
716.72
713.40
711.92
757.80
708.12
713.12
678.72
663.40
815.20
822.32
821.92
823.00
824.00
824.32
825.40
822.72
822.92
822.52
823.72
824.20
824.52
824.72
824.32
825.00
825.20
825.52
717.92
715.32
714.80
682.72
667.20
668.20
679.80
713.80
700.72
821.72
824.12
825.12
825.80
827.80
828.12
824.20
825.60
824.92
825.40
824.72
825.12
825.80
826.52
824.60
825.80
825.92
725.52
715.00
712.80
710.60
710.52
668.40
751.72
712.60
734.32
757.20
821.60
823.00
823.40
823.72
824.52
823.00
824.00
823.92
822.40
824.40
825.20
824.12
824.20
824.72
825.12
825.72
824.40
716.80
714.12
713.72
712.20
725.92
758.80
767.40
706.72
743.92
819.20
823.32
823.92
824.60
825.92
823.20
825.20
824.20
823.52
825.40
824.92
823.60
825.92
821.72
822.32
820.52
819.72
818.20
710.00
709.52
705.20
690.60
737.80
750.92
746.12
738.40
704.20
811.00
812.20
814.80
815.60
815.20
817.92
819.60
818.72
819.20
816.72
818.52
818.12
820.80
820.52
820.60
821.32
820.00
713.72
709.00
706.52
696.52
736.52
684.12
727.72
695.60
699.12
786.00
796.52
799.20
800.40
800.40
802.60
801.32
802.32
803.20
806.40
805.32
804.40
805.72
804.00
804.52
803.72
803.52
805.00
700.12
696.60
697.80
694.60
700.72
686.60
661.52
687.12
666.12
792.00
790.00
799.00
799.00
801.00
801.32
800.00
801.20
802.80
800.40
799.32
801.32
801.20
799.52
799.92
800.92
801.92
723.40
716.80
715.20
715.80
714.12
686.60
662.20
714.00
681.40
713.92
799.72
799.52
799.40
801.00
801.20
800.32
817.52
823.60
823.00
823.80
824.72
823.80
826.20
825.20
824.32
824.00
824.20
718.32
715.40
713.60
712.52
678.52
712.40
718.52
701.40
765.72
819.00
821.60
822.20
822.32
825.32
823.52
825.20
824.20
824.60
825.32
824.60
714.80
713.92
715.40
714.60
711.92
695.12
712.72
681.60
660.92
793.72
801.20
800.40
800.12
799.92
800.72
800.72
799.92
800.92
802.00
800.92
799.72
801.60
800.92
801.20
799.40
800.92
730.12
714.52
716.40
714.80
714.52
728.52
706.00
677.72
770.32
668.32
693.40
822.52
822.20
823.60
825.32
824.60
825.12
824.60
823.80
826.72
825.72
823.92
823.40
823.80
825.52
823.72
825.92
719.00
714.60
713.32
710.72
712.52
669.32
682.72
710.52
727.80
760.12
821.32
823.60
823.72
825.72
824.20
824.00
817.40
819.60
819.60
818.72
821.12
820.00
819.00
820.40
821.40
819.52
822.40
709.60
708.92
706.72
706.60
667.92
701.92
694.80
689.60
741.12
809.00
811.52
815.12
815.92
816.92
818.72
818.40
818.32
819.12
820.92
819.72
821.40
821.12
820.92
824.72
825.92
823.72
721.72
713.40
713.32
712.80
669.60
688.32
707.20
732.72
767.52
705.32
820.52
822.20
823.20
824.00
825.12
823.72
824.80
823.92
825.32
825.32
825.92
826.12
825.60
824.40
824.12
825.52
825.12
717.00
717.12
712.60
713.60
770.80
710.32
751.40
713.92
706.20
792.00
801.20
799.80
800.60
800.00
801.12
800.00
800.92
799.12
800.92
800.20
800.40
802.92
801.52
802.00
798.52
798.52
762.00
718.60
714.00
714.60
714.40
764.52
752.12
727.12
714.32
677.12
816.92
822.12
822.20
823.60
823.20
823.32
824.60
824.20
824.52
823.92
825.20
824.20
824.80
824.92
824.40
824.52
824.32
728.20
714.32
713.72
713.00
709.60
687.80
665.00
713.60
682.32
716.20
821.00
823.32
823.40
824.32
822.12
824.12
823.52
819.20
820.80
821.12
819.40
820.32
820.72
820.40
820.40
819.40
820.52
712.12
708.92
708.20
706.00
683.60
706.40
663.80
672.92
694.00
807.12
811.32
815.20
816.80
815.72
815.72
818.72
818.80
819.60
820.00
817.80
820.20
821.12
819.52
823.80
825.32
825.80
825.12
718.12
713.72
713.12
674.32
668.20
669.92
685.20
720.40
702.32
821.12
822.12
824.72
824.12
825.92
823.72
825.32
823.32
824.40
824.80
824.60
822.80
824.00
824.72
823.80
824.32
822.52
723.80
713.20
713.12
713.52
712.20
674.20
692.20
713.00
740.52
770.40
799.60
801.12
801.60
800.92
801.00
801.92
800.92
800.32
799.20
801.20
800.52
800.72
800.52
799.92
800.72
799.60
799.60
717.72
716.12
714.00
713.52
740.20
769.12
764.72
710.00
727.92
683.92
822.12
823.80
824.80
823.12
823.92
823.52
823.00
824.32
824.32
825.32
823.52
825.52
825.40
825.12
825.60
824.52
748.20
713.72
712.92
712.12
706.72
735.80
712.60
717.20
664.60
709.60
820.52
823.20
823.52
823.92
821.72
823.92
823.60
818.92
820.00
820.20
820.40
820.92
820.92
820.20
820.20
819.60
819.52
711.72
707.20
705.00
708.00
731.92
702.60
677.00
658.60
665.00
805.60
810.60
814.00
815.20
816.20
816.20
817.72
818.40
819.32
818.72
818.80
819.40
820.00
819.92
824.92
824.12
824.00
824.32
716.40
714.20
711.32
707.12
704.72
676.92
665.12
708.40
688.60
821.32
823.00
823.00
822.92
823.80
824.00
824.40
823.32
824.12
823.20
824.72
825.00
823.80
824.92
824.00
825.12
822.92
727.40
713.72
714.32
711.80
708.32
669.12
663.60
715.20
696.32
727.52
798.52
800.52
800.32
799.20
798.52
799.72
801.12
800.40
800.80
802.52
719.52
716.20
714.52
712.72
728.00
675.80
708.52
760.60
714.72
701.52
800.52
799.72
802.80
799.00
797.12
800.60
800.52
812.00
824.12
824.12
825.40
824.32
825.92
823.52
824.00
825.00
824.12
716.32
715.12
713.12
710.60
760.92
706.52
757.32
712.72
719.32
811.12
821.72
822.72
821.92
824.52
824.40
825.20
823.92
823.60
825.32
826.00
825.52
825.12
823.92
824.20
824.20
824.20
790.40
715.60
712.92
712.72
710.20
766.32
760.32
739.12
723.40
691.80
819.72
822.60
823.72
823.52
823.80
825.32
824.52
825.00
825.20
825.52
825.40
825.32
825.92
824.60
825.20
824.20
825.20
719.52
714.52
713.40
711.72
705.92
758.60
739.20
727.52
690.92
707.72
821.12
822.52
823.60
823.40
824.32
824.80
824.72
823.52
824.40
824.72
824.40
824.12
824.80
825.60
824.60
824.72
824.60
717.72
715.20
712.92
711.40
695.20
710.72
667.72
676.00
696.32
817.32
811.00
815.20
817.40
816.72
820.00
818.72
818.00
817.72
819.52
821.00
819.72
819.52
820.40
820.20
818.80
820.32
716.80
708.32
706.72
708.12
669.52
685.80
706.32
728.92
761.32
695.60
810.52
813.32
815.00
816.00
816.12
818.00
818.00
811.52
805.60
804.52
802.72
805.20
805.52
804.00
802.92
803.52
802.80
698.12
699.12
697.52
695.80
693.12
683.92
713.92
691.92
723.80
762.80
795.60
797.80
797.92
801.32
801.60
802.52
803.20
801.60
802.60
803.00
803.92
802.60
803.92
804.20
803.52
805.32
799.72
716.52
715.72
714.00
713.32
728.80
758.12
767.40
708.60
736.60
797.80
800.20
800.92
799.40
799.12
799.32
800.20
799.52
800.92
799.60
801.52
802.32
802.40
798.32
799.60
801.80
799.72
718.40
714.60
712.80
715.20
709.80
744.20
723.00
720.00
672.12
710.00
821.32
824.32
823.20
822.40
824.92
823.72
823.60
824.12
823.72
825.52
825.20
824.92
824.20
822.92
824.20
825.32
824.32
717.72
715.60
712.32
710.80
674.80
711.12
673.72
690.72
714.52
817.00
799.32
800.20
799.20
799.32
802.52
799.20
801.40
799.80
800.92
800.12
799.80
800.80
799.60
800.72
797.60
799.72
801.80
716.72
711.72
715.12
663.52
663.92
679.80
698.20
732.80
707.92
798.40
797.92
801.12
800.32
800.20
801.00
800.32
800.80
822.12
823.60
824.12
824.52
824.92
825.80
824.80
824.72
823.52
718.12
715.20
714.40
711.92
727.52
703.92
764.12
710.40
749.80
805.20
821.20
822.80
822.12
823.00
824.72
824.00
825.12
824.00
825.40
823.40
824.20
824.92
825.40
825.32
824.92
820.40
819.92
711.40
708.72
708.52
705.40
729.32
760.32
745.40
696.72
714.92
810.60
812.12
814.80
816.00
816.20
816.72
819.12
819.40
819.12
818.40
818.60
820.72
819.40
820.60
820.40
820.00
821.00
742.52
709.32
709.52
708.12
699.80
728.20
703.80
715.52
663.92
707.80
821.00
824.32
824.60
823.32
823.32
824.20
825.32
823.80
822.60
823.32
824.52
825.60
825.40
825.60
825.12
825.80
825.52
716.92
715.60
714.52
711.52
726.80
711.00
671.72
660.12
672.92
817.52
809.52
802.00
800.80
801.12
801.40
801.12
800.92
801.12
799.40
800.40
801.20
801.72
801.52
801.80
801.00
800.60
800.32
717.20
714.52
715.12
705.20
689.72
665.20
663.72
711.60
698.32
799.40
799.60
799.92
800.20
801.72
799.60
799.92
800.80
800.20
824.20
770.00
713.60
712.00
712.40
712.12
672.12
748.60
696.60
719.80
766.12
820.92
820.92
822.72
823.80
826.00
825.92
824.92
825.52
824.92
824.20
823.92
823.32
824.20
825.72
824.72
826.00
825.60
718.60
713.60
711.92
712.00
708.60
732.12
713.40
714.80
666.80
702.00
810.20
813.92
815.80
816.40
816.60
818.32
818.40
819.12
819.40
817.40
818.12
821.00
820.52
818.60
818.80
821.12
821.00
709.00
708.00
708.32
703.20
737.52
701.12
684.72
657.80
662.60
805.40
811.60
821.80
825.60
821.92
824.52
823.80
824.20
825.12
823.40
824.00
825.12
825.20
822.92
825.12
825.60
825.60
724.40
714.80
714.00
712.72
663.20
666.60
679.72
696.60
732.60
701.92
821.32
823.60
823.32
823.52
823.80
824.52
824.40
824.20
800.92
800.60
801.00
799.72
801.40
800.80
801.20
799.32
799.40
717.60
714.92
714.72
714.72
713.80
683.52
707.12
714.12
758.12
780.80
801.12
798.92
800.32
797.72
799.92
802.12
799.72
800.72
799.80
800.40
800.72
801.20
802.00
800.92
800.40
794.52
816.12
714.12
711.60
712.00
711.00
751.52
771.12
758.00
707.12
720.52
820.60
821.72
823.00
823.12
825.72
824.52
824.00
824.12
822.80
827.00
825.32
825.60
825.00
824.72
825.32
823.80
825.40
717.80
714.00
714.00
711.12
708.12
713.32
690.32
708.32
662.52
700.72
810.92
812.80
814.72
814.92
818.40
817.20
818.32
817.40
818.80
818.52
820.12
818.60
819.12
819.92
819.60
820.60
821.72
712.12
709.12
703.40
704.52
714.92
701.60
665.00
658.52
670.20
807.12
809.72
822.52
823.92
823.60
825.20
825.40
824.40
824.80
824.12
825.00
824.60
822.20
824.20
825.60
826.12
824.72
722.60
715.40
713.52
712.40
663.20
678.12
697.32
717.60
752.20
703.72
820.92
824.20
823.92
823.80
823.72
824.20
824.12
825.40
803.40
799.92
799.40
800.20
799.92
800.60
800.60
800.40
800.60
719.92
714.20
714.80
714.80
713.40
698.32
729.40
714.12
766.32
786.60
799.00
801.80
800.52
799.80
800.52
798.92
799.60
800.52
800.20
799.52
801.80
800.80
801.40
799.80
800.40
817.40
796.92
714.12
711.20
713.20
710.60
765.92
762.52
743.12
706.60
698.60
820.52
822.80
824.72
824.52
826.40
824.20
823.72
823.40
824.92
826.20
825.32
825.00
825.40
824.20
824.92
824.60
825.80
777.60
716.40
713.80
711.12
703.60
760.32
741.92
728.40
695.40
709.60
820.20
822.12
823.72
823.72
823.20
822.80
825.00
824.20
824.20
824.12
826.12
824.60
824.20
823.60
824.00
823.72
825.80
716.80
715.60
712.20
710.52
697.60
709.60
662.80
674.40
695.80
819.40
820.92
821.72
823.00
821.80
822.80
823.80
823.92
823.52
826.12
824.60
826.32
823.52
823.00
823.52
823.60
823.80
823.92
716.32
713.20
712.92
683.32
668.60
667.60
679.92
712.32
699.00
820.00
822.60
822.12
822.80
824.12
824.00
824.60
825.12
823.60
821.00
820.32
820.32
820.12
819.92
820.12
820.40
820.00
712.40
709.72
708.32
702.60
711.40
691.20
731.92
702.20
743.80
787.92
811.40
813.32
815.12
815.00
816.40
817.92
818.80
818.20
819.92
817.92
821.00
821.40
820.00
820.12
820.32
806.12
805.52
700.12
700.12
6