Measuring voltage and current with INA219 ...
797.80
800.92
801.92
800.92
701.40
699.52
690.20
696.72
676.40
708.60
716.92
662.40
722.52
772.12
796.12
795.12
797.00
774.40
798.52
799.20
800.00
800.20
790.20
795.92
794.92
795.32
795.32
792.80
794.52
794.12
772.40
695.80
695.92
683.40
668.20
733.52
725.72
712.72
690.00
655.00
787.60
787.40
789.92
791.80
787.80
787.40
794.32
793.60
793.60
792.80
792.80
794.60
796.52
793.80
796.12
795.12
774.60
697.92
693.92
692.52
694.12
705.40
691.40
701.92
677.00
668.20
692.92
755.00
770.80
769.60
770.52
769.92
763.12
764.60
770.40
771.20
770.60
769.60
757.52
771.72
770.00
771.52
769.80
760.80
678.00
694.12
693.92
696.12
724.20
697.52
692.00
671.12
652.32
786.12
789.72
780.40
794.00
794.72
794.92
794.32
782.80
793.72
793.60
794.80
702.60
700.80
684.52
698.52
681.60
751.60
749.72
672.72
700.80
792.72
794.40
796.20
794.20
784.20
798.80
794.92
795.52
796.52
759.32
759.00
775.52
775.80
775.92
773.40
753.60
774.12
700.52
697.80
698.72
692.60
684.00
744.80
692.32
725.00
683.92
692.00
773.40
772.92
773.40
772.72
772.32
759.60
773.40
772.20
771.32
771.20
743.60
771.12
771.12
772.40
772.00
789.32
786.32
705.60
701.40
698.12
699.72
753.32
695.72
736.40
696.00
694.20
785.60
779.40
795.52
794.60
795.20
796.80
783.80
776.00
798.00
797.20
798.40
797.40
771.72
798.80
796.32
797.92
797.92
716.40
695.52
702.52
702.00
698.72
697.12
677.52
655.60
698.80
676.20
795.32
786.80
774.60
801.80
799.32
799.80
802.12
770.40
802.00
802.80
800.52
803.12
797.20
795.72
800.40
802.80
803.80
714.40
690.80
691.12
700.72
699.20
672.20
657.60
684.92
674.20
702.40
796.12
799.12
768.60
784.52
797.32
796.12
796.72
795.32
783.52
798.72
798.52
795.40
796.12
785.40
790.52
795.80
797.92
705.12
703.20
680.92
700.00
667.92
701.12
664.92
673.32
685.80
792.20
795.40
795.60
794.80
791.32
796.72
797.12
794.60
796.52
796.32
690.92
802.32
802.80
802.20
802.40
769.92
802.00
803.12
703.52
702.20
700.60
652.12
693.00
713.32
738.12
748.00
687.52
795.20
797.52
797.80
801.00
797.60
799.60
802.60
801.32
801.60
802.60
790.60
783.32
804.32
800.80
803.52
804.32
758.40
702.40
700.72
698.92
699.00
699.20
681.72
734.20
696.40
727.12
771.00
788.72
792.00
792.92
793.92
795.20
795.00
782.32
796.60
796.00
797.80
797.52
753.52
797.12
798.00
796.00
796.52
795.72
673.40
698.52
699.72
696.12
711.32
737.52
731.92
690.52
704.92
769.92
772.12
760.80
772.12
772.12
771.80
772.40
762.40
755.12
773.92
773.20
773.00
772.32
750.00
773.32
773.80
772.32
762.72
694.52
683.32
694.80
689.12
744.40
688.00
704.60
684.32
693.32
772.12
772.52
781.32
769.80
795.40
796.32
796.32
796.80
770.12
797.32
796.72
795.20
795.52
795.20
788.00
795.92
796.80
706.32
702.20
689.32
684.00
756.12
697.52
734.60
697.60
674.20
786.72
794.52
794.20
795.52
790.52
784.72
796.20
795.52
795.20
791.40
780.40
772.72
772.20
772.12
772.32
739.60
753.32
772.40
694.92
696.20
695.00
637.32
682.40
658.52
645.60
693.20
656.40
754.40
772.52
771.92
772.00
774.20
762.20
772.32
773.52
772.52
772.72
772.60
753.92
773.12
772.72
773.40
772.20
768.32
696.20
703.20
702.12
700.80
698.00
641.32
652.52
700.80
681.00
711.60
783.00
794.20
795.72
795.52
796.00
788.52
794.12
794.72
794.92
795.72
795.52
768.80
772.20
795.20
797.40
796.20
795.12
665.72
699.80
700.40
699.32
678.32
699.00
711.40
690.92
744.80
796.00
793.60
777.92
792.00
800.32
800.20
802.32
801.92
784.32
803.00
802.12
801.32
804.00
764.80
803.52
802.00
803.40
802.12
701.80
687.12
702.40
675.12
696.72
719.72
727.00
741.00
695.72
796.72
797.72
795.60
773.40
794.52
794.80
796.60
795.72
780.60
779.32
795.20
795.40
797.20
797.80
785.40
797.92
795.52
706.80
702.32
699.40
688.40
711.92
694.20
753.52
697.12
714.72
781.72
795.92
794.12
795.00
794.60
773.20
795.20
797.20
796.52
796.32
748.92
703.32
701.60
701.52
700.32
709.80
710.52
667.92
744.12
696.40
695.20
778.32
781.32
799.72
803.92
799.52
800.00
783.80
802.00
804.20
802.40
803.52
795.92
796.60
804.12
803.52
803.80
801.60
695.12
701.32
698.92
654.12
663.60
695.52
673.80
685.40
731.00
788.00
792.80
756.00
791.72
796.52
794.12
794.32
788.52
770.20
796.20
796.20
796.20
797.32
791.60
795.40
795.72
796.80
704.00
698.20
686.12
697.00
658.92
672.80
689.40
691.20
717.32
687.20
790.60
793.32
792.00
765.20
794.80
772.80
773.20
772.32
771.00
762.60
773.12
772.20
773.20
769.80
770.32
772.72
771.60
695.92
694.72
681.72
669.60
691.60
687.12
697.20
695.20
713.20
760.72
771.12
773.40
772.60
768.60
763.60
771.32
773.20
773.32
774.20
759.40
783.72
797.32
795.12
796.32
796.00
775.60
767.12
702.12
700.40
700.12
693.80
738.32
745.12
724.52
698.12
674.80
784.92
795.80
795.72
795.80
795.72
782.60
788.52
795.52
795.32
796.40
798.72
768.20
794.40
796.40
796.60
797.32
767.12
686.60
697.00
697.12
695.40
690.12
725.20
709.40
700.00
665.12
694.32
771.52
754.80
772.00
772.20
773.52
772.52
749.92
761.00
772.32
772.20
773.00
772.12
749.32
772.52
771.32
772.60
772.72
689.40
693.00
695.52
696.52
729.32
690.60
698.72
667.72
653.92
786.92
795.20
778.92
772.92
795.20
796.60
796.00
797.00
759.60
795.40
795.32
795.20
796.20
795.00
791.92
796.80
796.92
712.40
698.32
700.40
696.40
674.32
656.80
659.80
671.12
682.72
690.32
792.72
795.72
797.60
746.12
800.40
800.32
801.40
802.60
801.80
776.72
802.72
803.40
802.52
804.72
795.32
798.52
804.72
704.52
701.52
700.20
690.72
700.32
658.60
668.80
701.52
695.72
721.72
797.60
798.32
798.20
801.52
773.92
802.40
800.20
799.72
802.60
800.40
782.40
795.92
798.72
796.80
794.72
790.80
795.60
702.60
701.80
701.40
699.72
690.80
741.60
752.60
693.40
730.40
767.92
795.12
793.92
794.52
795.00
792.40
790.92
795.32
795.72
795.60
797.52
780.12
779.12
797.52
795.92
796.92
797.52
678.00
696.40
694.92
694.52
688.40
724.72
732.92
736.52
719.32
691.92
769.80
758.60
773.52
772.12
773.00
771.92
773.32
766.80
772.20
773.12
773.12
771.40
737.40
772.52
773.12
771.60
773.32
687.52
684.80
696.52
693.92
734.12
690.40
742.92
699.12
706.40
785.40
794.60
794.92
778.72
796.20
795.80
795.40
796.80
777.92
770.20
796.80
796.20
798.00
794.32
764.12
794.60
796.12
770.52
701.40
697.80
691.80
699.32
754.32
747.00
728.60
697.40
682.32
792.80
794.32
795.32
779.80
775.20
801.72
802.32
801.80
802.52
769.52
803.40
803.72
801.12
803.12
797.20
795.80
802.72
705.40
702.60
701.52
691.40
692.52
690.32
667.00
704.12
663.80
677.52
797.92
798.40
799.40
800.72
766.80
784.40
803.52
801.92
802.40
803.00
768.32
796.40
796.80
797.32
798.52
784.00
792.92
702.92
702.72
701.32
698.72
669.92
700.00
652.72
665.40
682.80
782.52
776.32
796.32
796.92
795.32
795.32
785.12
795.92
795.72
794.72
796.12
796.92
780.12
795.60
796.32
795.52
795.12
693.52
697.00
697.60
695.92
672.72
651.92
625.72
661.80
693.80
685.12
771.60
758.92
772.92
772.92
771.60
773.20
771.40
770.12
773.52
772.20
768.20
695.80
684.20
677.92
715.12
653.20
693.60
730.72
685.00
701.40
770.72
772.92
772.52
780.12
789.80
797.40
795.00
795.00
795.00
786.80
794.72
797.60
795.92
796.52
794.00
783.32
796.60
704.72
701.40
701.12
668.12
730.52
698.80
680.52
703.20
652.72
667.52
793.92
793.92
794.60
794.52
791.60
795.92
795.72
795.52
795.72
796.32
788.12
802.40
801.60
802.60
803.00
792.32
780.32
703.32
702.40
701.20
698.80
669.20
683.20
658.80
653.52
663.32
791.00
784.80
798.12
798.80
802.52
801.80
800.40
802.20
802.92
803.00
803.20
801.32
780.12
803.60
802.72
804.52
803.72
684.12
702.60
701.72
699.92
699.12
673.60
647.12
654.20
697.80
682.00
793.80
784.12
784.92
796.32
795.52
796.00
796.32
780.80
796.32
796.12
797.52
796.32
791.00
785.52
795.80
797.32
798.20
705.00
683.12
701.40
698.60
680.60
700.32
646.52
684.40
677.60
710.32
796.52
799.00
766.72
800.32
799.72
800.12
802.20
798.40
789.92
802.80
802.40
801.80
802.92
801.20
801.80
804.12
803.92
705.52
700.80
684.60
674.92
658.60
657.40
664.60
667.92
679.60
793.80
797.60
799.40
800.72
763.20
796.92
796.32
797.52
795.92
794.00
791.32
796.92
798.92
797.80
797.20
796.32
796.80
705.80
699.12
698.32
688.72
677.12
658.60
667.72
675.12
705.80
658.60
791.00
792.52
791.80
793.92
790.00
788.80
795.92
796.80
797.12
796.80
787.92
793.32
773.92
773.32
773.00
773.00
758.00
698.00
695.60
693.52
695.12
622.00
694.20
708.92
696.32
728.12
747.80
750.40
772.72
771.32
772.00
772.32
766.60
771.20
773.00
773.00
772.80
772.20
759.80
772.60
772.20
771.52
772.12
780.80
682.72
702.20
700.72
657.00
670.72
677.60
704.52
691.60
750.00
792.12
792.12
785.52
794.92
795.92
798.00
796.00
785.20
796.12
795.60
797.40
796.40
795.80
772.32
798.32
795.20
796.00
708.72
678.52
701.40
699.92
697.80
686.60
707.32
712.52
746.92
689.40
769.72
772.12
759.92
759.60
772.32
772.00
773.52
773.00
749.52
773.00
772.52
771.32
772.80
769.52
7