Measuring voltage and current with INA219 ...
699.60
696.52
680.32
693.20
691.32
668.52
652.80
692.40
642.52
690.12
746.80
746.60
742.80
720.72
747.80
747.12
746.40
746.12
746.00
727.60
746.72
745.00
745.20
746.20
723.52
744.40
746.72
682.52
679.12
677.40
673.12
638.40
677.60
652.00
665.80
657.12
718.52
745.52
746.60
746.60
769.92
723.40
771.60
769.72
771.80
770.60
753.52
757.32
770.40
770.92
771.72
766.20
760.20
699.00
693.40
690.92
691.00
642.92
628.80
665.12
684.12
712.40
686.32
728.12
770.40
771.32
769.60
770.12
771.20
731.00
772.00
771.12
770.40
749.12
729.92
744.32
747.00
746.80
746.72
746.00
686.32
681.00
681.12
679.00
679.20
638.92
653.60
678.52
721.72
732.32
746.32
721.40
747.00
746.00
747.40
746.32
733.40
733.12
746.32
745.80
745.20
743.40
748.12
746.20
745.40
746.20
746.32
691.92
663.32
690.40
690.32
679.00
706.52
680.92
684.80
731.12
768.80
770.80
753.60
757.32
770.40
770.20
769.20
770.92
744.20
763.80
770.40
769.52
770.20
769.72
745.60
770.20
770.52
735.20
693.20
667.60
663.60
685.72
729.12
710.32
710.52
651.60
693.12
789.60
791.92
790.20
785.52
772.52
792.00
793.60
794.40
786.32
774.80
793.00
794.80
792.12
792.12
769.80
768.00
793.52
698.80
695.80
695.60
659.20
736.00
691.52
692.80
663.12
642.40
764.92
789.20
791.00
789.72
769.52
739.32
749.52
770.12
769.92
769.32
770.12
751.20
771.32
769.92
770.60
769.32
748.72
751.32
693.92
691.92
690.72
654.92
632.72
653.20
668.60
698.32
685.00
735.52
756.12
770.60
769.60
770.40
769.72
724.72
773.12
770.20
771.32
787.12
771.20
771.92
793.52
792.60
793.20
793.80
690.20
696.40
695.12
694.80
693.80
659.80
656.52
693.12
720.80
747.12
788.12
762.00
763.80
792.72
792.92
793.32
792.52
771.92
793.60
793.20
792.72
794.00
771.80
792.60
794.80
794.60
793.40
695.80
692.00
695.40
693.72
665.32
695.80
669.20
662.60
735.12
785.92
787.12
788.32
744.12
790.52
793.00
791.92
792.92
772.72
777.20
792.20
791.92
793.52
788.20
774.60
787.92
793.20
774.32
698.00
697.00
670.32
683.92
736.52
730.52
717.72
653.40
691.92
745.52
745.60
746.52
746.12
733.20
746.00
744.92
745.52
746.72
732.20
745.92
746.12
748.32
745.72
744.00
742.12
746.60
681.52
679.00
679.80
651.60
693.32
677.52
685.20
663.92
646.32
642.32
745.52
747.92
745.92
745.20
731.32
731.52
770.00
769.60
769.40
765.20
692.80
690.72
690.60
689.00
646.00
723.00
661.80
692.12
694.92
743.72
769.72
726.52
770.20
770.12
770.72
770.72
769.32
759.32
770.00
769.52
770.12
770.12
744.72
761.60
769.32
770.12
769.72
680.72
655.60
680.92
681.72
657.80
684.32
671.80
657.72
721.52
745.12
747.00
745.72
728.52
746.80
745.80
747.32
747.52
741.52
727.52
746.12
745.20
744.92
742.60
730.40
745.72
746.40
683.60
680.72
678.52
659.92
675.92
718.32
707.40
705.40
658.72
688.20
770.92
769.72
769.40
764.32
750.12
770.12
770.60
769.00
770.52
738.80
751.32
770.80
770.52
770.60
769.80
753.52
769.72
690.32
691.92
691.00
674.40
717.32
689.32
700.00
673.92
651.92
750.00
769.52
771.12
770.00
769.80
769.80
770.00
793.20
793.72
794.32
792.40
748.40
792.72
796.00
791.52
793.12
774.00
691.80
698.52
697.40
694.52
676.00
650.72
652.52
661.92
693.52
683.40
787.40
768.00
791.32
793.40
791.92
794.12
762.32
763.60
792.20
792.52
793.20
770.40
741.60
770.60
770.12
770.40
771.20
686.92
679.72
690.72
691.40
688.72
644.52
659.32
690.52
703.72
731.72
769.20
738.40
745.52
770.40
768.92
770.20
770.80
728.00
771.20
770.72
770.60
770.52
755.92
759.40
771.00
770.00
770.20
697.20
677.60
692.20
695.60
709.00
739.60
742.60
668.20
718.40
787.40
789.00
791.40
769.20
765.40
794.00
794.52
793.12
793.32
774.72
793.72
795.20
792.92
792.60
779.20
790.60
794.80
785.20
698.20
693.32
686.40
685.80
741.20
742.40
616.92
684.72
661.52
787.60
787.12
788.12
790.52
749.20
791.32
792.52
792.20
792.80
779.72
773.52
794.12
793.20
793.20
788.20
762.32
785.52
703.20
694.52
696.32
693.52
721.12
687.60
720.00
685.92
680.72
733.20
786.20
789.72
789.80
790.72
790.80
774.20
746.20
745.72
745.72
745.32
719.20
737.52
747.72
746.20
745.32
744.80
715.52
681.60
680.12
679.20
680.60
683.80
669.60
667.92
711.00
633.72
743.80
728.60
746.32
746.32
746.52
746.32
744.52
726.20
745.00
745.32
744.72
767.72
751.92
769.52
769.72
772.12
771.12
698.60
676.00
690.20
690.60
689.80
644.52
627.40
690.72
690.60
717.72
769.20
766.92
761.60
770.12
769.52
770.20
769.40
737.72
747.92
770.72
771.20
771.12
770.52
742.60
770.20
769.80
769.80
691.20
667.12
667.20
681.32
685.60
710.12
717.52
663.80
700.40
744.52
746.80
746.40
744.92
726.32
747.32
747.60
745.40
745.92
697.12
745.00
745.72
746.80
745.12
745.12
716.00
746.72
744.32
680.60
682.20
671.80
672.12
713.40
723.92
708.72
710.60
664.32
768.60
769.32
769.80
771.40
744.20
748.00
771.00
770.52
771.92
771.00
742.12
770.72
769.80
771.32
769.92
760.20
759.12
694.00
690.12
691.72
682.80
704.40
689.32
663.00
641.12
650.80
688.40
746.40
770.32
769.92
770.60
771.00
740.32
793.20
793.60
791.72
793.00
778.12
788.20
793.72
793.00
793.60
794.12
775.32
692.52
697.20
695.00
693.00
688.92
656.32
651.80
692.60
668.40
787.00
766.80
767.52
793.80
794.20
792.12
794.32
759.12
793.00
793.12
793.92
774.32
764.72
752.12
771.80
771.12
772.32
694.72
678.92
691.80
692.20
690.72
645.00
625.52
672.92
689.72
682.20
770.20
771.20
734.20
770.92
771.80
770.12
770.60
762.72
754.80
771.32
696.00
692.12
691.80
665.92
697.92
648.32
647.52
722.72
679.32
662.92
790.52
791.32
791.32
793.80
773.40
774.20
792.80
795.72
792.40
784.60
779.72
795.52
793.80
793.60
794.20
770.80
784.92
701.20
697.80
695.32
694.12
704.00
691.40
724.52
686.60
680.72
764.92
772.92
791.40
792.12
792.72
754.52
789.00
792.80
791.20
791.72
791.40
793.12
779.12
794.12
792.00
791.92
792.52
721.32
678.80
695.72
694.80
695.00
730.20
690.32
695.12
693.20
651.60
786.20
775.12
789.20
790.72
790.92
791.12
790.40
788.00
792.60
792.12
790.40
794.12
781.32
729.32
747.20
747.12
746.60
690.40
647.12
680.00
680.32
676.72
680.52
698.60
680.32
677.00
676.60
745.12
742.40
738.12
745.92
745.72
744.92
746.12
746.00
733.60
746.40
745.72
747.12
747.00
713.60
746.32
746.20
745.92
682.72
691.20
664.80
688.20
646.00
689.60
678.52
680.32
721.12
769.00
768.92
770.20
771.32
769.92
770.20
770.52
769.72
770.60
762.12
751.40
770.20
770.00
770.32
770.80
743.60
769.52
771.12
691.52
692.52
688.80
644.72
666.60
687.32
708.40
722.12
677.00
746.72
745.92
745.40
745.52
746.12
730.80
747.32
745.40
746.92
746.20
713.92
745.72
746.32
747.40
746.32
746.80
722.00
682.12
680.12
679.20
680.52
671.80
670.60
706.32
679.52
715.80
735.52
730.20
747.12
745.52
745.32
746.80
763.20
752.60
769.92
770.92
771.80
771.72
741.80
770.92
770.80
770.72
770.52
769.72
687.20
691.52
693.20
689.12
704.72
722.72
737.20
685.92
709.32
768.92
770.52
749.12
771.32
770.20
769.32
770.40
744.92
771.80
771.60
771.00
770.60
767.80
760.20
770.60
770.72
771.00
762.52
681.60
678.92
692.32
685.40
737.12
688.72
706.32
678.72
687.52
769.00
770.92
767.32
759.20
770.60
770.60
771.52
771.80
756.52
771.60
770.20
770.72
772.00
772.40
757.40
770.92
771.52
693.32
692.32
659.92
690.80
699.72
689.72
655.32
639.00
639.52
688.12
770.00
769.72
771.32
768.20
769.92
770.20
770.72
770.92
770.52
757.60
770.72
770.32
770.60
769.80
762.32
752.60
769.32
694.20
691.20
690.80
656.40
669.80
647.20
648.12
689.40
663.60
777.52
791.12
792.52
792.92
791.00
791.60
794.00
792.40
794.00
792.12
781.00
786.00
793.20
794.12
796.52
794.72
764.00
703.32
695.12
696.40
695.00
690.20
675.72
710.20
693.12
741.52
690.72
786.72
791.12
793.12
792.32
793.60
790.52
776.80
793.12
793.60
793.80
793.20
763.52
774.32
793.32
794.00
792.60
794.00
667.52
696.52
695.12
694.00
693.52
722.20
733.20
686.00
727.60
769.92
785.80
788.20
790.32
791.12
791.20
793.80
779.52
769.32
792.52
793.20
793.20
794.12
768.00
748.52
746.92
745.92
745.40
679.32
674.32
679.52
673.12
715.92
677.40
709.12
670.20
680.60
746.92
746.00
745.80
731.80
746.00
746.12
746.12
746.52
718.12
746.40
745.12
748.60
746.40
746.40
723.12
744.92
746.60
681.52
684.00
682.72
684.32
706.20
687.92
662.00
693.20
634.72
687.00
769.52
769.32
770.12
763.92
751.32
770.52
771.00
771.12
770.80
749.92
770.72
770.52
770.60
770.80
768.32
759.92
771.12
693.00
692.52
690.40
681.20
676.52
653.72
645.40
651.20
669.52
741.92
744.92
744.60
745.00
745.40
723.60
745.40
745.80
747.12
746.12
744.60
668.52
680.72
680.80
680.32
662.60
703.52
619.80
676.92
676.60
744.80
746.32
723.00
747.32
745.40
746.32
745.32
740.40
735.72
747.52
746.20
745.72
767.52
746.72
770.40
768.80
769.40
763.12
691.72
679.40
690.40
683.52
736.92
733.80
690.12
701.52
688.60
770.00
770.20
768.80
733.00
769.60
770.60
770.40
770.20
768.72
770.92
771.80
771.00
769.72
771.00
755.52
770.92
771.20
692.52
691.92
682.20
674.32
707.92
693.52
658.20
649.00
632.52
784.92
791.00
793.52
792.12
788.60
788.80
793.00
794.40
794.12
792.52
789.92
794.92
792.32
792.80
793.72
780.60
777.52
795.32
698.40
695.52
695.92
655.52
673.72
655.72
655.20
691.60
678.92
763.12
769.92
771.20
769.80
771.32
765.32
769.80
771.00
769.12
769.72
770.40
757.12
770.72
771.00
770.80
769.92
759.60
678.92
691.92
691.92
691.32
691.72
642.32
711.52
690.20
736.00
756.20
767.12
759.00
772.32
771.40
770.80
781.12
791.12
793.12
793.12
792.92
793.20
780.60
769.60
792.92
793.80
792.60
794.12
667.12
697.20
697.12
694.92
703.12
7