Measuring voltage and current with INA219 ...
692.72
740.12
689.12
671.20
670.80
659.00
778.00
751.12
776.52
770.92
787.20
788.20
789.00
788.40
753.00
773.12
789.92
789.60
788.92
789.12
771.20
790.52
789.20
704.40
690.92
661.20
684.20
674.00
660.32
649.80
654.92
681.32
675.72
782.72
782.52
784.72
751.32
772.52
788.40
788.52
788.32
789.52
756.52
750.40
745.40
742.32
743.40
726.12
729.60
743.80
680.72
677.72
677.72
668.60
675.60
638.80
705.72
678.00
691.00
694.12
742.60
741.60
743.12
743.52
706.60
713.40
744.32
744.40
745.00
742.60
720.92
743.72
742.60
743.40
744.80
754.60
766.52
688.20
689.80
688.52
687.52
696.32
722.40
733.52
683.00
711.12
732.92
735.92
767.20
770.00
766.92
767.52
727.00
767.92
765.80
766.92
767.20
756.32
750.32
768.12
767.52
767.20
767.52
691.20
678.12
689.00
689.60
679.40
711.00
701.92
707.60
690.92
675.12
743.52
695.60
742.60
743.60
742.72
744.00
741.60
731.32
743.20
741.80
742.52
745.00
712.20
734.72
744.92
744.32
744.52
681.12
641.92
678.20
679.00
720.60
675.60
678.92
656.12
666.20
736.12
743.60
768.00
751.32
769.72
768.20
769.00
769.72
767.60
748.40
770.72
771.92
772.60
771.40
747.40
774.12
773.72
706.80
694.72
694.00
679.40
693.80
688.80
666.72
650.80
672.72
668.12
772.32
773.12
773.12
769.80
766.80
772.72
771.72
772.32
792.12
758.60
770.00
792.12
791.92
791.52
791.60
774.92
791.52
709.12
694.32
694.52
678.60
681.60
666.92
650.92
694.20
666.80
692.60
787.80
788.12
790.00
790.80
789.92
769.20
793.32
792.12
794.20
794.60
746.72
795.72
793.20
793.72
794.12
759.00
756.72
695.20
695.12
694.00
694.00
638.80
686.20
658.40
674.72
697.52
767.92
755.92
772.20
772.72
772.40
771.32
743.52
747.12
771.40
771.12
771.00
768.92
745.52
769.92
770.00
768.80
769.60
759.52
671.92
689.12
689.80
645.12
650.40
650.72
679.00
708.40
685.52
787.72
762.52
770.52
789.40
791.12
792.40
792.20
753.60
793.92
793.92
793.20
795.20
785.60
782.80
795.12
794.12
794.72
702.80
668.32
681.00
695.52
712.80
690.32
743.12
669.52
726.00
777.12
789.60
778.92
772.60
772.92
791.40
791.72
790.72
788.92
779.52
790.72
790.80
790.60
791.32
759.32
776.40
790.40
789.32
694.52
695.72
649.72
691.80
722.12
738.72
724.72
669.40
680.12
784.52
785.80
786.20
786.20
778.52
791.00
792.00
791.52
792.00
792.72
741.60
747.92
746.92
748.80
748.52
720.52
724.52
727.32
682.60
682.52
679.40
659.12
720.60
706.32
687.52
669.12
670.00
746.40
747.20
745.72
746.80
743.12
744.20
746.72
745.52
743.52
745.80
654.72
652.32
678.40
679.72
636.80
735.00
649.20
686.00
687.52
663.60
769.32
754.40
754.72
769.92
769.80
768.32
767.32
742.12
764.60
770.00
771.12
770.32
769.40
749.80
772.12
771.20
772.32
692.92
645.72
693.20
692.40
704.80
685.40
694.72
676.20
719.40
759.60
770.80
748.12
722.80
739.32
748.00
747.40
747.60
745.72
713.52
746.60
746.20
745.20
747.12
721.00
725.12
745.72
742.00
680.60
680.00
659.00
680.00
710.72
723.20
709.92
671.00
654.40
743.32
744.80
745.32
742.60
725.72
744.92
746.12
746.12
747.92
769.00
756.72
769.00
770.20
770.92
770.72
744.12
771.20
696.72
689.92
691.40
687.80
679.12
737.12
726.60
707.52
689.12
657.60
742.92
772.92
771.20
770.40
770.92
753.40
771.32
771.60
770.40
771.60
752.12
756.72
771.32
769.72
771.12
789.80
782.20
695.92
695.12
693.92
693.00
699.60
668.92
652.40
650.80
662.92
782.92
743.40
790.12
789.92
789.00
791.72
792.12
764.92
792.52
791.80
790.20
791.72
776.20
788.72
793.72
792.20
791.72
709.72
671.92
696.92
695.52
680.72
660.80
621.20
626.32
689.32
680.72
770.12
771.12
740.80
770.72
771.00
771.40
769.60
762.80
752.60
771.40
771.52
770.72
768.40
766.52
771.12
770.72
770.52
692.80
692.32
661.80
688.72
689.40
645.20
656.12
655.80
692.52
718.92
769.12
788.00
778.20
770.72
790.52
791.52
789.32
791.80
762.40
777.52
791.32
792.60
793.52
791.12
762.40
792.60
794.40
696.80
696.80
676.12
673.80
696.72
725.92
738.60
685.40
713.52
787.80
789.40
791.72
793.00
791.20
766.80
792.92
792.80
793.12
790.60
755.00
791.92
792.60
793.32
792.92
770.92
768.60
791.40
693.92
694.32
692.52
670.40
715.12
734.12
730.60
723.52
688.40
761.80
787.40
786.60
788.40
789.40
761.72
759.52
790.52
790.60
791.12
791.52
758.52
791.80
790.60
790.40
792.20
776.40
674.60
682.12
679.32
679.52
716.52
675.92
680.12
678.92
672.92
738.20
715.32
720.40
747.92
745.40
746.12
746.92
705.12
746.72
744.52
745.52
746.32
730.80
733.20
747.12
745.92
746.20
745.00
659.72
672.32
680.52
680.72
728.12
722.80
677.12
688.12
657.20
768.60
770.72
725.32
743.92
770.92
769.72
769.92
771.20
753.40
770.32
770.52
771.52
769.92
749.40
766.12
770.00
770.80
701.32
690.12
672.32
691.60
689.20
659.60
645.92
666.92
643.12
697.92
770.20
771.40
748.00
719.80
746.12
746.52
746.60
745.20
741.20
731.92
746.60
746.80
745.92
745.12
739.32
730.80
746.20
681.92
680.60
679.72
659.40
639.92
678.40
647.72
665.72
661.60
743.00
747.72
746.72
745.72
747.60
739.92
746.12
745.00
746.12
770.12
749.00
752.32
770.52
770.00
770.92
770.20
733.00
770.92
693.12
691.20
690.92
659.20
682.20
718.72
735.60
732.80
685.52
758.32
768.00
769.60
771.32
770.72
770.00
751.32
772.20
772.20
771.12
770.52
737.52
770.12
769.20
769.32
769.80
792.12
668.00
695.20
693.92
693.52
714.32
682.20
741.40
690.52
719.32
775.12
789.00
790.80
792.80
791.92
791.92
793.92
777.32
769.00
793.20
791.60
791.72
793.40
755.20
792.80
792.20
791.60
793.52
690.72
686.80
694.52
692.92
738.00
737.00
721.20
688.20
680.80
769.32
769.80
770.40
750.20
770.00
770.80
769.72
772.32
736.40
771.12
770.72
691.00
691.32
685.52
675.52
734.80
686.60
690.60
673.60
665.20
756.52
769.32
769.40
768.92
769.52
752.00
770.20
770.52
770.00
769.60
759.72
773.40
793.20
792.00
792.80
791.92
775.60
700.32
696.20
696.00
695.00
675.60
686.12
723.72
741.20
739.20
689.52
768.60
792.32
790.52
790.80
792.80
782.60
769.00
793.80
792.20
792.32
792.12
779.72
793.80
793.12
793.12
684.12
789.72
680.00
695.80
693.32
692.12
711.80
668.40
711.40
691.32
715.12
772.20
783.80
766.92
789.12
788.92
789.72
790.20
784.80
784.00
791.72
792.12
791.80
791.20
787.52
793.72
791.92
792.52
727.52
679.72
676.00
692.00
691.52
715.20
699.80
637.60
680.20
641.60
745.00
746.32
738.00
737.92
745.80
746.92
746.12
746.80
736.80
744.12
746.92
747.32
745.92
745.60
731.72
746.12
745.80
681.72
680.52
669.00
658.80
677.52
667.00
712.52
680.40
651.60
678.12
744.60
746.32
771.12
762.80
768.60
770.00
770.40
769.72
769.12
766.72
771.20
769.52
770.72
770.52
757.32
749.20
770.32
691.92
690.00
690.92
666.12
677.32
690.80
646.32
654.12
669.52
752.92
770.52
769.00
771.12
768.72
755.20
756.80
771.52
770.80
771.52
762.40
724.52
747.52
745.52
745.00
747.52
715.40
688.60
681.12
679.72
679.32
650.80
631.32
640.52
654.12
681.12
672.72
728.92
733.80
746.40
746.40
746.20
746.32
717.60
748.12
745.40
746.72
747.60
738.52
734.40
746.72
747.00
747.00
769.12
691.00
692.32
690.00
690.40
692.40
681.52
706.12
691.80
729.40
757.52
770.52
740.20
770.60
772.12
769.72
769.92
770.52
741.60
771.52
771.20
771.12
771.20
765.00
771.00
769.80
770.52
769.60
693.20
688.32
692.00
690.52
708.40
740.32
726.72
666.80
718.12
789.80
789.60
790.32
760.00
792.00
791.92
791.92
793.60
788.52
784.80
793.72
792.92
791.92
793.20
792.72
793.20
792.60
781.40
696.92
696.00
677.80
688.20
741.40
738.32
727.72
680.12
691.92
789.32
792.32
790.12
770.12
745.12
771.00
771.40
770.60
770.80
758.92
764.12
769.80
770.60
771.32
770.52
757.00
770.60
691.80
691.32
690.72
682.20
681.72
689.80
653.92
644.80
654.92
741.80
770.72
769.40
770.92
769.80
768.60
756.20
771.52
772.00
772.80
769.72
783.20
793.32
792.52
793.20
792.60
792.72
768.00
695.32
694.92
693.00
685.72
664.40
655.32
652.72
691.60
676.32
786.12
779.12
791.32
790.12
794.12
792.72
777.00
773.40
793.00
791.92
792.72
792.32
767.72
793.20
793.52
793.32
761.12
723.20
685.60
695.12
692.52
688.40
708.32
684.40
697.00
652.40
688.92
784.20
784.92
773.72
788.80
790.92
792.12
791.20
761.72
791.80
790.92
791.72
792.12
786.00
780.12
793.52
792.00
791.60
696.40
689.92
691.40
692.92
655.40
691.40
675.12
657.32
702.60
743.92
746.72
745.80
733.60
724.92
745.72
746.60
746.72
747.80
712.12
746.72
746.80
746.92
745.60
741.80
736.72
745.72
746.72
681.32
679.60
679.40
637.52
652.32
669.92
688.40
700.00
654.60
743.40
745.12
746.52
769.52
741.00
771.32
770.80
770.72
769.60
764.92
758.60
770.12
771.12
771.12
771.12
756.32
768.12
696.00
691.72
692.12
690.00
669.32
679.12
705.20
689.32
736.80
721.80
752.92
771.92
772.20
770.60
769.80
754.40
770.12
771.60
771.12
746.00
672.12
670.20
681.12
679.92
701.92
673.12
649.12
682.32
722.00
676.92
746.32
737.52
735.40
747.72
745.80
745.80
748.20
741.20
746.32
747.00
746.80
745.80
745.32
728.32
747.40
744.52
745.92
679.40
662.12
657.72
678.40
636.52
678.00
671.32
654.60
714.32
767.00
768.60
770.92
760.20
769.40
769.72
769.72
769.60
770.12
768.00
771.32
770.00
771.40
772.12
756.12
755.92
771.20
697.12
690.52
690.92
663.00
646.40
660.12
680.12
700.32
723.92
678.20
769.52
770.92
770.80
769.32
767.20
765.52
770.20
772.40
770.52
770.92
750.72
770.00
770.92
770.92
772.52
737.52
770.20
692.32
691.40
691.80
690.32
668.92
680.20
694.20
688.52
736.32
747.80
766.80
769.92
771.20
770.12
770.72
760.92
770.80
771.52
769.92
771.00
759.92
747.92
771.00
770.32
771.20
770.20
712.92
694.92
691.60
690.72
690.40
733.52
713.20
701.52
687.40
658.60
768.80
766.60
770.20
769.12
769.32
769.72
770.20
747.92
770.92
770.00
771.20
769.92
742.60
769.72
771.60
769.12
770.40
695.40
685.00
694.52
693.80
688.60
724.32
693.00
690.52
658.92
693.40
789.92
792.32
772.00
792.80
794.12
791.72
794.20
787.20
7