Measuring voltage and current with INA219 ...
809.00
808.60
824.52
824.52
662.20
707.40
705.80
680.32
699.72
695.12
717.20
694.52
741.20
813.80
816.60
809.92
822.40
822.52
825.40
825.12
826.92
800.20
827.20
826.60
825.52
826.92
797.00
793.72
827.80
826.60
716.32
708.32
690.32
706.60
718.32
682.72
718.40
713.40
724.00
685.32
798.00
799.92
803.00
805.40
804.52
807.80
807.12
807.00
775.20
792.32
806.40
807.60
806.92
809.40
761.60
809.20
810.20
700.12
699.20
682.20
681.12
707.20
738.60
727.92
693.92
680.52
762.92
799.20
801.92
788.80
787.40
764.72
788.40
788.20
785.92
788.40
761.20
766.00
788.12
788.12
789.92
787.52
777.52
779.60
714.40
712.40
714.20
671.72
743.52
760.72
746.12
710.00
707.40
765.92
788.00
788.00
789.00
788.60
760.60
764.52
787.52
808.80
807.92
809.20
787.52
809.00
808.40
808.32
809.60
809.40
690.32
715.92
713.32
713.52
740.80
695.60
663.80
714.80
668.52
711.52
808.60
773.20
809.40
807.12
808.20
808.80
785.52
808.92
808.72
808.20
810.12
808.00
809.00
808.72
808.80
788.80
788.32
683.00
685.20
714.72
713.12
706.12
711.12
633.52
662.40
675.00
783.72
788.00
770.12
783.52
788.80
787.00
787.32
787.20
787.72
779.20
788.20
789.00
788.12
788.32
763.52
788.52
789.80
719.00
714.12
678.92
713.20
711.40
671.00
685.92
708.72
734.00
705.00
806.92
808.32
810.00
774.52
798.72
810.60
809.20
810.32
809.60
793.20
809.00
808.12
807.72
809.40
781.20
784.32
809.52
717.92
716.12
714.00
702.52
675.00
683.40
702.32
713.20
752.92
753.52
810.52
816.60
820.80
821.20
792.12
824.72
825.12
824.92
825.12
827.20
805.00
827.00
826.52
826.00
826.20
804.40
826.40
710.32
705.92
705.80
662.20
673.52
705.32
708.40
689.20
741.92
774.80
781.80
812.00
813.80
814.32
816.60
789.20
817.92
811.72
812.52
813.40
801.40
803.40
820.80
822.20
823.40
819.60
728.92
722.00
721.32
720.12
716.52
706.60
712.12
752.80
772.32
709.12
811.40
762.12
809.52
809.00
808.20
806.92
787.80
790.80
804.92
805.60
806.52
806.20
774.72
794.72
806.00
787.92
784.12
709.80
689.32
707.72
707.40
709.60
699.32
709.52
685.92
746.52
772.20
783.92
783.32
772.72
786.32
786.92
786.00
788.92
787.60
768.40
790.80
713.12
713.92
713.52
676.60
714.12
705.00
706.80
663.00
732.72
763.52
792.80
813.80
815.12
813.32
797.80
810.92
811.60
809.80
811.00
807.52
790.92
808.92
806.72
807.20
806.92
772.92
779.52
712.12
709.52
708.12
661.80
651.72
673.12
691.60
725.40
698.32
785.20
792.72
805.12
805.20
806.32
802.52
806.52
805.80
812.52
814.60
815.92
782.80
790.60
819.12
819.92
820.60
822.52
679.92
711.52
710.12
708.52
708.92
656.52
683.40
709.20
731.60
764.72
812.52
787.52
810.20
816.40
819.80
818.32
817.72
790.72
817.20
817.20
816.92
818.32
773.92
818.12
816.80
805.72
805.80
711.80
698.92
707.72
707.12
674.12
707.80
686.92
689.80
760.92
801.00
805.92
803.72
779.20
806.40
807.60
808.12
809.00
781.52
787.20
809.52
809.32
812.32
810.60
790.52
812.72
814.80
803.92
716.60
712.40
686.40
705.60
749.40
749.12
742.12
698.60
705.40
812.32
812.72
816.52
815.00
796.20
817.12
815.52
815.60
817.20
792.60
816.60
815.92
816.92
817.52
813.92
813.32
816.60
708.60
705.00
701.80
669.92
727.20
692.20
734.80
695.32
700.80
771.00
807.72
808.60
807.72
807.80
792.52
804.40
810.72
810.32
811.12
807.92
806.20
813.00
812.40
813.40
811.52
813.12
790.92
718.40
715.00
713.12
711.60
714.32
754.00
728.40
708.00
681.72
800.00
793.80
808.32
807.52
806.60
807.40
783.00
800.80
806.80
808.00
808.40
805.60
785.32
807.52
805.12
806.12
804.12
727.00
690.32
706.92
708.00
703.40
750.32
698.72
718.20
700.60
708.00
804.80
805.12
785.00
808.80
809.52
810.20
808.52
792.52
812.00
811.40
811.20
811.00
780.72
785.00
811.20
810.80
810.72
716.92
690.12
711.40
711.52
753.72
707.32
700.52
656.52
662.80
707.72
806.12
806.20
770.12
779.32
807.92
808.52
808.52
804.92
793.52
808.60
807.12
806.20
807.32
787.00
791.40
807.60
807.52
711.32
707.00
703.20
679.32
664.40
663.72
671.60
673.32
660.60
806.52
809.12
812.52
814.40
765.12
817.32
817.72
817.72
819.12
796.32
804.92
818.40
820.00
818.52
818.20
797.60
814.92
720.40
708.72
706.12
704.32
683.60
662.12
671.60
704.60
709.12
663.20
779.52
809.60
799.00
800.20
801.52
767.40
800.80
801.92
800.80
801.32
778.80
795.60
801.40
800.92
801.60
798.72
787.60
697.60
696.00
695.80
693.20
667.32
693.72
726.32
684.20
715.72
768.92
760.92
797.20
799.40
802.32
803.92
792.52
779.80
804.40
805.80
804.60
785.40
770.60
763.60
787.72
787.72
787.80
789.20
689.00
710.80
707.12
698.52
740.72
672.92
744.80
683.00
715.32
782.40
781.60
775.32
783.40
785.12
784.40
784.72
751.00
759.72
784.52
786.32
785.12
784.40
743.60
784.12
804.80
806.52
715.12
690.52
693.80
709.20
748.32
701.20
751.72
702.12
726.40
707.20
807.72
807.00
807.80
782.72
808.00
808.60
808.40
810.12
759.72
810.92
808.80
809.40
810.60
809.20
776.80
810.00
809.72
712.72
711.00
693.00
707.80
726.32
693.80
669.80
706.12
651.20
780.60
784.72
784.20
785.52
756.92
759.60
786.12
786.92
784.60
784.80
760.32
784.92
785.20
785.72
786.12
777.12
766.20
718.32
708.00
707.52
704.20
697.32
694.32
672.40
707.92
703.20
675.60
758.20
784.40
784.32
785.40
785.60
751.20
785.00
808.72
809.40
808.20
706.20
703.32
709.72
712.12
685.60
711.40
677.00
646.12
764.12
704.40
806.72
807.20
791.72
808.72
807.32
808.12
809.32
789.00
789.12
808.52
808.40
808.72
804.80
798.72
807.12
809.20
814.32
706.80
707.00
681.12
703.20
712.00
689.00
742.60
660.12
735.60
786.52
809.00
811.60
791.20
796.80
813.00
815.00
815.40
815.60
802.00
816.60
817.72
815.60
817.92
817.52
792.40
817.72
763.12
708.12
707.12
675.52
677.12
743.32
738.32
712.52
708.00
635.92
806.52
809.40
808.92
807.72
794.40
789.20
808.20
809.40
808.52
806.12
804.72
808.52
809.32
807.92
810.00
776.20
775.00
716.00
710.32
708.92
710.20
666.80
735.12
712.00
713.20
667.20
698.32
789.00
807.12
811.32
812.80
813.40
782.32
796.92
816.20
815.92
815.20
817.52
792.60
817.12
818.92
817.40
818.00
777.20
694.40
707.12
704.20
702.12
671.72
688.52
667.00
678.20
699.60
804.52
769.20
792.32
813.40
813.00
814.32
816.40
770.72
816.92
815.52
810.72
802.52
781.80
782.32
805.12
801.92
803.00
705.00
687.32
693.92
694.40
660.52
658.32
664.00
656.00
700.12
681.72
792.40
797.12
748.80
799.32
801.00
800.72
801.80
801.92
767.60
802.40
802.72
801.52
801.72
790.80
800.72
804.32
801.80
714.00
708.00
706.00
708.40
705.40
669.12
724.40
678.40
703.80
758.40
785.12
785.32
786.40
747.60
785.52
785.40
785.52
786.20
776.32
772.20
785.72
785.92
784.92
783.92
788.00
787.80
786.20
708.72
708.80
708.32
685.32
727.40
760.00
760.52
704.40
699.60
806.20
808.52
807.20
807.92
807.20
791.12
809.72
807.60
807.80
808.32
793.80
800.52
807.92
809.80
808.72
809.60
788.92
744.72
713.72
709.20
709.52
700.32
727.72
716.32
713.92
666.60
706.20
787.92
807.32
787.40
784.72
785.80
785.32
766.40
787.40
785.40
785.00
785.32
756.60
787.80
786.72
785.80
787.20
785.20
686.12
708.12
707.40
706.80
727.60
701.60
681.80
657.32
659.80
780.00
784.60
768.20
785.60
784.60
787.60
786.32
774.40
761.40
786.20
785.32
807.80
810.20
776.80
808.72
808.52
806.80
808.12
708.92
702.20
711.32
710.00
712.00
691.00
667.40
707.20
675.60
806.00
807.80
796.20
789.72
807.20
808.40
809.72
809.72
780.72
810.60
809.72
808.80
809.40
804.20
798.60
808.60
814.60
724.32
705.92
692.52
696.00
703.00
688.20
664.12
708.00
653.32
705.60
807.60
809.60
813.72
805.40
797.00
816.80
815.92
817.00
819.00
788.40
817.80
817.72
818.80
818.72
807.20
801.92
818.12
709.80
705.32
704.00
676.72
670.60
704.80
713.60
699.52
749.80
786.72
806.20
809.40
807.20
807.52
802.60
808.92
806.72
807.32
808.12
808.40
787.80
808.32
809.60
809.00
808.52
796.20
786.32
712.52
711.72
709.32
674.32
654.72
714.80
737.92
766.92
703.72
800.52
808.00
809.40
812.92
813.72
814.52
816.72
816.60
816.32
817.00
817.60
805.12
792.32
818.92
818.60
817.52
818.12
685.60
707.92
705.20
703.92
704.52
684.92
718.00
699.72
743.52
781.72
808.72
811.00
807.80
814.60
814.32
814.80
816.72
798.12
816.52
816.00
804.80
804.00
770.72
805.40
802.80
803.60
805.32
700.92
667.60
695.12
694.72
728.40
731.40
698.12
680.40
670.92
792.12
794.92
797.60
777.60
800.52
799.80
802.12
801.80
791.12
782.40
803.32
698.20
695.80
694.72
633.12
737.12
685.00
695.52
695.00
698.80
767.60
787.20
784.20
786.52
784.60
772.92
785.92
785.80
786.40
785.80
785.80
758.32
785.40
785.80
785.72
786.32
774.00
712.40
707.12
707.00
707.40
704.12
669.12
688.12
709.12
679.92
700.60
768.40
764.20
786.12
807.00
808.52
808.40
777.12
808.00
808.32
808.00
809.72
802.20
802.92
808.52
808.12
809.12
808.60
710.60
711.60
709.60
708.52
708.52
687.80
695.32
706.80
759.12
779.60
806.20
777.40
809.32
808.12
808.32
809.20
803.60
782.52
809.00
808.20
786.20
786.52
776.40
779.52
785.92
785.20
774.00
708.72
693.40
708.52
708.32
753.72
754.60
728.80
690.32
696.92
783.20
786.20
786.00
760.12
787.80
786.40
785.80
785.12
783.92
772.00
786.32
786.52
786.12
785.52
770.12
788.20
807.60
715.52
711.12
699.20
690.00
701.92
760.20
748.20
730.20
693.92
705.12
807.20
810.20
809.20
807.32
804.20
808.40
807.52
807.80
807.72
794.20
793.92
809.12
808.60
809.32
807.40
778.80
807.52
711.92
711.00
711.12
705.92
710.00
707.32
665.12
658.72
669.52
800.60
809.32
812.20
812.72
814.52
800.60
795.12
817.12
816.80
814.32
817.32
779.32
819.32
817.92
818.12
818.00
815.20
719.80
707.00
705.80
704.12
693.00
681.92
663.72
661.80
700.60
681.52
808.80
794.32
813.80
808.12
808.12
808.20
779.72
788.92
808.80
808.12
810.52
808.52
780.40
807.20
808.40
809.92
809.40
706.72
711.72
710.32
709.80
709.00
665.32
656.80
712.40
695.72
731.20
806.00
795.52
787.32
807.92
808.80
811.00
808.72
786.12
808.80
809.20
809.12
816.92
815.92
805.12
817.20
817.92
819.40
707.80
704.52
703.92
705.12
667.32
702.52
669.32
665.80
703.72
804.80
808.72
811.72
791.32
814.80
814.80
817.92
817.20
816.12
809.00
818.92
818.12
816.80
817.92
805.40
799.92
817.80
709.72
699.60
696.00
668.20
655.60
659.80
667.72
680.00
702.00
677.12
792.60
796.20
799.00
799.60
787.00
800.80
803.12
802.20
803.40
804.12
787.40
804.00
804.12
801.80
802.80
773.92
801.92
701.32
696.52
695.40
695.60
664.52
666.00
678.92
694.52
741.52
760.20
783.60
785.32
787.32
785.32
784.80
770.72
787.12
785.12
784.72
787.12
775.40
766.72
786.72
785.60
787.32
787.12
768.80
706.72
709.12
707.72
707.72
675.60
700.00
718.20
700.72
754.92
783.92
782.60
786.60
805.52
807.60
809.00
809.00
785.12
808.12
807.80
809.00
808.00
781.40
809.60
808.52
808.60
807.80
713.00
705.12
711.00
709.92
700.12
763.12
743.60
730.40
727.92
708.52
807.32
807.12
787.12
809.12
809.00
809.12
809.32
804.32
797.12
807.52
786.72
785.32
786.00
773.80
787.72
786.60
785.72
711.12
697.00
694.32
708.00
758.32
703.20
732.80
671.32
688.80
778.12
784.92
785.40
780.52
775.20
786.52
786.52
786.52
787.12
784.00
783.40
785.80
786.12
786.52
786.32
771.40
786.72
725.12
710.92
710.72
699.80
686.32
705.20
683.00
662.60
706.52
656.60
806.92
807.40
809.32
809.00
805.40
801.00
808.00
808.60
807.80
808.80
807.60
8