Measuring voltage and current with INA219 ...
743.32
744.60
743.92
716.00
745.00
744.40
746.12
744.80
740.12
727.52
743.92
743.72
745.12
746.00
649.00
652.40
678.40
678.92
643.20
687.12
657.92
676.52
705.40
765.40
767.80
753.40
758.00
767.72
769.32
769.00
768.12
763.92
769.80
768.00
768.40
768.80
734.12
746.72
767.32
769.52
768.60
687.80
652.12
686.80
669.92
698.20
722.00
714.40
708.32
679.20
763.60
741.40
742.32
724.60
738.12
743.32
741.40
742.60
741.72
720.12
742.32
741.20
741.52
742.00
716.72
714.12
743.20
679.40
673.80
675.12
663.00
695.40
669.20
708.52
673.12
670.72
727.60
742.00
741.72
741.80
742.80
741.00
741.92
741.12
765.72
766.20
742.00
741.32
766.20
767.12
765.92
765.72
731.72
766.52
684.40
684.32
684.32
670.60
687.60
685.12
662.92
680.60
642.72
722.72
748.40
765.80
767.80
766.40
766.00
742.40
767.12
766.32
767.12
766.72
728.52
766.40
766.72
766.00
766.92
782.32
703.72
687.12
685.80
686.20
682.72
655.40
651.60
689.20
649.92
652.92
778.20
742.60
780.52
781.12
781.32
782.12
767.12
769.80
785.40
784.80
784.92
782.92
773.32
785.52
785.72
785.12
787.52
690.12
664.60
687.00
685.40
678.32
681.92
607.60
646.72
661.20
686.00
766.32
767.40
749.60
767.52
766.92
767.32
766.72
757.80
766.80
766.12
767.60
768.32
764.72
766.52
766.20
768.40
768.20
689.00
660.60
658.80
670.92
655.20
644.52
652.52
660.12
678.92
764.72
783.92
784.20
771.60
772.80
788.52
787.80
789.20
785.92
788.80
732.52
692.40
692.12
691.60
691.52
645.60
712.40
679.00
729.60
741.20
742.60
785.80
788.80
788.52
789.60
788.92
775.60
791.40
791.00
789.32
791.00
762.32
785.92
793.32
791.60
792.72
788.12
673.60
693.32
692.60
692.52
691.20
634.92
635.92
691.00
685.12
714.40
780.92
774.60
786.00
786.00
786.52
786.60
785.80
767.72
789.20
789.32
788.00
787.92
762.72
788.20
789.40
788.32
789.40
671.20
667.80
691.72
691.60
703.20
689.40
620.40
635.20
650.92
741.32
744.00
743.32
726.20
746.72
745.52
745.72
745.92
711.92
716.60
746.92
745.80
746.00
745.00
731.32
746.80
745.12
684.72
680.32
664.92
666.80
636.32
650.32
667.12
683.00
642.32
674.92
745.12
768.32
770.72
734.60
747.12
770.00
770.12
769.80
770.72
728.00
770.92
768.80
769.92
770.92
756.72
757.80
770.00
692.20
690.52
690.72
676.20
681.72
676.00
697.32
688.40
735.92
730.40
768.60
769.80
770.40
771.32
743.12
739.12
770.72
770.92
747.00
745.72
726.00
744.80
745.52
745.12
746.52
730.80
741.72
680.20
680.20
679.32
677.32
666.12
695.52
710.40
674.52
710.60
717.32
721.80
745.20
745.52
743.52
745.60
708.80
745.72
746.00
746.92
744.00
738.20
727.92
746.20
744.80
765.80
764.60
704.92
673.40
690.80
688.60
684.40
727.72
697.12
698.72
673.12
689.20
769.72
733.80
769.32
769.32
770.00
770.40
767.60
756.12
770.80
768.60
769.32
769.80
738.00
754.72
770.20
769.80
769.52
692.40
651.20
690.00
690.52
728.40
689.20
685.80
655.72
654.60
779.00
788.92
789.32
780.12
791.00
791.00
791.92
791.52
790.80
771.00
790.80
791.80
791.00
794.60
746.00
791.40
791.80
790.80
695.32
692.40
663.92
692.52
716.80
697.52
673.00
682.20
652.60
786.00
771.00
770.12
768.12
769.12
771.00
769.72
769.60
770.20
741.12
737.00
769.92
769.80
769.60
770.80
744.92
770.40
703.52
690.40
689.72
677.72
673.52
682.40
663.60
691.92
645.92
685.32
768.12
770.12
770.00
770.20
768.80
741.52
768.92
771.12
790.20
792.12
751.20
789.92
791.72
791.60
792.12
779.00
778.52
695.40
695.12
691.72
693.40
632.32
684.12
682.80
682.12
726.00
784.72
766.00
790.40
790.20
790.40
790.52
770.40
767.52
791.72
792.12
790.32
790.60
777.12
793.00
791.80
791.72
778.32
786.52
676.72
692.60
691.60
652.12
663.52
658.32
699.00
730.20
683.80
783.40
761.20
765.92
787.12
788.32
790.52
789.80
767.80
790.32
790.40
790.00
790.12
787.52
771.12
791.00
789.80
791.52
698.80
663.00
664.92
692.40
691.52
677.00
697.20
665.12
718.72
733.72
744.72
745.72
732.60
733.52
746.52
746.12
745.92
742.60
738.60
746.92
745.32
745.12
745.80
713.92
723.32
746.52
744.32
678.52
680.32
645.52
680.20
680.00
703.72
719.72
662.32
692.92
744.60
755.92
769.00
770.00
756.32
766.60
768.80
769.12
769.32
769.72
751.72
769.60
770.40
770.72
770.20
748.40
740.52
731.00
692.52
690.12
690.40
668.52
723.20
708.00
697.12
664.92
675.52
765.00
770.60
770.20
769.72
766.92
765.32
770.20
770.92
748.32
746.80
719.40
719.00
746.72
746.20
745.32
746.92
712.32
681.52
679.92
677.52
678.92
701.52
665.20
670.00
646.72
633.00
737.00
717.12
730.00
745.00
745.80
746.12
745.20
724.12
746.80
744.80
744.92
682.00
647.00
679.80
680.20
675.72
653.60
644.80
683.80
683.60
758.80
770.20
770.00
742.92
756.20
770.92
771.52
769.40
769.60
733.20
770.00
769.52
769.72
768.60
756.80
759.52
769.60
761.12
692.40
689.40
678.80
689.00
729.00
737.80
724.80
684.40
663.80
767.12
770.40
791.00
791.40
749.52
790.00
790.72
792.92
791.32
791.52
773.32
792.32
790.92
792.20
792.12
787.60
791.60
699.12
696.32
694.00
692.20
688.92
741.12
729.60
713.40
695.60
670.32
758.60
790.60
790.72
791.12
790.32
763.92
790.92
791.12
771.12
771.20
761.72
762.00
769.80
769.52
771.32
767.80
769.80
692.72
690.32
689.80
690.52
734.80
667.20
699.00
672.12
655.12
763.12
738.12
770.32
769.52
768.80
770.72
760.80
751.32
769.40
770.80
770.00
770.80
752.72
762.32
769.92
770.72
792.20
708.32
676.60
693.60
695.12
679.32
667.52
639.52
638.60
689.32
679.60
788.60
789.32
774.20
792.12
790.92
790.00
791.52
789.80
775.00
792.12
792.32
792.92
793.72
774.00
791.60
793.20
791.20
697.12
687.52
665.40
693.40
693.00
653.92
657.92
677.60
687.12
716.00
784.52
786.72
785.40
769.20
790.32
788.80
789.92
791.32
772.60
768.60
789.80
790.00
791.60
790.20
763.80
791.00
792.32
693.92
695.92
689.72
686.40
687.52
719.00
728.72
682.52
719.72
783.80
784.60
786.12
776.32
726.60
721.52
746.92
745.12
744.20
746.40
717.40
744.20
745.12
744.60
746.20
738.92
734.32
687.60
678.92
677.00
678.60
628.32
650.12
668.72
689.00
647.52
675.80
728.20
746.40
745.40
744.32
747.60
731.32
722.00
745.72
762.12
771.32
769.20
732.32
769.20
770.72
770.40
770.12
764.40
690.20
689.72
691.20
690.20
723.32
681.72
731.92
689.20
696.12
759.72
752.12
744.92
772.12
769.12
769.52
771.00
739.40
772.32
769.80
770.20
771.00
767.12
757.00
769.72
771.20
746.32
726.60
664.92
664.32
679.60
679.12
721.40
713.52
671.60
676.92
654.72
744.60
746.80
715.72
747.00
746.20
745.40
746.92
744.00
739.12
745.12
745.40
744.80
746.12
726.20
732.40
747.12
746.80
683.12
679.40
650.80
681.32
674.32
724.00
710.32
690.72
654.40
688.12
769.32
770.60
769.92
756.92
769.32
770.12
770.72
769.92
770.60
751.60
770.72
770.40
770.32
771.72
733.12
769.92
770.12
692.52
691.32
690.80
661.72
669.32
689.32
648.12
659.52
674.20
765.80
769.40
789.12
790.60
790.92
790.92
791.32
792.12
791.12
793.72
770.60
763.40
792.92
793.00
794.32
792.52
764.00
792.40
696.92
694.60
693.20
659.52
643.52
657.52
667.52
695.40
684.92
787.32
790.52
790.52
791.32
792.60
791.12
769.52
791.72
791.40
770.00
771.72
736.32
769.52
769.40
770.20
770.60
760.80
675.20
692.00
691.00
690.32
688.80
640.32
663.40
690.80
712.52
737.40
769.52
748.40
771.32
770.52
769.20
770.92
757.80
750.00
770.92
771.72
771.32
771.40
745.20
770.60
769.52
790.32
791.92
693.80
675.92
693.92
693.80
659.32
691.32
678.00
685.72
740.40
786.40
789.92
774.80
766.40
791.52
791.60
790.52
792.00
771.32
791.92
792.92
791.72
792.40
789.92
772.60
793.32
791.52
783.20
695.40
676.52
670.40
685.32
724.72
732.00
722.52
683.92
689.32
782.52
786.92
789.52
781.80
781.32
789.80
792.32
792.20
790.52
786.60
707.00
692.12
691.92
693.60
655.52
713.12
653.40
685.72
690.72
694.60
753.00
785.80
789.92
788.12
789.12
781.40
776.32
791.12
791.00
790.60
791.20
747.40
744.60
746.00
745.40
745.60
745.40
661.80
681.52
679.52
678.72
675.00
657.20
655.52
679.52
716.52
736.40
746.52
717.20
745.92
745.20
745.60
746.12
738.20
744.72
747.72
745.92
746.00
744.92
742.92
745.40
747.52
769.12
768.72
676.12
666.12
690.12
678.12
701.72
728.92
707.60
684.60
712.72
768.72
769.92
763.72
758.40
769.00
770.52
770.40
771.92
769.20
755.60
770.12
769.92
770.52
769.72
746.80
769.72
770.32
694.60
692.60
662.32
689.12
719.20
726.92
721.12
707.32
682.72
679.00
744.00
745.32
745.32
723.40
729.80
745.72
746.40
745.80
746.92
716.20
747.40
747.12
745.12
746.60
735.12
731.12
746.32
680.12
679.52
679.32
661.52
690.60
678.40
651.72
633.00
639.20
723.92
744.32
747.00
769.20
768.60
737.80
768.92
770.52
770.00
771.72
769.40
744.80
771.20
770.72
769.80
770.40
762.60
704.00
691.72
690.12
690.20
688.40
682.80
662.20
642.20
686.40
666.32
750.72
745.32
771.12
770.20
769.32
769.92
744.20
770.92
770.60
769.92
769.92
763.92
760.52
769.60
769.60
769.52
768.40
692.40
691.40
690.32
690.20
688.80
657.80
721.12
691.20
686.60
698.52
769.20
734.60
770.00
769.92
770.12
769.40
759.92
754.12
771.32
769.92
770.60
770.80
756.20
762.60
770.00
770.00
771.00
692.92
672.40
689.80
687.80
652.40
689.20
644.32
653.32
693.52
766.32
770.00
771.20
742.20
769.52
770.12
769.40
770.12
769.00
752.80
770.32
770.92
770.60
768.20
754.92
771.60
769.40
697.72
691.20
676.80
668.12
647.12
645.40
662.00
676.00
684.20
684.92
789.32
788.92
790.40
788.40
773.92
791.92
792.60
793.20
793.12
771.80
773.92
794.12
792.72
792.92
794.12
774.00
792.92
697.52
695.32
695.12
688.52
683.60
665.12
679.80
694.52
724.52
747.12
789.00
790.20
787.40
789.00
770.20
772.92
790.80
791.32
792.32
792.12
758.80
791.80
794.00
791.00
792.20
781.60
778.00
694.52
692.72
692.12
6