Measuring voltage and current with INA219 ...
297.32
317.32
320.92
326.32
335.32
278.00
296.32
294.60
292.52
309.32
296.32
268.72
326.32
293.00
276.52
360.00
366.12
341.60
403.92
331.00
336.12
290.72
279.20
285.40
303.52
289.40
331.20
274.92
284.20
316.40
295.32
320.72
310.12
282.52
307.20
321.72
307.00
305.20
295.60
308.80
324.40
304.12
335.60
317.32
311.32
349.20
311.00
299.92
333.80
291.92
290.20
318.92
314.00
313.12
331.52
287.92
306.12
307.00
293.72
309.20
295.92
297.32
318.92
308.72
302.32
315.92
350.32
295.32
306.32
298.60
298.20
287.12
296.40
380.00
375.92
387.60
409.00
362.40
319.52
320.52
293.80
291.60
298.32
303.60
296.32
310.12
291.00
302.32
301.32
295.72
320.12
319.20
314.52
318.40
294.32
309.92
315.80
304.52
326.60
310.20
364.60
314.20
297.20
299.32
315.40
291.00
305.92
309.80
297.80
292.72
289.92
287.72
328.32
316.80
298.72
316.32
288.20
312.12
309.40
293.12
300.32
287.72
277.80
342.92
309.12
294.72
309.92
275.32
330.60
337.52
301.80
298.20
349.00
343.20
395.60
444.60
394.20
480.32
417.32
393.12
481.00
436.80
485.12
483.72
453.12
433.20
385.32
350.72
471.20
409.32
376.12
460.80
380.80
483.52
482.00
354.12
352.12
372.80
368.20
396.00
382.92
330.32
378.12
348.72
372.20
440.72
340.40
437.92
452.40
443.80
384.12
516.12
327.12
274.40
281.20
278.40
351.92
276.00
278.60
279.32
273.80
291.00
310.00
292.32
287.00
277.52
278.12
346.60
286.60
279.00
298.52
308.40
292.60
357.60
274.92
285.60
289.20
286.72
330.20
322.40
281.80
312.20
330.00
385.40
409.60
399.20
384.72
403.40
425.12
415.12
392.00
396.32
389.60
422.52
424.12
418.80
416.12
423.20
423.60
424.32
414.12
421.60
329.20
327.40
347.20
326.32
382.20
318.12
337.52
336.00
330.40
362.52
391.52
319.60
323.32
328.00
325.92
472.52
390.92
343.40
368.52
335.60
332.60
434.92
355.80
424.32
368.92
329.60
370.80
326.72
349.52
369.92
325.80
334.40
415.40
367.12
432.72
429.80
342.40
391.60
328.32
338.52
411.00
405.92
378.52
416.52
414.60
376.60
336.72
330.32
367.92
366.92
385.72
432.92
429.52
389.60
396.40
353.92
339.92
350.92
342.52
348.20
383.72
382.80
373.92
372.00
337.32
423.52
341.20
337.60
348.80
329.12
375.12
355.72
369.32
355.32
431.80
356.72
389.12
321.00
332.92
368.92
341.72
340.00
384.60
364.52
353.32
328.52
323.12
326.60
313.40
345.40
381.80
348.80
335.72
366.32
320.72
346.60
355.92
342.92
347.60
346.40
347.40
367.12
346.20
346.00
350.72
336.52
349.80
345.52
318.80
321.32
321.60
315.00
334.92
346.00
344.32
374.72
317.52
373.00
383.32
343.20
347.20
353.00
347.60
324.92
324.60
318.52
381.52
341.60
323.12
339.20
284.00
277.72
323.32
278.00
287.00
293.80
286.20
281.40
299.92
271.52
311.60
282.60
298.00
293.92
270.92
279.92
284.60
273.00
275.12
275.12
290.60
329.52
287.52
282.12
299.80
276.00
285.92
345.52
297.40
289.92
282.60
285.52
297.72
279.12
273.00
296.60
266.20
281.92
283.32
279.80
297.72
284.40
286.32
283.72
285.12
285.20
289.12
268.80
276.60
302.72
281.40
283.92
289.92
262.20
282.72
319.72
364.92
348.32
382.00
375.72
387.72
386.80
381.60
383.72
386.00
403.20
386.72
402.60
402.00
486.00
455.60
461.32
461.32
459.20
446.12
410.32
444.00
443.20
443.52
443.72
441.52
427.72
443.00
444.92
438.60
428.52
408.20
419.72
429.20
451.80
346.92
432.00
333.40
412.72
376.52
320.72
374.80
386.72
322.72
364.40
334.52
347.92
437.00
337.12
359.72
361.20
352.40
386.92
373.00
346.32
503.80
469.80
369.12
428.12
324.12
405.00
340.60
330.12
377.32
427.20
336.32
331.80
375.20
353.72
476.72
359.00
356.72
362.00
350.00
357.40
449.12
359.72
367.92
364.00
337.52
443.60
335.72
316.92
359.52
329.92
331.92
451.72
331.20
344.40
394.20
356.12
385.12
379.52
421.80
468.40
448.00
461.00
511.40
404.12
363.52
351.40
328.00
360.00
330.52
324.52
331.20
365.40
377.20
425.00
325.52
403.80
356.92
356.52
382.32
394.20
353.32
376.72
361.72
326.72
383.12
324.80
320.32
341.80
328.32
336.32
359.80
317.92
347.60
351.72
348.00
402.20
341.00
338.12
321.20
293.32
296.32
394.32
350.32
287.40
296.12
374.00
340.12
276.52
280.60
299.60
302.40
287.32
314.20
272.72
291.80
302.80
291.20
296.32
285.12
283.12
349.32
293.60
293.60
303.72
280.60
278.20
283.72
284.72
290.12
280.20
270.40
298.12
297.60
290.72
307.52
312.12
340.00
320.60
355.80
333.72
315.40
272.60
297.12
284.12
279.32
301.52
270.12
274.80
301.72
278.40
283.20
281.52
323.32
293.72
294.52
294.12
332.52
314.92
336.00
317.92
289.32
294.00
312.92
264.12
278.00
286.72
326.72
333.40
301.32
330.12
371.92
325.80
355.92
359.72
372.40
338.12
386.32
349.92
340.52
361.60
331.52
350.40
363.60
347.40
362.52
343.12
331.92
379.40
429.20
351.32
326.52
320.72
346.72
353.60
343.32
371.32
328.60
334.20
361.20
346.12
350.72
360.60
322.52
326.00
337.92
333.72
347.20
308.72
318.72
354.40
325.32
330.20
348.20
346.72
374.52
414.40
348.92
360.72
347.80
337.52
366.72
348.20
360.40
339.12
300.60
327.80
333.12
354.60
325.80
384.12
322.32
375.92
386.00
356.60
383.40
346.80
333.00
342.52
343.52
345.00
350.20
320.80
333.92
338.92
336.80
354.80
315.52
312.92
348.52
337.92
341.40
332.52
337.00
337.40
347.20
325.80
360.52
359.32
334.00
422.72
357.20
372.00
382.72
362.72
342.60
277.80
288.72
281.00
288.80
261.52
325.20
318.40
407.80
309.00
317.20
305.00
307.20
293.20
303.00
276.60
285.80
279.20
297.00
295.32
300.60
282.72
296.72
293.92
290.72
286.60
287.80
262.32
296.60
305.72
288.20
311.20
303.60
283.72
322.00
293.80
294.12
296.20
289.32
284.00
286.52
290.52
316.12
313.00
279.80
312.52
294.12
283.32
287.32
254.12
274.52
274.60
273.12
298.72
267.00
258.52
282.72
291.40
285.92
308.12
274.80
276.40
298.80
273.60
298.92
286.40
271.60
291.92
272.80
272.40
315.12
274.20
257.92
304.52
263.60
273.92
292.92
288.80
292.72
287.72
285.52
306.80
285.92
274.72
310.60
283.32
290.12
325.00
271.72
273.52
281.20
271.72
345.20
262.40
258.60
282.32
279.80
293.00
305.60
276.92
274.80
277.80
274.72
286.52
285.32
320.60
303.92
266.20
276.80
326.00
274.20
301.32
276.72
267.60
280.72
272.72
269.72
293.32
288.12
281.60
302.80
278.20
275.80
303.80
282.12
331.12
288.60
272.92
273.12
273.32
273.40
289.80
257.40
254.92
292.40
269.80
283.00
284.52
261.40
267.60
278.80
270.92
280.40
278.32
287.52
366.92
274.40
259.52
282.32
257.52
261.52
263.12
258.60
261.40
262.80
258.32
318.00
276.00
286.32
277.20
263.12
261.00
284.72
270.32
269.60
274.00
274.80
259.80
259.40
262.00
284.52
247.92
251.60
264.32
255.80
278.20
332.80
256.32
292.00
320.00
275.92
312.72
264.80
264.20
312.00
275.00
262.80
275.40
259.32
266.32
280.20
272.80
299.40
285.92
297.52
304.80
287.12
310.80
293.20
273.72
267.92
294.72
287.80
308.00
289.40
374.60
300.92
272.00
277.52
283.20
274.32
284.20
291.72
314.32
342.20
274.60
288.80
286.00
304.12
297.92
349.52
331.52
331.52
350.72
350.00
351.32
309.60
258.52
275.20
303.00
293.92
285.80
272.32
279.52
286.92
276.20
285.52
286.80
292.92
281.00
288.00
284.12
290.52
289.72
279.52
317.00
293.00
334.92
301.40
312.20
319.40
306.32
273.92
274.72
268.40
271.20
288.52
287.40
289.52
353.52
275.92
269.32
285.72
296.52
307.00
290.72
265.92
277.72
271.60
272.80
299.00
261.00
260.72
279.00
267.60
274.60
279.40
280.60
292.60
290.60
285.32
310.12
307.80
276.12
307.80
285.52
284.72
277.12
251.72
274.92
280.20
271.00
274.92
269.72
254.32
289.12
290.60
309.40
304.80
271.40
274.60
276.52
270.40
278.40
275.12
276.80
274.52
260.12
258.52
286.00
260.12
247.72
267.20
269.60
276.92
284.12
274.00
285.12
270.00
273.12
322.52
294.40
295.72
338.12
274.72
279.80
263.00
302.20
293.60
310.20
281.00
311.80
297.52
298.20
316.12
300.00
310.20
293.80
275.52
290.32
328.20
270.40
283.52
354.12
284.40
307.80
317.72
302.00
294.12
300.40
349.40
308.00
278.20
291.40
270.32
264.00
295.52
288.00
265.80
303.92
256.52
271.72
301.52
273.12
261.92
281.20
277.40
289.60
293.60
274.40
292.00
276.80
268.40
301.72
288.00
273.80
277.20
254.40
269.60
267.00
263.72
286.52
259.00
279.00
332.52
265.92
264.92
282.12
271.60
278.00
283.40
277.60
349.00
280.12
269.60
309.60
288.20
290.20
307.92
271.92
281.20
320.60
340.40
349.72
381.80
332.60
375.00
363.20
363.60
348.20
309.92
295.92
344.12
318.72
399.32
300.52
290.60
375.92
363.52
315.00
331.40
309.52
286.92
323.72
317.12
296.32
311.12
335.12
304.80
303.20
295.52
345.00
318.72
291.00
309.12
301.20
302.12
314.40
277.00
276.32
303.12
288.72
286.32
285.52
269.72
312.92
295.60
305.60
290.00
313.20
289.52
308.40
337.52
294.60
289.52
339.12
305.72
295.00
289.40
300.52
281.00
281.40
294.60
296.52
294.80
299.80
273.12
294.40
291.52
295.72
311.20
291.52
288.40
298.80
288.52
296.32
287.12
286.32
292.20
288.40
283.12
279.12
278.32
271.12
299.92
281.40
318.12
298.20
266.92
291.40
291.40
289.72
291.12
291.72
270.40
315.20
296.92
297.72
292.32
274.52
277.92
280.40
278.12
273.32
277.72
263.60
280.40
290.40
289.72
312.32
320.00
278.92
305.12
283.20
329.92
290.92
277.00
290.40
288.12
279.72
321.60
289.32
269.52
285.60
274.92
274.60
276.80
271.92
285.92
292.72
279.00
280.00
285.52
304.80
328.52
297.92
307.32
324.20
281.32
297.80
276.32
268.92
280.60
267.72
274.12
290.12
275.00
285.52
342.60
273.00
260.20
287.52
284.72
299.32
312.80
390.80
294.00
290.00
271.12
298.12
275.80
266.60
281.32
277.40
286.12
271.72
273.32
299.52
284.60
284.52
310.72
342.60
275.92
304.00
287.60
285.20
288.40
267.80
280.60
276.60
273.52
314.72
291.12
262.32
297.52
273.40
277.12
285.80
295.92
325.12
290.92
286.00
294.80
284.80
317.60
286.60
285.80
282.00
294.00
264.40
266.80
278.20
267.60
294.92
271.12
285.00
295.92
280.20
279.40
302.12
286.80
273.52
296.32
281.12
280.52
283.00
262.20
310.72
280.40
267.92
288.32
262.80
254.52
340.80
267.12
270.60
275.20
275.52
283.60
284.32
279.00
299.72
284.92
273.92
305.12
282.52
283.32
294.32
267.52
257.32
281.00
267.40
265.52
271.12
252.80
297.12
289.52
355.60
381.12
381.52
356.92
390.20
339.72
339.20
316.72
342.52
301.20
341.80
279.12
279.32
259.32
255.52
283.92
262.60
262.40
268.80
252.92
277.72
281.00
278.00
301.00
281.32
272.40
284.72
278.20
282.12
283.00
272.40
320.32
271.00
262.72
294.20
269.52
282.60
282.60
295.92
267.60
276.52
275.60
263.72
286.32
330.40
276.52
271.20
263.20
312.60
263.20
280.32
268.72
251.72
264.12
267.52
255.12
295.12
289.60
295.52
307.52
307.72
315.52
337.32
333.40
326.12
321.00
324.72
294.12
308.60
306.32
293.32
283.92
285.12
308.52
285.00
271.60
288.12
282.60
329.72
286.12
284.52
280.32
294.00
297.40
296.72
297.32
282.60
325.72
301.32
292.60
294.52
289.40
281.20
314.72
279.40
295.32
292.60
2