Measuring voltage and current with INA219 ...
329.72
296.12
300.00
308.32
297.92
327.32
302.60
274.12
315.60
293.40
289.20
301.40
295.20
281.40
299.92
285.32
302.32
310.92
283.32
298.52
298.12
302.60
319.80
301.52
292.32
326.00
300.80
302.40
340.32
319.00
322.12
339.60
336.52
339.72
339.92
311.92
303.00
279.80
287.32
310.40
280.60
296.92
293.60
279.32
315.40
292.60
282.32
312.32
315.80
330.00
301.80
275.60
294.60
289.72
290.80
283.52
290.80
263.92
301.80
339.72
340.00
349.00
359.00
299.72
359.60
280.52
288.00
292.40
267.92
294.52
302.20
323.72
410.92
287.20
281.32
295.92
275.72
282.80
285.52
274.20
278.52
324.40
279.20
293.80
287.60
275.72
299.12
280.12
292.20
299.12
285.60
287.60
297.20
282.40
301.60
303.20
264.32
329.20
328.52
289.32
308.20
281.52
280.92
349.60
304.80
329.20
332.00
292.00
309.12
297.12
295.52
350.12
351.72
340.52
352.60
351.92
350.80
351.40
319.52
326.40
340.52
340.92
340.92
339.80
319.72
325.80
325.12
349.92
350.32
343.60
338.52
350.32
349.52
349.60
347.52
353.20
369.40
376.72
374.32
437.80
324.32
337.40
384.72
443.12
456.72
412.20
408.72
499.32
485.32
471.60
493.20
447.20
485.20
485.80
524.00
526.00
539.12
325.32
345.20
329.52
346.80
385.60
334.92
312.80
330.32
322.20
387.72
363.60
312.32
310.32
332.00
325.92
411.32
331.60
313.92
332.40
340.00
410.12
338.72
326.72
361.32
357.60
409.12
427.60
335.20
302.32
346.12
350.52
359.60
418.32
369.00
342.72
388.12
328.60
391.72
347.40
320.40
374.92
367.80
355.32
396.12
357.60
351.72
344.40
347.60
434.92
411.00
407.20
426.20
465.92
551.80
576.80
366.00
323.12
346.80
418.20
412.20
429.40
318.92
365.80
328.92
335.40
386.20
345.20
406.40
380.12
330.52
392.52
441.92
333.20
338.60
327.12
377.20
411.60
329.32
323.12
350.40
323.80
325.72
335.12
321.00
316.92
328.32
325.52
345.20
323.72
317.32
350.12
323.80
327.52
327.60
328.32
319.60
330.80
332.32
325.52
330.52
304.72
336.72
330.12
329.12
345.00
334.92
325.92
339.00
333.80
330.52
331.12
324.60
362.12
336.00
336.52
352.52
333.20
314.00
339.52
337.12
330.32
330.92
376.40
330.32
323.72
316.80
344.12
359.60
325.60
356.60
345.40
325.52
327.40
373.92
287.00
291.12
283.12
326.60
280.80
273.60
305.40
295.52
302.52
335.00
299.32
303.00
385.80
296.40
316.72
294.52
284.80
318.52
284.52
291.12
308.12
289.52
282.92
299.60
288.20
296.60
288.00
265.40
295.32
284.40
284.92
279.32
276.32
255.32
288.00
277.60
273.60
272.40
274.52
273.00
277.52
281.60
356.52
362.32
344.32
320.12
346.60
367.72
371.20
384.80
369.52
381.52
380.20
381.12
381.60
348.52
380.52
382.00
380.80
379.52
381.80
368.80
380.52
382.12
382.60
380.20
363.32
366.40
369.72
480.92
531.72
567.32
535.00
529.12
515.72
530.40
555.12
524.72
527.12
369.12
381.52
542.92
501.20
356.00
357.32
340.80
333.32
504.60
342.92
326.32
325.00
321.72
459.40
333.80
338.52
478.80
406.52
457.20
372.40
365.80
346.00
369.00
363.40
400.12
365.00
349.60
372.80
329.00
323.52
379.72
331.12
319.72
328.20
326.52
361.40
371.20
327.52
354.00
365.00
338.60
373.52
358.72
342.80
358.32
333.80
331.32
344.80
316.12
323.72
326.20
323.52
382.72
337.80
342.80
341.40
349.40
382.52
357.80
350.40
334.20
345.52
358.80
409.92
349.40
334.60
326.72
318.52
334.92
419.32
343.72
297.92
325.32
320.52
358.20
404.80
339.00
414.92
352.12
356.40
402.32
360.92
347.32
344.80
337.00
378.80
429.92
327.32
359.60
348.80
365.20
433.12
359.92
361.60
330.12
284.72
318.60
340.80
286.40
300.32
309.00
284.92
365.52
320.00
289.32
291.12
272.20
297.92
294.52
258.60
286.60
273.00
271.92
331.80
285.00
261.80
301.00
282.32
288.72
320.20
282.72
283.72
291.40
284.60
308.80
301.20
267.52
294.32
294.80
285.72
324.92
274.00
257.92
272.20
274.00
346.12
297.60
299.92
349.52
287.60
288.72
365.92
295.32
293.92
288.12
282.52
294.52
281.72
256.80
280.32
272.80
270.32
331.52
296.60
256.20
362.72
347.12
334.12
321.52
279.20
291.32
285.80
300.00
309.20
286.60
304.52
341.72
305.60
300.32
348.52
326.72
310.12
352.52
321.12
350.92
347.60
328.60
343.32
342.60
356.52
354.60
358.60
341.72
335.80
344.80
358.00
322.52
337.32
355.20
328.20
355.92
378.32
318.72
313.60
327.40
370.52
372.40
345.52
332.72
375.52
341.80
347.00
358.60
347.40
320.40
352.40
333.12
370.80
321.40
319.12
326.92
319.40
323.60
348.40
319.32
323.72
362.00
340.92
342.72
342.20
339.92
342.12
351.52
342.72
371.72
335.72
307.00
341.40
318.52
320.80
326.40
317.40
316.92
330.40
322.60
353.60
353.72
331.32
362.92
349.32
356.00
369.80
355.12
316.12
354.52
347.40
320.80
328.00
313.80
338.72
326.00
313.00
335.32
327.20
328.72
363.32
353.52
351.92
348.72
349.00
335.92
346.80
342.20
390.92
472.92
414.80
436.20
427.72
357.60
350.72
330.40
273.40
294.92
301.60
365.40
305.52
302.80
312.80
281.80
286.20
304.12
351.80
289.60
294.72
298.00
306.92
276.20
258.72
286.00
275.52
280.80
277.12
274.92
252.00
283.52
288.92
299.20
287.20
286.72
295.60
287.60
289.52
308.92
289.52
283.92
298.52
275.92
275.52
300.72
289.40
268.00
277.40
276.72
300.52
281.00
265.72
294.20
290.52
292.20
290.80
303.52
284.72
296.52
284.60
291.52
293.12
262.00
287.12
279.80
275.80
279.60
283.00
251.00
281.12
277.60
296.12
289.52
276.72
301.60
289.60
295.80
299.00
343.40
400.52
299.60
285.72
273.92
272.32
324.32
273.00
282.60
294.40
294.72
309.80
257.52
296.20
284.80
294.80
291.40
285.72
268.60
290.32
288.20
310.72
330.00
316.32
272.92
274.52
275.20
268.00
272.32
267.00
271.72
264.80
275.40
315.32
291.00
316.92
279.72
280.32
270.92
284.40
280.52
285.40
278.32
277.40
268.80
263.20
288.72
271.12
279.60
275.92
265.52
266.00
271.40
288.40
284.72
276.32
280.32
262.72
276.40
276.92
300.52
278.52
253.12
287.40
259.20
261.52
262.00
264.12
278.52
316.60
262.32
285.40
274.52
265.12
286.80
274.72
274.72
275.00
276.40
276.72
277.92
280.40
271.20
285.92
254.12
274.92
261.80
266.12
266.92
262.60
302.32
262.60
263.12
301.12
277.92
277.72
286.72
270.40
266.00
280.40
278.12
256.92
306.12
313.40
257.52
262.40
247.12
277.60
264.92
266.00
284.52
269.12
261.52
278.32
277.52
276.60
275.52
277.12
281.12
275.20
283.52
279.20
280.72
257.60
257.20
260.12
259.20
267.92
265.80
248.40
264.80
272.52
293.40
276.72
277.92
335.32
290.12
345.12
284.60
281.20
330.80
283.40
279.20
291.52
267.20
291.92
283.60
274.12
277.40
284.72
269.00
245.12
268.52
272.52
287.60
281.32
274.92
311.80
280.00
283.92
301.12
283.72
273.72
285.00
279.20
281.12
282.72
284.92
269.12
282.12
293.32
329.40
279.12
306.40
315.32
276.52
278.12
273.12
284.32
296.12
294.60
287.32
307.92
299.32
261.72
272.52
265.52
273.20
279.20
269.32
252.32
312.20
311.40
307.20
296.00
272.92
291.72
277.72
279.32
304.40
284.12
271.00
271.20
279.40
277.32
318.92
277.20
282.32
271.20
278.52
273.00
266.72
259.92
293.72
271.92
274.60
282.92
284.20
275.00
281.20
285.52
303.20
271.32
272.12
271.20
265.92
263.80
271.92
270.60
267.00
268.40
266.20
286.40
282.12
268.32
281.40
279.12
278.32
298.00
309.52
269.12
287.40
280.92
269.92
270.32
267.00
287.60
276.80
281.72
268.60
267.60
261.32
279.12
271.20
282.00
293.20
280.72
332.72
288.80
279.12
303.72
284.92
262.40
289.12
268.32
266.52
273.80
270.80
329.72
271.00
279.92
292.92
275.00
297.60
346.60
294.00
303.32
301.60
296.52
279.60
308.20
318.72
323.00
286.52
259.60
279.80
266.60
267.80
278.52
269.40
264.40
273.92
275.72
306.32
286.00
276.32
310.92
282.32
291.40
287.12
292.72
260.00
316.60
305.80
290.40
372.40
312.92
270.52
332.32
292.92
289.52
267.60
292.60
318.12
289.72
296.52
280.72
281.32
279.52
281.52
280.40
300.72
291.72
268.60
266.92
270.00
265.52
270.12
275.40
258.60
270.60
266.00
273.20
293.60
280.00
298.80
272.20
282.52
278.92
287.40
290.92
352.32
354.12
352.60
282.60
265.12
278.40
270.92
305.20
347.40
344.12
327.52
357.92
337.20
346.60
287.00
283.52
281.12
281.00
279.20
305.32
281.80
280.00
282.72
264.40
272.60
266.20
269.80
286.32
281.12
266.00
281.60
273.00
271.12
284.32
297.20
341.80
274.32
277.40
267.40
289.80
285.92
275.60
277.52
267.72
276.52
265.80
271.20
272.80
265.12
259.20
280.60
265.20
293.80
278.80
285.40
267.00
273.72
276.00
291.52
276.00
262.52
282.32
271.92
265.40
261.60
265.52
283.12
267.92
261.12
332.12
264.92
256.72
283.40
275.80
276.72
278.12
277.80
286.00
275.92
283.12
279.20
283.40
273.52
282.72
309.80
270.20
262.60
271.52
261.52
323.52
301.00
318.92
316.40
286.80
298.12
271.00
289.60
303.52
266.92
260.60
291.72
281.60
298.32
330.12
270.52
302.40
277.52
283.72
288.60
289.32
266.80
289.60
289.40
281.52
287.20
271.80
304.72
267.40
290.92
307.52
274.20
272.52
282.60
262.60
263.92
287.72
276.40
277.60
303.32
301.12
343.92
301.80
307.32
353.60
333.72
309.00
334.32
341.00
309.20
318.80
300.60
350.40
313.32
297.20
306.32
307.40
327.40
316.40
294.92
283.72
322.72
294.32
286.80
311.12
304.52
323.32
311.20
295.92
327.32
294.40
287.20
323.52
298.92
293.12
321.20
292.80
303.72
353.00
310.40
322.60
316.80
344.72
331.92
294.80
315.32
319.12
297.20
298.60
296.80
316.32
346.92
308.60
274.92
284.52
311.00
332.32
312.52
307.52
281.72
311.72
321.92
382.12
332.80
314.60
305.92
286.52
267.00
307.40
273.32
264.72
287.60
270.00
348.12
284.72
280.92
334.60
302.32
292.52
283.52
283.20
251.60
266.32
266.00
265.12
264.92
265.32
255.72
269.52
271.52
291.72
284.92
276.60
282.72
291.12
277.60
280.92
278.12
271.12
281.00
279.12
280.92
268.00
258.20
260.40
263.60
264.72
263.60
272.32
255.92
294.60
339.20
3