Measuring voltage and current with INA219 ...
371.72
303.52
291.72
307.12
263.80
312.00
301.80
278.92
302.92
283.00
272.40
303.00
293.40
281.12
313.20
272.12
292.80
355.00
296.52
310.80
343.52
286.52
313.52
302.12
321.40
330.72
345.20
295.00
356.00
289.92
284.00
302.72
272.20
354.72
287.12
282.32
333.52
303.60
289.40
331.00
291.72
297.60
314.00
285.92
297.52
298.92
300.52
301.60
269.00
271.52
300.92
297.40
295.92
331.20
270.80
312.12
304.60
292.80
323.00
312.40
354.92
336.80
289.92
290.52
311.80
267.00
275.80
287.00
279.12
277.80
284.40
264.20
293.72
287.32
278.92
307.52
289.20
282.20
404.32
407.20
315.00
352.00
350.12
386.52
367.40
330.12
337.52
256.92
272.60
306.20
276.92
278.92
298.80
262.52
339.12
292.20
287.80
307.52
281.12
287.20
304.72
299.00
286.20
309.20
283.72
302.60
301.20
282.20
292.52
282.60
264.52
337.40
299.72
323.20
304.52
295.12
277.20
310.52
282.20
287.00
307.72
269.00
297.92
293.20
298.00
299.92
298.00
283.72
337.40
287.72
285.80
289.20
286.12
304.60
283.52
275.80
328.32
268.20
319.00
307.52
283.12
317.32
383.00
339.60
329.12
341.00
365.40
449.72
424.80
431.40
422.60
434.60
466.72
450.12
432.12
441.40
454.12
442.40
375.72
353.20
360.52
447.72
404.72
545.00
418.92
492.52
357.60
452.40
327.32
384.52
401.60
392.72
578.80
439.92
427.40
375.12
336.72
403.20
416.60
425.52
496.92
400.20
360.72
495.92
341.52
276.92
298.12
250.80
261.60
377.52
264.92
265.52
273.12
328.52
307.92
494.72
314.72
338.12
358.92
431.80
434.32
371.92
451.92
439.80
373.72
347.72
460.00
394.40
443.00
462.12
445.12
458.40
461.80
440.12
462.40
461.72
463.52
445.52
341.40
331.80
333.52
322.32
421.80
362.72
335.80
343.52
305.72
330.32
396.52
317.00
308.00
334.40
287.20
426.72
319.80
314.52
357.12
318.52
327.32
456.60
354.20
336.80
329.32
329.80
366.12
468.32
334.40
332.52
305.72
350.52
359.60
317.80
365.60
343.60
350.40
372.32
449.92
337.40
331.20
410.80
422.00
438.52
411.52
362.20
355.32
394.00
374.80
409.12
372.60
311.00
301.92
298.80
386.52
312.72
323.20
327.20
386.92
471.80
477.12
416.52
374.20
336.92
297.40
353.60
365.00
330.00
349.32
327.92
309.60
307.40
307.52
354.12
334.20
289.72
375.12
325.32
328.32
351.12
327.32
319.12
345.52
405.40
411.40
332.80
295.80
355.92
335.92
334.52
312.52
315.32
306.52
357.32
339.32
326.32
321.80
288.92
316.32
330.60
365.00
334.12
335.12
303.72
407.32
367.80
430.52
418.40
348.52
306.00
322.20
350.52
326.12
311.32
321.60
327.72
407.32
373.40
380.72
365.92
310.92
353.80
341.92
357.52
343.60
305.20
348.40
356.32
339.12
361.32
367.32
329.40
355.52
335.80
344.92
420.00
329.72
366.20
316.12
278.12
280.92
286.52
289.52
309.60
331.60
375.20
295.12
265.92
283.92
323.80
285.32
284.12
281.00
247.00
291.32
326.72
332.52
312.20
269.00
264.40
270.72
272.80
279.00
270.52
273.32
299.60
272.60
279.52
318.12
325.60
274.60
278.20
276.80
292.80
298.80
261.20
306.60
281.12
287.32
271.32
263.92
251.32
285.40
287.52
290.12
273.40
252.72
263.72
267.72
285.32
309.52
281.52
265.72
288.12
283.32
290.72
297.80
259.52
269.20
268.12
275.80
278.00
280.20
257.12
269.80
263.80
264.20
287.00
255.60
283.80
297.12
291.40
308.72
302.20
262.00
439.92
383.40
309.00
335.12
349.72
358.40
403.12
375.32
361.52
396.32
394.92
434.20
430.12
406.80
429.32
443.72
432.80
444.32
406.72
442.60
445.40
417.80
429.20
445.92
445.40
444.60
444.32
431.32
443.80
444.52
507.52
614.72
559.32
562.20
576.40
382.32
388.32
353.52
344.12
472.20
477.20
329.32
333.12
303.60
297.40
387.00
317.60
325.60
308.00
302.32
395.32
323.40
310.52
438.92
344.20
358.92
481.40
308.52
307.12
338.32
309.20
348.00
350.60
314.20
332.20
302.60
303.52
357.60
389.80
307.72
304.52
297.12
317.12
347.12
305.60
331.00
304.80
292.20
468.72
309.52
310.72
321.60
298.92
327.72
324.40
306.20
314.40
310.80
312.12
395.32
323.00
303.60
332.72
302.92
318.92
384.60
310.40
357.52
315.20
291.72
361.32
321.40
298.40
321.60
297.52
294.80
368.00
306.92
306.80
323.40
282.52
316.32
368.20
305.92
334.32
306.52
294.72
361.92
314.80
308.92
308.12
315.20
335.92
344.40
328.40
334.80
327.12
402.60
423.92
387.00
319.72
271.72
261.12
255.80
279.00
276.52
260.72
259.80
313.60
354.52
267.60
263.40
286.12
250.80
260.00
273.60
262.00
273.00
258.32
254.12
258.80
255.20
257.92
284.40
264.80
258.52
275.52
281.12
276.32
282.12
246.52
289.52
267.72
287.00
363.52
341.72
352.20
340.40
376.12
330.60
400.32
282.20
279.00
298.92
291.32
266.72
270.12
261.40
299.60
282.32
320.92
293.20
254.40
274.00
270.80
270.00
270.00
271.52
251.80
322.40
325.32
333.92
302.20
272.40
294.20
275.00
268.52
263.72
279.00
261.32
268.52
271.92
324.52
327.72
297.52
400.52
320.32
318.72
312.32
327.80
316.12
341.80
342.00
305.60
319.80
307.20
300.80
323.80
310.60
326.40
319.20
312.52
326.92
338.72
347.40
330.80
415.52
317.92
368.80
322.52
331.32
372.12
367.40
368.80
331.12
324.32
334.80
327.12
316.32
320.40
329.32
325.80
362.12
334.72
304.12
325.00
327.52
329.32
336.40
296.20
345.20
322.12
323.40
346.52
326.12
307.72
325.32
320.32
338.52
341.20
312.12
332.72
327.00
324.12
380.80
337.32
311.20
348.52
331.72
327.52
322.32
306.32
313.52
326.72
353.32
341.20
378.92
344.20
335.52
309.52
305.40
323.00
304.00
299.92
310.52
311.00
312.60
317.12
300.80
342.32
307.92
321.40
342.20
314.60
312.12
313.00
320.20
327.92
322.00
313.00
361.80
313.92
307.80
316.80
256.12
253.20
272.52
257.80
298.12
285.92
330.72
307.80
258.60
262.32
285.60
293.60
274.20
303.72
286.20
328.20
291.52
274.60
288.32
275.80
280.00
293.92
285.12
321.60
368.32
325.40
276.80
293.12
271.32
256.80
273.00
267.52
265.52
273.40
291.80
304.72
353.20
315.12
315.00
304.32
329.92
299.80
315.80
340.00
340.20
336.60
311.40
292.60
281.52
284.52
258.20
252.52
276.72
259.92
256.12
269.60
259.32
269.12
258.92
255.60
288.40
256.00
246.92
269.92
258.60
261.52
263.20
254.20
262.52
263.32
271.52
280.40
266.72
275.12
352.52
276.00
272.60
282.20
252.60
241.60
259.00
258.72
255.92
260.92
260.00
303.80
257.40
255.80
266.00
252.60
268.92
262.92
260.12
268.40
287.12
258.92
261.72
280.52
286.72
303.60
274.92
263.32
276.32
278.92
259.40
267.12
248.40
257.60
344.92
281.72
281.72
251.72
251.32
260.92
267.40
267.20
270.80
268.00
254.80
342.92
277.32
278.80
277.40
263.00
327.72
278.72
286.20
318.12
264.52
266.12
281.80
308.92
307.20
287.40
320.40
294.92
258.32
256.40
261.52
248.40
251.60
263.00
279.60
274.92
256.72
240.60
244.12
270.12
255.72
307.20
260.12
242.00
270.20
257.00
252.40
269.20
255.20
262.72
250.20
252.32
270.72
254.72
252.40
260.12
267.12
263.52
254.00
252.00
236.12
248.20
258.92
247.72
248.60
232.20
286.00
267.32
274.40
271.00
252.72
266.80
258.32
255.00
253.00
257.52
242.12
267.20
251.72
261.40
277.72
249.40
242.00
251.12
251.20
252.20
267.12
245.00
236.12
250.80
249.12
277.00
256.72
250.20
258.20
260.20
273.00
285.40
257.72
260.00
255.40
256.20
289.92
321.32
239.40
296.12
261.52
260.40
259.80
287.20
261.80
266.72
263.00
272.40
271.92
267.40
288.52
314.12
262.40
276.72
306.80
264.20
264.92
261.72
259.72
266.00
272.92
286.60
270.60
257.00
276.12
284.92
239.92
254.12
254.52
261.80
276.92
294.52
261.72
253.20
264.92
274.92
253.60
253.20
256.32
252.80
265.00
299.12
265.52
283.40
298.32
267.52
283.80
284.80
242.20
291.92
314.20
322.92
270.12
248.52
253.20
275.52
254.12
251.00
250.92
241.52
265.60
266.12
251.80
261.40
256.80
286.92
320.20
258.52
256.20
264.60
248.12
252.00
270.52
315.72
339.20
332.00
336.72
346.00
307.80
249.80
268.80
303.32
302.40
260.12
256.52
272.20
259.52
239.32
279.60
274.72
254.72
301.92
269.00
290.00
295.00
282.72
312.00
316.80
282.32
349.92
313.20
285.00
295.60
307.32
293.60
283.12
291.52
363.80
272.40
261.52
289.20
310.72
312.52
295.92
259.40
247.00
271.32
313.60
286.52
260.92
261.80
339.60
271.12
278.52
292.52
258.40
267.80
266.00
260.80
260.92
259.40
249.00
268.80
306.20
253.60
265.80
258.12
230.52
267.72
254.32
268.20
268.92
248.60
243.52
254.00
257.60
281.32
255.32
258.00
272.32
260.00
267.92
264.80
248.92
246.32
258.12
255.72
256.60
250.72
230.52
283.80
264.80
251.72
282.40
251.72
274.72
258.12
290.12
262.00
258.20
249.12
287.20
292.92
259.80
266.20
255.80
247.00
260.60
253.60
252.12
258.12
246.40
249.32
252.80
253.52
272.80
251.00
261.80
274.40
251.40
260.12
259.72
250.20
250.92
257.12
257.52
305.40
257.60
251.20
262.20
264.52
269.72
300.40
264.20
292.80
265.40
266.60
265.52
269.20
263.60
284.92
269.80
266.52
304.60
356.40
284.92
332.32
260.92
266.00
258.40
259.92
294.60
266.40
270.60
278.20
325.00
249.32
271.60
259.32
252.92
257.00
250.40
252.72
254.20
271.60
307.80
291.20
363.00
336.80
304.72
250.52
265.32
250.12
265.12
251.00
259.80
274.80
258.40
284.12
267.40
272.32
269.40
270.32
253.60
242.12
256.72
264.00
248.00
257.72
245.20
283.52
262.72
248.60
255.92
248.20
253.92
250.72
268.00
252.32
266.12
283.92
264.00
252.60
256.52
269.72
258.20
248.80
262.32
260.60
265.52
265.20
258.72
242.60
251.80
250.12
276.20
247.92
251.20
253.60
254.72
269.20
260.12
248.12
238.52
250.32
255.32
273.52
249.20
237.60
269.12
273.12
266.80
269.20
271.00
316.52
272.12
275.72
269.72
277.52
266.72
283.20
264.00
266.20
272.00
262.52
254.52
271.80
265.72
266.20
268.52
257.40
259.72
259.32
257.52
308.60
304.92
256.32
261.32
272.52
260.92
270.00
259.00
300.20
262.60
257.60
277.12
253.20
243.00
303.40
272.52
258.52
271.72
249.72
246.52
249.92
257.32
257.72
252.40
248.32
266.20
259.00
288.12
266.72
254.40
246.72
256.92
264.00
252.32
256.00
242.00
258.20
265.32
249.40
257.80
249.40
233.60
248.92
250.80
250.52
254.72
246.20
263.60
295.72
254.20
273.52
262.00
262.92
249.60
257.12
261.32
273.52
260.12
262.40
258.00
255.40
275.00
254.32
242.20
261.52
256.40
262.12
268.00
247.52
252.60
265.80
248.80
256.00
247.40
239.60
263.00
249.20
252.72
254.60
260.12
253.60
267.20
324.72
342.52
351.80
294.00
288.60
272.72
272.12
285.72
261.92
264.52
321.12
257.80
254.52
254.40
285.72
273.00
254.72
255.80
285.60
249.80
240.60
250.12
253.92
287.92
256.20
252.80
236.92
253.20
255.20
280.20
259.80
248.72
264.72
254.52
274.40
269.20
247.80
242.20
251.72
249.40
247.40
251.52
235.00
259.12
252.72
255.00
256.32
247.00
237.72
248.20
253.32
276.80
253.52
251.20
262.80
271.52
255.32
271.52
254.32
248.52
253.32
291.52
250.00
250.20
252.72
244.20
252.40
254.12
285.60
2