Measuring voltage and current with INA219 ...
454.20
456.40
512.80
437.60
428.20
428.32
415.80
430.12
426.12
412.12
439.60
423.40
446.32
523.80
429.80
416.40
449.00
421.52
446.60
436.32
407.40
479.00
436.92
421.52
495.92
537.32
478.92
435.12
563.00
435.20
439.40
655.00
431.60
432.60
405.32
459.92
424.52
381.00
383.72
423.12
415.80
431.20
412.40
406.20
434.12
449.12
478.00
539.92
419.72
433.12
421.12
393.92
443.52
476.12
443.00
424.72
410.72
417.40
420.60
415.80
402.72
394.60
385.80
426.00
398.00
373.12
411.40
385.40
396.20
416.72
403.60
438.20
416.72
399.20
442.32
395.60
399.20
426.32
414.92
418.12
503.52
477.40
448.72
482.92
439.12
464.40
605.72
411.40
478.40
499.80
448.60
479.12
561.32
509.40
562.72
473.00
548.72
723.00
606.60
616.20
724.40
597.92
649.00
469.12
461.32
490.00
450.80
713.12
535.00
491.20
537.80
479.80
462.92
670.40
502.52
478.92
492.00
451.40
531.40
567.00
422.52
623.72
588.92
561.52
689.40
728.52
631.60
669.92
727.92
718.72
727.72
713.60
731.20
730.12
728.52
593.92
458.60
469.80
478.00
483.52
435.60
526.00
422.32
437.92
439.32
508.60
505.32
438.60
447.72
464.72
445.92
431.20
501.60
431.92
434.60
429.20
428.80
554.40
460.12
494.92
552.60
594.92
477.40
582.60
439.40
449.20
510.00
474.00
498.72
550.20
458.12
457.40
477.12
398.00
501.92
481.12
482.12
435.52
439.20
439.32
546.52
447.52
447.80
435.80
453.40
529.80
441.12
441.00
444.32
424.60
433.20
474.12
429.72
423.32
433.20
482.20
609.12
550.20
477.60
490.72
413.20
486.12
508.12
437.40
445.00
434.92
428.52
426.00
467.92
430.40
449.20
483.12
439.92
411.92
431.72
427.00
450.92
425.40
422.60
439.40
429.80
499.00
467.52
450.80
473.00
539.60
469.20
454.52
494.52
471.12
465.60
465.92
475.00
459.60
475.20
467.40
469.20
456.40
489.92
442.72
365.52
372.52
381.52
377.12
398.60
387.40
374.52
373.12
374.40
403.52
414.92
382.40
353.52
477.00
408.20
391.52
384.20
371.52
372.60
378.00
402.80
419.00
392.72
379.20
384.40
380.40
391.20
387.60
385.60
363.92
394.92
409.52
388.80
384.72
383.52
406.60
477.80
454.60
451.72
480.52
486.32
474.60
520.80
483.52
477.20
523.00
607.52
663.92
652.40
635.20
542.40
572.20
504.40
568.92
589.60
486.00
446.20
472.92
441.40
504.80
438.32
437.72
506.60
439.72
427.72
460.72
422.52
503.20
533.60
501.72
511.20
452.80
467.52
539.60
455.20
480.20
444.92
445.60
477.60
468.60
484.92
486.40
466.20
464.52
499.80
448.40
458.12
476.92
429.00
482.20
410.40
409.32
483.92
440.52
456.60
497.32
452.00
486.40
492.00
579.72
607.32
680.12
615.12
665.40
524.80
572.12
710.60
742.00
741.72
741.12
741.92
743.60
582.72
550.52
658.72
675.72
674.40
656.32
673.72
723.72
677.20
693.92
676.80
718.72
743.32
741.92
744.20
744.40
734.52
744.32
667.52
462.20
421.12
433.80
559.92
648.40
435.12
456.12
442.12
477.60
640.20
435.92
479.12
480.80
483.20
554.40
483.00
716.00
719.12
446.32
429.80
471.40
729.40
462.32
430.32
421.12
538.12
453.40
469.92
483.40
462.92
465.52
529.20
452.72
416.80
461.60
469.72
469.72
462.00
499.80
454.92
430.80
431.32
454.32
436.80
447.20
440.32
431.60
508.92
447.40
470.00
488.00
453.92
477.72
539.12
489.12
488.12
496.72
456.92
476.20
542.32
414.72
428.52
440.32
456.52
508.72
454.32
445.00
484.00
459.00
454.40
537.60
473.00
436.72
469.20
463.00
496.00
509.00
467.40
458.60
442.40
415.92
474.40
438.60
431.12
444.00
438.20
448.92
441.40
473.52
460.60
550.80
507.12
518.80
449.60
407.92
399.92
393.00
406.60
372.92
376.20
405.00
376.72
377.00
435.92
397.92
401.80
381.72
386.60
429.72
399.72
408.60
405.32
413.40
423.32
475.80
397.80
396.52
396.92
388.32
422.80
374.00
388.52
382.20
406.60
396.72
401.72
379.40
405.52
413.12
403.80
402.80
431.12
403.60
444.92
392.52
382.72
450.80
400.52
378.00
402.52
414.92
404.60
370.12
395.72
396.32
416.32
387.00
378.00
400.52
389.60
412.40
417.40
406.52
449.12
498.92
463.32
396.72
442.60
426.72
391.32
409.52
438.12
403.20
380.72
364.32
435.20
473.60
421.60
497.40
440.20
467.20
478.80
452.80
490.52
478.60
500.72
473.72
441.40
451.20
422.60
446.32
429.72
432.80
446.12
437.52
426.32
424.20
451.80
512.80
649.72
448.72
436.72
463.72
471.60
435.60
460.72
412.52
419.00
434.60
422.40
463.72
447.40
434.80
432.12
445.32
443.72
426.40
427.60
427.00
447.80
487.40
453.92
476.20
460.40
473.12
436.72
459.80
536.80
471.12
442.20
410.60
454.92
485.20
452.32
431.80
433.32
435.72
459.92
466.20
458.52
447.40
460.72
471.52
467.20
467.40
455.20
426.80
430.72
430.32
461.60
421.20
423.92
429.72
436.12
439.60
447.72
406.00
432.32
481.80
416.00
476.40
475.40
468.80
438.52
485.32
476.80
485.60
455.20
486.20
438.52
442.72
457.92
445.00
439.52
505.32
440.60
461.92
452.60
384.00
370.20
380.32
406.00
383.00
385.72
398.72
401.52
401.12
393.12
403.12
370.60
366.00
388.52
374.80
374.72
377.20
383.72
381.20
402.00
417.80
420.40
446.20
390.52
375.60
388.72
439.52
403.80
409.52
363.32
359.40
377.80
393.12
447.32
388.40
383.80
409.72
373.32
394.60
424.12
408.92
398.52
401.52
443.40
379.20
395.80
395.52
382.72
383.92
386.52
362.00
378.00
351.52
362.12
412.72
432.40
429.80
438.12
403.52
398.92
445.60
402.80
395.40
419.32
471.20
484.60
508.12
509.40
492.32
471.60
463.12
457.32
431.32
436.60
398.32
393.00
390.20
388.12
375.52
381.92
399.72
397.92
403.32
395.32
409.80
427.72
393.00
412.40
402.32
421.60
405.32
391.92
397.72
429.12
380.52
370.20
399.00
375.92
376.80
420.60
391.60
398.00
397.32
405.20
402.32
390.20
390.60
414.00
394.52
388.20
399.72
393.12
377.80
347.52
359.20
355.40
449.00
384.12
390.52
442.32
441.32
422.92
406.52
422.60
444.40
445.32
424.40
422.40
403.72
410.40
382.52
391.52
415.40
374.00
388.60
413.60
400.52
378.40
376.60
368.80
375.20
408.20
373.32
434.00
407.60
384.12
391.52
393.60
401.20
413.12
385.32
389.52
360.40
379.80
373.72
379.60
377.20
370.40
407.80
442.80
452.92
362.92
371.92
379.40
413.52
385.40
401.32
401.00
389.00
393.92
378.00
391.20
371.60
395.80
371.92
381.80
381.52
373.80
378.12
398.00
373.92
409.92
424.60
390.32
413.80
442.72
421.20
383.32
387.32
384.60
404.32
381.72
401.00
433.40
407.52
384.32
443.20
398.60
392.72
418.12
468.40
396.12
409.40
391.12
389.92
412.20
391.92
380.72
409.72
424.52
400.80
441.40
388.20
379.52
355.40
378.20
378.32
410.72
407.20
379.80
392.80
434.20
407.20
407.00
396.60
411.72
430.12
482.52
410.92
401.60
398.32
380.80
395.52
399.12
401.52
401.20
378.52
375.20
371.52
408.32
369.20
396.20
391.72
429.60
404.80
385.20
380.32
394.72
388.60
408.00
389.40
387.32
355.00
383.92
382.00
378.20
381.40
383.00
376.60
413.92
431.80
454.72
387.20
393.92
371.72
412.00
406.40
415.32
376.12
384.80
371.60
398.80
371.32
372.80
367.80
377.00
399.00
378.60
393.12
389.72
390.12
388.72
453.92
402.00
435.32
440.60
390.80
400.32
391.20
386.40
351.80
364.92
383.00
399.92
412.40
400.20
375.92
399.20
416.52
429.80
404.40
405.40
451.72
444.12
435.52
433.00
411.00
455.20
428.60
490.12
441.40
454.40
458.40
401.32
406.12
405.12
402.20
391.60
371.00
394.20
402.92
372.60
400.52
395.92
423.12
443.32
416.52
426.80
407.72
457.32
393.72
402.60
454.12
397.00
378.40
369.92
398.92
391.72
403.72
421.52
406.32
407.40
414.60
408.32
430.52
400.40
402.80
439.00
437.32
477.32
419.12
421.92
443.32
437.80
388.60
423.20
388.52
397.72
380.32
403.20
465.00
384.80
408.92
442.40
430.32
408.80
407.00
423.20
463.80
404.80
383.32
417.20
384.52
390.00
400.40
381.72
389.60
390.12
382.00
381.00
369.80
388.72
399.72
404.12
400.32
401.52
386.12
408.80
389.40
400.00
422.32
402.32
379.72
368.72
373.92
396.00
398.72
441.92
456.40
436.20
390.20
385.60
394.52
427.52
390.12
409.20
401.92
391.72
414.32
417.72
423.60
384.40
406.80
360.92
373.12
422.60
393.40
388.72
389.12
403.12
425.20
429.32
403.40
416.92
393.00
402.92
383.52
385.40
392.40
419.80
419.80
422.52
446.00
401.12
385.72
418.20
396.92
393.80
393.20
401.60
389.52
404.60
433.52
410.60
393.60
404.72
373.32
397.92
405.52
401.80
372.12
412.40
393.20
398.92
421.92
406.92
410.60
417.12
387.80
411.92
434.52
402.60
424.20
393.00
420.80
423.60
468.72
384.00
395.40
421.20
388.20
409.80
373.60
370.72
374.52
396.12
372.12
348.92
368.52
402.20
405.72
410.40
416.20
403.32
402.52
408.52
384.32
402.52
420.12
403.60
416.72
457.60
488.20
520.20
478.52
483.40
448.20
459.12
426.60
456.80
482.00
408.40
398.20
374.52
385.20
404.72
367.80
377.92
357.32
395.60
415.92
394.40
394.40
372.00
393.20
397.12
396.92
372.40
379.60
426.00
402.20
427.00
405.12
403.32
398.60
443.20
390.92
408.20
403.92
405.00
365.72
397.40
416.00
394.00
440.00
439.60
394.52
393.52
414.00
424.72
408.20
398.20
403.52
424.72
386.80
404.80
420.20
393.40
389.40
420.20
368.32
389.32
387.52
387.32
403.52
411.40
385.12
412.72
402.52
388.20
437.80
379.20
398.80
397.72
395.12
402.80
418.80
417.40
427.32
397.80
402.60
409.52
385.12
389.72
381.00
395.00
392.12
384.40
398.00
395.32
344.12
412.12
422.52
403.72
422.80
398.52
386.52
409.12
383.60
391.92
373.32
377.32
392.80
398.60
400.92
394.00
395.20
394.00
411.72
406.60
412.92
415.72
433.92
427.80
386.72
406.40
392.80
402.72
401.40
389.80
400.00
395.32
396.72
379.92
392.72
375.72
393.32
394.20
377.32
416.92
409.72
430.00
423.60
410.12
383.72
409.60
402.52
392.12
401.40
418.12
369.92
388.60
383.72
383.60
401.60
454.80
400.80
427.32
412.00
399.40
375.80
380.52
404.20
422.80
383.40
385.80
410.92
405.80
422.92
410.32
414.92
382.52
380.40
386.40
387.60
403.52
361.80
407.92
362.00
406.72
435.92
394.72
392.12
366.20
406.60
380.00
388.32
400.20
374.40
401.20
423.52
413.80
384.00
386.32
378.80
375.52
372.32
411.92
391.60
399.80
393.80
407.52
424.32
407.52
409.52
414.92
403.32
406.72
409.32
379.92
378.80
374.72
393.20
397.12
386.80
385.52
432.00
379.72
370.52
403.92
382.12
380.32
455.40
418.80
423.72
462.60
415.12
387.32
440.92
416.92
411.12
378.20
373.72
361.12
406.32
394.00
399.72
404.92
391.80
398.32
404.52
419.20
396.92
420.00
394.20
405.00
405.60
422.40
399.00
377.80
383.12
418.80
398.40
400.60
397.00
395.72
405.92
389.40
418.52
446.92
523.20
378.52
410.32
397.40
406.00
398.00
411.20
406.80
382.00
385.72
366.12
357.40
353.40
387.60
402.80
416.52
380.60
370.72
405.20
422.72
423.12
403.40
421.20
391.32
393.80
418.32
406.52
414.12
386.40
385.32
376.52
421.72
390.72
463.72
371.60
392.72
406.92
379.60
369.00
392.20
397.60
399.52
393.00
388.32
385.32
411.72
461.12
428.40
434.00
375.80
357.00
366.92
405.60
397.32
398.12
392.80
412.80
391.52
389.80
411.20
407.32
407.80
401.60
406.80
410.32
410.32
411.20
432.20
403.80
402.12
408.32
366.00
379.00
380.00
392.72
379.80
401.12
381.72
394.80
399.92
415.32
432.92
404.32
512.32
472.92
404.32
428.20
4