Measuring voltage and current with INA219 ...
740.20
717.32
738.72
739.12
737.80
740.00
696.92
704.72
740.72
736.32
740.72
745.60
720.60
744.60
742.12
737.80
741.32
727.20
735.52
742.92
747.32
739.92
736.52
742.00
743.32
742.12
742.92
745.32
705.72
714.12
737.32
739.20
741.80
741.12
693.00
740.72
740.40
740.20
742.40
724.80
725.32
744.72
739.60
738.40
739.92
694.60
722.60
739.60
740.12
741.00
745.32
717.80
742.12
739.92
737.20
737.12
687.12
729.60
745.72
742.92
741.52
734.60
726.32
742.72
749.80
738.72
740.00
699.12
709.52
738.80
739.32
739.80
746.12
689.52
742.00
746.52
743.72
740.20
719.72
723.52
741.52
736.92
742.60
744.40
714.12
738.72
744.40
742.40
741.20
740.00
718.60
737.60
738.60
738.80
740.52
681.72
739.20
738.40
737.40
738.92
743.92
710.60
744.72
743.00
738.80
746.20
721.80
732.92
738.72
738.32
738.32
729.12
711.60
740.12
743.80
741.12
740.72
717.60
715.20
743.20
736.20
740.72
738.72
711.52
736.92
738.12
737.00
740.80
733.32
718.72
740.40
737.60
742.92
731.72
688.92
740.12
739.80
735.52
741.32
740.20
718.92
743.20
744.80
741.12
743.32
722.12
742.60
746.12
746.32
742.20
735.60
740.92
745.80
744.32
746.80
751.40
707.40
714.52
751.92
754.72
755.00
751.20
735.20
760.32
755.32
759.32
758.72
746.72
762.20
775.20
778.72
784.92
771.40
775.52
786.60
764.92
761.72
755.60
758.12
734.72
761.00
752.32
753.60
757.80
693.20
769.80
759.32
748.20
747.60
731.32
733.00
749.60
745.80
743.72
741.20
709.00
734.52
745.12
743.00
743.40
745.52
720.20
739.12
736.72
738.52
745.32
723.40
736.52
739.72
744.20
745.20
733.40
725.40
747.92
744.60
747.60
742.80
744.80
734.92
748.52
747.12
746.20
741.80
686.52
749.32
745.60
745.32
746.20
731.20
734.52
743.52
748.40
748.20
748.20
733.60
748.72
741.60
743.32
744.60
743.80
719.80
737.80
738.00
739.72
740.20
706.20
714.20
739.40
735.12
740.52
742.12
706.20
740.52
742.00
737.12
741.60
721.20
738.40
736.60
738.80
736.60
732.52
724.52
736.20
737.52
737.80
737.60
713.00
711.12
737.92
737.80
738.12
737.20
703.12
742.92
749.20
742.60
738.12
737.32
719.60
738.92
738.00
737.52
732.12
703.20
712.80
736.80
737.92
738.00
738.32
721.52
739.12
738.40
738.40
738.12
704.40
745.72
742.20
744.12
740.80
736.32
731.52
740.60
739.12
738.40
739.80
698.60
714.00
741.52
741.00
740.12
737.40
685.32
737.80
742.40
743.72
739.92
722.32
737.12
741.80
740.80
742.52
738.52
734.40
742.00
746.00
737.12
744.60
741.40
724.20
736.80
739.20
738.52
737.92
684.00
748.00
743.20
743.80
747.92
737.92
722.60
741.92
737.92
738.52
738.12
705.20
733.80
741.72
741.60
739.80
741.12
701.12
737.92
740.12
740.00
740.20
716.32
711.12
736.40
737.20
737.72
737.52
723.60
739.00
739.72
739.12
743.20
740.32
714.92
739.32
738.00
739.72
736.40
690.32
735.80
740.72
736.12
735.80
736.72
704.72
732.72
737.00
735.92
737.00
718.20
729.52
735.32
729.60
731.12
736.00
704.00
732.92
736.60
731.12
732.92
699.72
707.12
734.72
734.00
735.92
734.60
701.40
732.40
729.52
725.72
726.00
720.72
712.60
728.32
725.92
728.12
722.40
726.00
731.00
728.40
727.32
726.52
695.20
699.40
726.60
726.00
726.32
725.20
685.32
728.20
727.32
726.92
729.60
716.20
708.52
725.92
727.20
727.52
727.80
687.52
706.40
726.92
728.72
727.32
730.92
701.32
727.92
725.72
726.20
727.00
707.92
711.60
729.40
727.80
726.60
724.12
718.92
731.12
729.92
726.92
729.92
685.52
704.80
725.32
725.12
727.60
727.72
670.00
728.00
728.80
728.12
728.32
711.00
716.20
725.00
725.32
728.20
726.12
703.72
723.40
726.00
726.92
728.40
727.60
703.60
728.32
729.32
729.00
730.20
686.32
730.92
727.52
728.72
727.52
733.60
704.40
731.40
732.72
733.72
729.52
704.80
725.60
734.92
729.72
727.80
724.72
704.92
732.00
733.60
736.00
731.52
706.80
712.92
731.72
728.00
734.52
734.72
713.20
730.00
736.00
736.20
732.00
732.32
702.20
727.12
725.52
727.20
723.20
701.12
728.32
726.52
727.12
726.92
726.80
702.92
729.20
728.60
728.32
728.20
711.20
730.92
726.52
727.60
730.12
722.40
725.60
726.00
726.60
727.40
726.60
692.92
696.60
728.32
726.92
729.72
728.40
690.00
726.52
726.40
727.32
726.72
716.00
712.52
726.00
727.12
727.32
722.52
726.40
726.00
726.40
727.72
729.32
729.52
709.32
727.32
728.00
727.20
726.60
678.32
726.72
726.92
727.72
728.20
714.92
713.60
727.40
729.00
726.52
730.32
696.00
712.40
727.92
732.60
733.60
736.80
720.00
737.40
739.12
739.12
736.20
726.52
719.80
738.60
735.60
734.72
730.52
725.60
733.00
737.60
737.72
736.20
739.92
723.60
737.40
738.32
736.72
730.00
690.12
733.00
731.32
732.80
734.20
728.80
723.92
733.32
737.92
733.52
730.60
726.40
734.00
734.72
734.92
732.52
732.72
716.92
733.60
730.00
731.32
733.60
717.32
705.72
730.12
734.40
733.20
736.12
708.20
734.80
732.32
733.52
728.20
718.40
716.12
732.80
730.92
728.52
731.92
724.60
732.32
736.60
730.52
733.60
718.72
707.52
734.72
730.92
734.20
735.00
703.80
728.40
726.40
726.72
725.72
725.12
711.12
725.52
724.72
727.12
725.20
702.72
708.92
726.72
728.00
726.52
726.60
699.00
727.00
725.40
728.92
728.92
708.40
727.12
733.40
726.32
727.32
723.32
723.32
727.20
726.72
725.12
726.40
692.00
697.12
725.92
726.72
726.20
728.92
678.52
726.40
729.60
727.20
726.72
712.00
712.72
727.00
724.60
728.32
720.12
724.60
716.00
725.92
725.60
725.20
726.00
703.60
727.32
730.00
727.52
726.92
681.92
725.72
727.20
726.72
727.52
722.60
710.12
727.20
725.72
726.80
726.92
690.80
715.20
728.20
729.52
727.72
727.80
680.72
726.92
726.92
728.52
726.80
716.40
709.12
729.00
724.80
727.32
725.80
703.20
725.60
728.60
727.72
724.60
726.72
709.12
726.92
726.32
727.20
726.00
690.32
727.60
727.80
727.52
727.52
727.12
696.80
726.92
725.60
725.40
725.40
717.32
725.12
725.20
726.72
727.60
727.12
706.20
727.12
728.12
727.52
728.52
708.20
701.52
729.40
731.12
729.52
730.00
688.60
727.20
727.80
728.32
728.12
725.52
713.72
726.00
726.60
728.20
723.92
723.52
727.72
726.80
725.60
725.12
711.32
702.92
725.12
725.72
726.00
723.72
695.52
725.92
727.12
726.12
729.40
725.12
711.80
725.92
726.40
726.20
727.80
701.92
705.72
726.52
727.32
726.52
728.52
704.92
726.92
727.32
726.20
728.80
721.52
719.60
726.12
727.00
727.60
726.12
719.92
727.72
730.12
724.20
725.00
701.52
703.40
725.32
730.80
727.80
726.80
690.60
726.20
726.40
728.40
724.72
721.20
719.20
725.72
727.20
728.32
726.12
708.20
721.92
726.92
724.72
727.00
726.20
708.20
725.32
728.52
727.72
727.12
688.32
710.00
728.72
729.32
729.92
727.12
699.92
728.72
727.80
729.52
730.00
708.40
722.12
728.60
727.52
729.12
727.52
706.12
729.92
725.60
726.92
727.92
717.00
707.52
725.80
726.32
727.32
726.52
720.92
728.32
726.92
725.40
725.00
726.40
711.52
727.20
724.92
728.32
724.40
695.12
725.72
727.12
724.92
728.32
726.40
691.00
727.12
727.20
725.92
727.72
719.32
726.00
728.32
731.32
728.32
723.52
726.20
725.72
725.20
725.80
726.00
706.20
701.72
726.72
726.00
726.32
725.92
698.40
725.52
726.60
727.52
725.12
720.32
716.20
725.20
725.20
726.20
720.40
723.40
724.32
728.52
730.32
726.32
726.92
705.32
727.72
729.20
729.20
727.52
691.80
726.20
727.00
726.32
727.32
721.72
717.20
725.40
727.00
725.12
726.72
699.40
713.12
727.32
726.32
724.72
727.32
703.60
725.52
726.92
726.72
726.52
721.92
712.80
725.72
726.52
727.12
723.40
714.80
726.00
726.92
731.12
727.40
728.40
705.52
726.60
726.40
727.20
727.80
690.40
727.12
727.72
729.60
730.80
723.32
720.72
727.92
728.00
728.72
726.80
718.52
724.92
732.00
733.52
731.92
737.92
716.72
741.92
739.20
737.40
737.00
723.20
712.20
737.60
738.00
737.12
736.00
702.20
734.72
735.80
735.80
734.80
722.12
719.00
733.80
736.12
739.80
728.32
718.20
733.72
738.40
734.20
735.40
723.72
711.72
730.32
732.92
733.52
734.32
712.72
730.12
735.12
733.12
733.72
731.92
711.32
727.20
734.92
736.20
732.80
714.80
701.32
725.92
725.80
729.00
724.32
690.72
724.60
725.72
726.00
724.20
715.12
725.12
727.20
725.40
727.52
724.00
725.20
727.00
726.72
725.92
725.20
703.00
696.92
723.92
727.12
726.60
725.60
691.80
723.40
725.92
726.60
726.00
718.20
720.20
725.20
724.92
727.52
724.00
725.52
716.20
725.72
725.80
725.20
726.00
701.32
724.52
726.72
727.20
725.00
688.52
725.52
727.20
727.20
725.40
724.80
704.60
726.52
729.80
727.52
726.12
703.00
712.52
725.52
724.60
725.00
724.92
688.00
728.00
725.80
725.72
726.40
720.72
715.32
726.72
725.00
725.20
724.92
716.20
726.72
725.92
725.32
725.92
725.32
706.72
725.52
725.52
726.80
726.40
688.20
725.60
725.60
726.12
723.92
726.72
690.80
725.60
724.92
728.92
725.40
718.52
725.32
727.92
726.40
724.72
728.00
712.20
724.60
727.52
725.60
726.80
708.40
703.60
724.92
725.12
726.00
728.32
696.00
726.52
727.20
728.00
727.00
725.72
713.60
725.12
727.80
727.00
724.80
712.92
726.40
728.32
728.52
725.72
710.52
696.20
727.60
731.12
728.32
725.80
706.20
726.40
726.32
726.00
730.00
723.52
711.72
725.20
724.60
725.52
724.32
703.52
702.92
725.60
725.60
725.40
725.40
698.72
726.20
727.72
729.20
725.72
721.40
718.32
724.60
724.72
724.40
722.12
724.00
725.52
726.12
727.20
725.80
700.72
705.60
725.00
725.52
727.00
725.52
688.12
725.20
725.32
725.60
726.40
721.20
715.60
724.60
724.80
724.92
723.92
706.12
717.20
726.20
727.60
725.52
727.60
702.80
727.60
726.12
727.60
727.20
687.52
708.92
724.00
725.72
726.52
730.40
709.52
726.12
725.92
725.40
722.52
703.60
716.12
725.92
725.60
728.20
726.12
687.72
726.80
725.72
726.72
725.40
717.12
712.12
725.00
724.00
725.20
727.12
719.32
724.32
726.20
726.72
726.20
724.92
705.92
724.72
724.40
726.52
727.80
684.80
727.20
724.32
727.20
725.40
726.32
701.20
724.72
726.20
726.52
723.72
719.40
727.72
727.12
725.92
725.72
723.60
719.80
725.92
726.52
727.20
726.20
708.52
701.60
724.72
726.12
723.72
725.52
695.80
723.60
724.80
725.92
726.72
725.00
717.00
726.32
726.72
725.80
724.12
714.00
725.32
724.92
726.00
724.92
725.40
696.00
725.80
723.92
730.12
724.80
701.52
724.40
726.32
727.12
725.52
723.60
721.20
724.40
726.12
725.00
726.12
702.60
707.00
724.60
725.52
725.12
725.00
705.12
727.12
725.52
726.00
725.72
725.32
719.52
725.60
724.32
726.72
725.12
723.52
727.12
726.40
725.12
725.60
726.92
704.40
727.40
726.60
728.40
725.00
687.00
726.52
727.80
727.72
727.72
720.00
720.32
728.20
727.40
728.60
727.40
712.00
720.12
729.60
724.72
723.32
725.60
704.52
724.60
725.12
724.60
724.52
715.00
707.40
725.12
724.80
726.92
725.20
698.72
723.80
728.72
726.92
728.20
705.00
704.20
724.12
724.80
726.40
723.40
685.40
727.40
725.92
727.92
726.52
717.00
713.32
725.72
729.20
727.12
726.60
724.00
729.40
733.92
731.40
730.40
736.32
712.80
735.80
736.60
735.52
738.52
720.00
710.32
733.60
736.80
733.40
743.60
704.20
733.60
737.52
736.92
732.80
730.60
734.52
735.72
734.72
731.52
729.92
727.52
729.80
733.20
731.80
733.60
712.12
705.52
729.20
728.12
734.80
733.40
703.32
728.80
732.12
729.60
729.92
728.92
710.80
726.92
724.92
725.72
723.40
721.52
707.52
725.92
725.40
726.52
726.20
698.52
727.72
725.40
726.92
724.72
696.00
726.72
726.52
724.72
726.00
7