Measuring voltage and current with INA219 ...
694.40
697.20
694.20
692.32
696.52
690.12
693.32
697.40
693.20
695.52
679.92
670.80
695.12
692.72
694.00
695.72
669.80
696.20
698.92
698.72
707.20
706.32
691.20
695.40
699.12
696.60
700.80
695.80
698.72
698.12
698.92
696.92
698.32
682.52
698.60
697.80
699.52
696.20
674.00
697.20
701.60
698.20
697.52
699.12
693.80
698.00
701.52
698.12
698.40
679.92
685.40
699.60
698.60
698.40
704.32
669.20
696.92
702.12
701.80
699.52
696.60
693.52
698.80
705.20
696.40
700.72
688.12
698.72
700.12
697.00
703.72
703.92
687.60
703.52
703.52
704.92
706.72
668.80
705.60
709.12
709.20
710.12
705.20
685.72
706.72
706.92
706.60
707.00
700.72
705.52
706.72
704.32
705.72
707.52
691.92
704.80
705.52
705.60
706.40
692.52
680.40
705.32
704.12
705.72
705.00
683.00
705.52
703.60
702.80
705.32
699.80
695.52
703.72
703.12
702.40
705.40
698.52
700.60
703.60
702.40
707.40
711.40
687.40
703.72
705.80
700.40
707.52
676.12
705.72
708.32
709.72
708.52
706.60
699.12
712.00
714.80
713.00
718.00
705.40
713.32
710.32
720.92
727.92
725.32
703.00
744.52
723.60
735.00
733.80
722.92
712.80
712.12
709.52
710.12
717.60
701.12
710.80
707.32
708.12
710.72
690.60
693.80
717.12
712.40
717.60
704.52
676.52
707.20
705.12
705.80
705.60
703.40
701.80
703.92
704.00
705.80
708.92
699.80
705.52
706.20
706.60
714.12
706.12
697.12
706.72
702.60
707.52
706.20
695.00
681.40
704.52
706.32
709.12
703.92
685.20
706.72
703.80
704.72
712.20
700.32
702.32
705.52
706.12
705.72
706.60
701.12
707.00
704.80
705.32
708.60
690.52
685.20
705.00
699.60
701.92
708.32
667.80
699.00
700.52
700.00
705.40
701.12
694.80
702.32
699.60
700.72
701.72
682.20
684.60
699.80
698.92
705.40
701.32
680.72
699.32
699.00
697.32
698.12
661.32
696.52
698.40
697.40
691.20
697.32
689.80
699.60
698.60
698.40
695.80
679.80
682.40
694.00
693.52
695.60
690.32
665.40
698.80
702.60
697.52
695.52
694.72
686.72
690.40
692.20
696.40
692.32
683.20
693.80
698.00
699.20
697.52
691.72
683.60
695.92
693.32
694.52
696.52
665.32
693.92
698.20
692.20
693.40
698.12
673.92
697.00
695.12
690.60
696.40
693.32
691.80
693.20
697.32
695.40
695.52
696.72
698.72
701.32
699.32
699.20
686.60
675.20
700.40
699.20
695.20
701.20
666.20
697.92
702.20
700.12
700.20
697.92
689.72
697.80
698.72
697.20
697.32
693.00
696.20
698.20
698.32
696.20
697.40
678.80
695.12
697.32
694.40
698.92
665.20
693.60
693.92
697.40
698.12
694.52
685.72
695.52
695.60
693.60
695.60
678.12
678.52
692.32
695.80
694.00
699.32
682.00
695.00
694.80
700.60
692.12
692.40
685.52
698.20
692.12
693.40
696.40
686.92
695.92
692.52
694.32
699.52
694.52
685.12
694.00
691.80
690.12
694.92
663.72
693.60
698.52
693.00
697.92
694.32
685.72
694.00
695.72
691.32
692.20
686.60
695.12
697.00
692.12
693.32
697.80
689.32
695.60
692.60
695.20
695.52
680.52
672.72
694.20
693.00
693.92
702.20
675.72
696.00
701.20
690.00
695.92
696.72
685.72
695.20
693.20
692.80
692.32
691.32
692.32
698.80
698.40
693.20
675.20
674.32
698.40
696.92
697.40
696.40
664.20
696.60
697.60
690.12
693.52
694.52
683.60
696.32
695.72
690.12
694.52
678.40
683.60
696.72
693.92
695.52
696.80
671.92
693.32
696.20
695.20
695.52
663.00
682.72
695.80
691.60
696.32
695.72
686.60
695.40
695.80
695.92
695.52
677.52
685.20
696.40
692.52
695.12
697.32
665.32
690.80
694.32
698.52
693.60
692.52
689.72
699.00
694.12
694.92
697.92
689.32
695.60
692.52
696.72
691.60
695.60
678.92
693.60
692.52
690.92
690.80
668.40
694.92
699.20
694.92
693.80
694.80
680.32
694.00
694.32
696.52
701.12
694.72
694.80
696.32
694.60
694.32
693.52
695.12
698.40
698.12
696.60
698.32
685.12
673.00
694.40
692.00
695.40
696.80
662.60
693.80
697.40
698.00
696.92
693.72
683.00
690.72
691.00
695.80
695.60
692.40
692.32
697.92
693.32
695.20
694.52
681.52
696.00
696.00
695.92
696.32
660.60
696.32
697.80
692.52
697.20
693.52
685.60
695.40
698.32
694.80
695.92
673.20
682.32
697.32
698.00
698.40
696.40
678.60
692.92
697.32
695.32
696.80
689.60
682.00
695.60
693.92
699.00
692.00
686.52
694.80
696.00
694.12
693.40
696.00
694.72
695.20
696.92
694.72
695.80
657.40
691.80
693.92
698.92
691.80
697.40
666.52
695.72
698.20
691.20
696.12
692.80
695.32
693.72
697.00
698.12
699.40
694.00
695.12
699.32
696.80
693.32
681.72
671.80
694.72
694.12
694.80
699.32
671.80
695.72
697.40
694.20
696.12
697.12
686.52
696.32
694.32
695.60
694.52
686.80
694.52
694.80
691.52
695.52
680.32
672.00
691.32
696.72
693.72
696.52
662.52
695.12
694.72
694.80
695.60
693.60
683.52
693.20
696.00
695.20
694.60
676.40
680.92
696.60
692.12
694.12
698.40
681.72
694.92
696.20
695.92
693.00
693.72
683.52
700.80
692.20
691.72
694.92
678.60
698.12
697.00
694.00
694.20
675.20
686.20
694.32
697.32
689.32
697.12
655.12
696.20
697.60
694.92
697.20
688.80
680.20
696.32
695.40
694.72
697.92
694.20
693.40
696.40
690.80
690.52
697.40
680.00
694.00
697.00
694.72
696.20
681.40
672.72
697.32
691.12
694.60
698.40
666.60
696.92
696.20
692.92
697.20
693.80
695.80
697.32
694.52
693.60
695.20
689.92
694.00
697.72
694.80
693.00
682.72
673.92
698.00
692.20
693.60
691.20
658.00
694.32
693.40
699.00
695.00
697.12
690.52
695.20
697.60
697.92
688.52
688.32
682.32
697.92
693.80
697.00
702.80
685.80
698.60
701.32
696.20
697.72
657.72
697.40
693.60
692.52
694.00
692.72
678.32
695.40
695.52
695.32
695.12
678.32
680.00
696.52
692.72
697.00
691.80
655.72
698.12
698.60
698.60
694.92
698.00
688.60
697.60
691.92
690.60
692.12
678.40
695.60
698.20
698.52
697.20
699.72
691.80
695.12
698.40
695.80
697.20
656.12
694.52
699.80
693.80
695.40
697.12
661.32
694.92
691.40
696.80
696.00
690.32
691.60
698.52
691.52
693.60
697.52
692.12
694.72
696.20
696.12
695.92
682.40
673.20
697.32
694.52
695.12
698.00
670.40
697.92
692.20
694.32
696.72
692.20
689.40
695.72
695.20
692.60
691.20
687.72
693.60
697.00
695.20
694.40
697.92
674.12
694.60
695.92
690.00
693.92
661.80
692.32
693.72
693.92
693.60
692.72
688.20
693.12
698.20
695.40
698.20
678.52
680.12
698.12
691.72
694.60
695.40
679.72
694.12
697.12
694.60
699.20
692.20
683.32
697.60
694.20
694.00
693.60
678.00
692.60
697.92
698.32
693.40
698.12
684.52
694.72
693.60
693.52
697.12
654.52
693.92
698.12
696.72
695.00
693.72
682.40
697.80
694.12
695.92
694.92
689.40
693.40
697.00
695.40
695.20
693.52
683.00
695.60
697.40
690.40
696.80
682.52
673.60
693.20
693.00
693.72
695.92
671.00
694.12
694.32
697.40
694.80
692.20
686.52
695.40
694.12
696.20
697.12
692.32
694.80
698.72
697.80
695.00
681.60
665.92
693.60
692.12
696.32
696.32
664.20
691.92
697.40
692.32
694.80
695.32
690.12
692.00
697.12
696.92
698.12
675.00
683.72
697.12
698.52
697.92
700.20
676.80
697.92
699.92
695.92
695.60
661.60
696.20
696.52
693.12
695.92
693.92
669.20
696.00
698.32
698.72
692.92
673.52
685.52
692.00
697.00
693.92
697.60
661.20
694.32
701.20
695.60
697.32
693.52
685.00
695.60
693.92
692.92
696.32
693.92
693.12
695.80
696.12
695.00
698.92
684.20
693.92
690.32
694.32
697.20
654.12
697.20
698.52
692.52
691.72
697.00
655.52
700.12
700.52
697.40
697.00
688.32
695.52
697.80
700.32
695.52
695.80
696.00
695.32
702.52
697.00
701.60
682.40
673.92
695.92
692.80
693.40
697.60
664.92
696.60
697.32
696.72
698.72
690.60
686.80
695.92
697.60
693.92
696.92
693.12
694.20
700.60
693.80
695.20
698.00
675.80
696.52
694.52
691.52
696.40
662.52
696.60
696.32
693.52
695.52
698.40
681.00
690.60
699.20
694.00
696.40
671.92
683.20
698.60
692.92
693.52
695.92
675.40
696.72
700.00
692.92
692.60
695.32
679.52
695.52
699.00
693.72
697.12
674.92
696.00
698.60
698.20
694.32
699.12
677.52
695.80
692.40
693.20
697.32
657.52
693.92
697.12
694.80
693.92
689.60
668.40
694.20
698.32
695.72
694.92
690.60
689.92
695.40
694.92
691.80
697.00
679.20
695.80
695.52
697.00
696.80
678.92
674.00
696.72
696.80
694.72
697.40
662.32
702.80
693.52
696.00
693.92
696.52
691.92
694.60
697.92
690.72
694.20
696.52
693.92
699.40
696.20
696.52
677.12
670.80
695.52
696.40
695.40
695.20
655.92
696.52
697.52
693.32
693.40
694.80
688.60
693.00
693.40
696.12
697.00
679.40
681.60
692.92
692.52
695.52
699.32
682.12
696.00
694.00
691.00
696.32
695.40
679.32
693.60
689.60
697.92
691.00
675.80
691.00
699.60
697.40
692.12
675.72
680.52
697.20
697.12
695.32
698.00
662.40
695.80
702.60
699.00
697.20
695.32
686.32
698.80
698.92
700.52
695.32
691.20
696.52
697.60
698.52
696.32
697.92
686.20
694.20
695.52
694.32
697.80
661.00
668.20
698.32
693.12
694.80
694.60
668.40
696.52
696.72
692.00
694.12
692.92
692.80
696.20
697.60
696.20
698.32
698.20
694.20
695.80
697.20
694.72
679.32
675.92
698.00
694.72
696.40
692.32
662.80
699.92
696.40
697.92
695.32
690.52
690.20
696.40
693.80
692.12
693.60
692.72
693.72
697.40
693.72
698.00
695.40
680.60
694.40
696.40
697.40
693.40
662.12
696.52
695.12
694.12
696.40
693.80
666.52
695.20
695.80
697.32
695.52
679.92
680.60
695.92
697.00
693.72
700.00
662.32
696.40
696.80
693.40
694.72
695.60
683.92
695.12
693.60
697.92
697.60
675.40
694.80
697.80
695.40
695.80
697.32
679.60
697.20
694.20
694.60
698.80
654.40
696.00
696.00
693.12
692.32
698.92
664.20
694.40
697.00
692.92
694.12
689.72
696.52
693.20
697.12
693.72
695.00
680.32
696.32
695.52
695.00
691.12
676.12
666.80
696.80
697.20
701.80
697.20
667.12
695.00
698.00
696.60
694.52
693.80
689.72
695.52
698.52
694.20
693.40
695.32
694.32
696.60
696.60
695.52
697.32
678.80
699.00
694.60
692.60
697.80
661.72
695.32
693.20
697.60
695.72
690.20
689.20
694.20
696.92
691.40
696.20
682.52
682.12
697.60
695.20
697.40
700.80
686.80
693.80
693.52
697.80
697.60
696.52
683.20
696.40
696.52
699.72
695.80
668.72
695.20
699.32
694.92
701.20
679.60
681.00
691.32
699.12
698.52
696.80
664.00
694.00
699.20
694.32
695.00
697.00
681.12
695.40
694.72
699.12
694.00
695.12
691.40
697.12
696.80
702.80
696.32
683.32
694.72
694.32
696.32
696.52
683.00
672.52
696.12
691.00
695.60
696.12
663.80
691.40
698.00
699.60
694.60
692.32
689.80
696.20
698.32
698.72
697.52
697.60
695.72
699.00
696.92
695.40
682.72
670.80
694.00
697.12
700.12
698.00
662.40
695.60
699.00
695.00
695.52
695.20
682.60
695.72
697.80
693.40
695.80
680.12
680.60
696.20
693.20
695.32
693.40
681.52
695.32
694.80
694.72
698.92
659.20
698.40
695.92
698.32
697.40
697.80
682.12
694.60
696.12
692.20
693.80
680.60
688.32
697.40
693.00
693.80
697.60
658.00
694.32
698.72
696.60
696.12
690.80
684.32
695.40
695.40
693.20
698.00
674.60
697.12
697.80
692.00
693.72
698.32
677.72
697.92
695.52
695.40
699.00
658.40
691.92
698.40
691.40
696.20
697.32
668.60
694.60
690.72
696.20
696.00
691.60
693.52
697.60
696.40
694.80
694.72
690.60
696.12
694.72
695.92
694.60
678.32
667.60
698.80
693.60
695.12
699.52
665.60
696.80
700.00
696.72
694.72
695.20
690.20
694.40
698.92
695.52
696.80
690.32
694.20
697.40
697.92
695.20
697.52
674.92
697.12
695.60
698.92
691.72
664.92
694.52
698.40
695.52
693.52
691.80
672.92
693.80
696.32
690.32
696.20
678.20
682.72
696.80
692.52
694.52
698.72
675.20
695.92
697.80
693.60
6