Measuring voltage and current with INA219 ...
685.20
682.52
683.60
683.20
681.92
670.52
685.12
687.20
685.92
683.80
636.32
684.40
685.40
683.80
689.72
682.60
666.92
681.40
685.80
683.20
688.40
662.80
674.12
683.12
681.92
684.60
680.92
669.92
682.00
681.92
688.00
684.80
675.20
673.12
682.20
683.32
682.20
680.72
661.92
686.00
687.40
687.52
683.12
684.92
668.32
687.12
684.60
686.20
682.12
635.00
683.92
683.60
685.52
686.60
675.20
669.00
682.12
685.92
686.60
681.00
680.60
686.72
681.52
682.00
687.20
685.60
677.12
682.32
683.32
685.00
689.00
666.12
667.40
685.32
683.80
682.80
682.12
655.80
684.00
687.00
682.72
686.40
681.40
686.40
684.12
680.52
686.00
680.40
683.20
687.12
687.20
683.72
681.12
665.60
661.60
687.12
686.52
689.12
685.60
648.52
687.40
688.80
691.00
688.92
684.92
682.00
689.52
692.12
692.52
685.92
661.60
675.40
686.12
684.40
690.32
688.40
669.92
684.00
685.00
683.00
687.52
652.12
677.32
684.20
684.20
678.92
681.72
670.92
683.20
682.92
684.20
679.80
659.12
667.72
685.20
684.80
685.40
681.80
641.00
683.52
686.80
683.32
681.40
676.32
672.00
685.32
685.12
683.72
683.12
677.12
679.92
681.80
680.12
686.12
682.60
671.00
682.20
683.92
685.92
682.80
640.12
657.12
681.40
680.52
682.72
682.80
656.12
683.32
685.32
682.52
686.80
672.92
685.92
685.32
682.52
678.92
678.60
676.20
684.92
683.60
687.60
684.32
668.60
668.72
683.60
683.40
691.32
684.52
653.52
680.00
684.32
680.60
684.72
690.00
681.72
694.20
686.72
689.80
692.52
681.92
694.60
693.92
702.32
707.52
713.80
678.92
705.60
704.60
710.12
708.60
692.32
714.92
719.00
724.52
709.12
699.40
697.52
699.40
696.32
702.52
700.60
670.40
672.20
692.52
699.92
692.32
695.92
662.52
703.12
689.12
695.32
688.40
684.12
678.40
685.60
685.92
683.72
681.80
681.32
684.32
685.20
689.00
684.12
681.92
669.72
686.20
682.72
684.60
684.00
642.40
681.40
685.72
688.52
682.52
681.32
652.60
682.92
684.60
683.00
686.32
675.40
682.00
681.12
680.72
682.32
684.80
665.00
683.80
683.40
689.00
687.20
670.20
665.40
682.80
687.60
686.12
685.60
655.20
679.72
681.12
688.80
681.72
687.12
669.72
685.92
685.60
688.20
678.12
656.40
684.52
683.00
685.20
681.12
683.80
663.72
688.12
684.12
688.20
684.20
671.12
685.80
687.40
686.60
685.52
682.60
670.00
681.40
686.12
683.92
680.72
661.80
657.72
680.00
681.12
682.60
687.20
650.72
684.00
682.60
681.60
683.92
678.12
674.72
681.12
678.92
678.80
680.52
682.72
679.92
680.72
682.32
678.52
660.12
670.32
678.92
680.80
680.72
678.60
640.32
681.72
683.80
682.80
682.12
681.00
674.40
685.60
683.20
683.20
679.40
662.32
670.60
679.40
680.80
679.00
684.32
666.80
676.80
681.72
681.52
679.52
670.20
663.00
678.60
679.00
678.32
681.92
665.32
676.20
685.20
681.40
687.12
665.00
675.92
682.32
689.00
686.72
680.40
646.40
685.32
685.52
689.00
680.32
675.40
668.92
681.20
679.92
681.72
678.32
677.20
681.92
684.60
685.92
678.60
686.52
667.72
683.52
684.32
683.20
680.00
661.52
654.80
677.12
681.32
686.80
682.12
660.60
685.12
684.80
685.72
678.80
675.60
679.80
677.52
680.32
678.12
681.92
682.20
681.32
685.00
679.92
683.20
657.52
659.80
678.80
680.40
680.40
680.12
646.80
679.52
680.12
679.80
679.80
679.12
673.72
681.00
682.00
677.12
677.80
679.40
669.40
676.80
679.20
677.32
685.12
667.00
683.60
682.52
678.60
675.92
645.92
677.12
679.40
678.92
679.20
679.20
662.80
679.40
681.72
684.32
679.00
658.12
666.32
681.80
677.40
675.32
681.12
644.12
677.60
683.72
683.00
679.12
680.72
668.20
676.12
680.20
677.80
679.80
675.72
678.52
680.72
680.52
681.00
679.80
670.72
684.20
685.32
680.32
679.92
640.92
678.00
683.12
681.20
678.12
678.32
655.52
682.32
689.72
685.80
683.92
673.72
679.92
681.12
683.20
679.32
681.12
675.72
678.12
681.32
683.40
683.92
663.20
653.20
683.52
678.92
676.80
684.32
655.52
678.80
679.92
683.72
679.20
682.12
672.52
685.20
682.20
680.32
677.52
671.92
680.52
683.40
683.80
696.60
687.12
662.72
690.92
686.12
687.60
686.72
653.00
679.12
685.32
684.12
681.00
679.40
680.40
680.00
687.72
687.00
689.60
660.20
662.40
677.40
683.40
684.80
682.80
658.92
680.60
684.12
686.00
686.80
678.40
673.32
681.32
681.52
683.92
682.40
680.52
681.92
684.92
681.80
680.60
684.60
668.80
681.32
684.32
693.40
678.52
641.20
680.40
686.40
682.20
682.80
680.72
673.00
686.40
685.72
683.00
679.80
670.00
678.80
679.72
684.12
678.52
684.00
671.52
680.72
685.32
691.12
680.20
669.52
664.80
678.40
677.32
681.52
684.80
657.32
682.40
684.60
687.20
686.92
683.80
670.12
680.80
683.92
683.12
677.32
667.60
678.60
681.60
681.32
677.80
672.20
659.40
678.80
680.92
682.60
678.00
660.60
679.72
683.20
681.52
677.40
682.52
672.12
683.92
683.72
682.32
683.20
660.32
663.92
679.80
682.52
679.40
681.00
652.92
678.92
682.40
684.12
681.00
659.60
673.00
678.80
680.20
681.60
679.80
677.80
679.92
684.20
681.00
679.72
657.92
659.52
682.52
681.80
680.60
676.00
645.92
679.40
683.72
681.12
678.60
676.52
676.00
679.72
679.20
680.00
678.32
663.52
673.32
681.80
680.32
677.92
688.80
662.72
681.00
682.32
679.80
679.32
647.12
659.52
683.20
681.72
681.12
681.92
660.92
680.20
683.52
686.40
682.12
664.20
672.40
681.40
679.12
676.80
680.80
659.12
677.20
683.32
681.92
680.40
673.80
660.40
677.92
682.60
678.52
680.20
672.40
678.20
681.72
679.32
683.52
680.60
664.60
678.32
684.32
679.80
679.32
646.72
677.60
682.60
681.80
678.72
683.00
658.20
681.40
685.20
679.52
678.32
676.80
678.40
678.20
681.92
680.12
677.00
680.00
677.32
681.60
681.92
682.00
658.52
652.52
681.40
679.20
677.00
681.92
646.92
678.12
678.92
683.92
680.20
680.52
671.40
678.40
678.52
679.80
677.52
680.40
678.60
679.32
680.20
680.00
683.60
664.00
682.20
680.52
679.52
680.52
647.20
678.52
682.40
682.92
679.40
676.72
667.12
680.72
688.72
679.12
685.80
660.32
672.92
681.32
681.32
679.12
681.52
664.12
680.20
686.52
683.52
685.20
675.52
666.12
678.52
678.12
678.80
680.92
672.12
678.80
680.20
680.60
677.12
685.32
667.00
679.72
680.20
680.00
678.92
644.80
679.40
685.72
683.60
681.80
683.72
642.32
685.60
682.32
681.72
677.52
676.92
677.92
679.40
681.40
677.80
678.00
666.12
678.12
683.52
683.60
676.72
661.72
660.92
677.32
679.72
678.80
680.92
652.80
677.20
682.72
681.60
680.92
678.72
672.40
678.20
681.40
679.60
675.60
677.72
679.52
682.20
679.92
677.60
664.12
658.60
682.12
682.20
679.52
677.60
654.40
678.20
680.52
680.80
678.20
680.60
671.20
681.92
684.12
680.00
676.12
656.40
664.00
677.12
683.40
681.60
683.72
661.60
683.32
686.92
688.40
686.52
678.00
667.60
682.12
685.32
682.20
681.32
678.00
678.20
684.92
684.32
685.20
659.60
662.00
680.00
685.60
680.72
681.12
651.40
682.00
682.52
683.20
681.92
679.52
673.12
680.12
681.12
684.00
678.92
671.32
674.80
681.92
682.00
679.20
682.60
662.12
680.12
682.92
679.32
678.32
666.60
652.72
679.60
680.32
680.52
682.00
649.92
680.12
680.20
682.60
679.72
672.80
677.52
679.92
680.12
677.40
679.52
672.40
677.72
684.80
681.20
682.40
671.60
653.92
676.80
682.12
682.00
679.80
658.72
677.20
680.52
681.92
685.60
682.40
673.20
683.60
684.12
682.80
680.20
663.12
663.72
683.60
684.20
678.60
679.92
661.20
681.80
685.40
683.32
682.32
661.32
677.52
683.40
678.72
685.12
677.12
676.00
678.60
687.40
680.92
680.92
660.92
659.72
679.32
681.72
677.40
682.52
651.00
683.20
678.40
681.40
680.20
681.72
673.60
681.40
680.00
680.20
676.80
676.20
675.20
679.92
681.80
679.40
681.20
665.12
683.32
678.80
679.20
678.40
644.72
677.92
685.00
680.52
678.00
679.72
655.00
679.72
685.00
680.00
683.80
668.40
676.52
676.80
679.40
678.00
678.52
661.12
679.12
683.72
685.60
682.92
673.32
665.12
678.40
679.72
679.40
682.12
665.00
681.72
680.00
682.80
678.00
682.80
669.12
679.40
679.12
680.40
676.12
654.20
680.20
684.80
680.32
677.12
684.72
654.20
684.80
685.32
682.20
681.20
676.12
678.72
681.00
687.12
678.52
678.00
681.20
679.00
686.52
684.00
677.72
660.32
658.72
679.92
681.12
681.60
685.32
658.60
682.20
684.92
680.40
683.80
680.40
676.20
684.80
684.72
682.40
679.80
682.32
679.92
681.92
681.92
682.72
682.72
670.92
681.92
681.20
682.00
678.12
644.00
680.92
682.72
683.72
679.00
677.40
668.12
679.80
684.32
681.00
677.32
658.40
668.60
678.40
681.40
681.40
681.52
667.20
679.12
682.60
682.20
683.32
680.92
662.92
679.92
682.00
677.12
679.92
669.00
677.92
686.00
683.60
680.72
683.00
668.20
679.52
680.80
679.20
680.32
647.52
680.00
680.60
680.32
681.20
676.40
667.12
678.20
684.20
685.00
683.40
675.52
677.32
682.40
681.72
677.72
683.20
660.20
680.60
681.80
681.12
679.92
660.80
658.92
681.32
679.80
680.40
684.12
650.52
683.32
684.92
682.12
680.20
678.20
669.00
681.32
682.00
678.00
682.00
681.72
677.52
686.60
682.20
679.00
667.72
654.12
679.12
680.20
680.80
680.32
649.00
678.32
681.92
678.60
682.72
679.60
674.92
682.60
683.12
685.12
682.40
663.80
668.32
683.92
683.92
678.20
678.60
665.20
680.92
683.52
682.80
680.72
650.92
671.80
677.40
684.20
680.92
678.20
665.32
682.32
681.12
680.80
681.92
657.92
667.40
685.00
683.60
695.60
692.40
658.52
688.72
685.92
691.80
693.80
684.12
675.12
683.32
680.80
679.12
685.20
677.12
683.32
684.60
680.20
681.72
683.12
664.40
684.40
682.80
678.60
682.60
643.92
678.20
680.40
683.60
678.80
679.32
648.72
679.52
684.80
682.40
680.12
678.00
679.40
680.72
681.80
680.80
678.20
676.72
678.60
681.72
680.20
683.72
663.72
655.32
682.60
680.40
678.72
684.80
656.80
677.72
681.72
686.80
678.32
682.60
669.12
683.92
682.72
681.80
677.60
674.12
679.92
684.00
682.00
680.12
683.92
665.20
684.72
684.40
682.80
679.80
657.20
679.20
680.80
685.32
681.00
678.72
675.52
677.60
683.12
684.12
676.52
656.60
659.12
679.32
679.52
680.72
683.60
655.72
677.20
682.80
680.20
683.32
678.12
673.72
681.80
683.40
679.80
679.72
673.92
677.72
679.72
679.12
679.72
682.80
671.12
678.12
681.00
681.52
677.72
643.72
679.60
684.00
679.60
678.00
683.40
649.12
681.72
682.80
681.92
677.92
670.00
674.52
680.32
682.00
680.12
682.52
669.12
679.12
684.20
684.60
683.00
671.00
659.92
676.20
680.92
683.00
681.32
657.32
678.60
685.12
680.40
680.00
683.32
664.92
677.32
682.92
683.20
677.32
667.12
681.32
685.40
687.00
686.20
672.00
656.40
684.52
687.60
684.00
682.60
667.00
678.80
684.00
682.80
682.92
686.80
669.20
687.32
687.12
685.72
682.32
663.80
658.40
683.20
683.72
683.20
682.60
656.72
682.12
685.80
685.12
684.60
681.52
675.52
679.00
680.80
677.32
677.20
677.20
677.52
683.60
677.80
680.80
662.20
663.52
678.12
684.40
678.80
682.12
640.40
680.72
680.60
677.92
679.60
676.80
677.72
680.60
682.60
678.92
681.52
665.40
671.12
685.40
684.92
680.52
683.92
668.32
685.52
684.52
681.60
679.20
674.40
661.52
680.12
680.00
678.40
680.20
657.72
686.40
680.80
684.60
683.20
665.32
678.00
686.92
681.52
682.72
684.92
657.52
684.80
684.60
684.80
683.80
680.60
664.80
680.32
685.52
685.32
679.92
675.20
680.72
682.00
677.80
684.60
680.00
666.12
682.60
685.00
683.52
683.52
658.32
660.92
681.92
684.40
677.60
680.80
664.00
685.00
685.60
685.32
684.12
675.80
679.32
677.00
686.32
680.92
681.80
680.40
679.32
679.92
681.72
686.00
665.72
657.32
683.72
686.12
677.32
683.32
648.80
683.92
680.12
682.52
680.32
679.92
675.12
685.80
682.52
681.40
678.40
683.72
673.92
686.92
679.72
679.52
6