Measuring voltage and current with INA219 ...
719.00
716.72
666.12
719.60
718.32
718.60
722.12
706.12
708.00
716.72
716.00
720.12
722.20
688.40
716.60
720.60
719.40
717.40
720.60
698.80
718.40
716.32
720.72
718.40
667.12
696.60
718.72
719.20
719.92
719.40
695.60
719.60
717.92
720.92
718.12
686.72
709.00
718.72
717.40
718.92
715.40
693.00
718.52
719.60
720.20
719.00
696.92
699.92
718.40
715.40
718.00
717.92
694.40
721.52
721.12
719.00
718.60
721.80
698.00
719.52
720.32
718.52
717.80
692.00
719.72
720.32
720.00
720.52
721.80
708.60
720.92
719.60
721.60
720.20
698.40
721.52
720.60
721.60
723.92
722.40
719.72
721.80
721.60
720.52
719.60
681.52
683.00
719.32
723.40
719.92
720.32
703.60
718.12
720.40
720.72
718.60
709.40
705.52
717.72
717.72
718.00
719.72
717.40
721.52
720.60
717.72
720.32
718.12
695.60
720.92
717.40
720.20
716.40
678.12
718.32
717.20
717.32
719.00
716.12
709.40
719.80
719.80
720.32
718.20
675.80
704.20
720.72
722.60
722.72
721.32
691.80
721.00
722.60
726.00
721.80
705.20
701.72
721.60
718.52
721.20
720.40
708.60
719.40
721.12
723.52
722.00
717.32
701.40
721.00
722.00
716.80
716.00
686.32
714.92
716.40
717.92
718.60
702.20
701.60
715.92
716.00
718.60
713.00
700.52
717.52
716.52
714.60
714.80
717.12
697.92
713.80
715.52
717.12
718.80
681.60
681.60
713.52
714.60
713.40
713.20
689.12
713.52
714.32
713.00
712.32
705.20
700.40
711.92
713.52
713.80
715.40
713.52
713.60
714.40
715.80
713.80
682.52
686.00
713.60
712.40
716.12
714.72
680.52
718.92
719.00
716.72
721.52
713.52
705.40
718.80
723.00
724.32
724.92
685.72
714.92
731.92
740.00
739.60
741.12
730.52
755.72
747.20
748.60
749.12
709.92
739.52
736.40
739.32
734.80
733.00
729.40
732.00
743.12
732.60
729.12
691.72
718.52
729.00
735.92
736.12
733.92
693.40
726.52
729.72
733.00
726.12
727.20
733.52
735.52
723.20
725.92
729.80
702.92
724.00
723.12
719.80
716.72
719.20
701.40
719.80
717.00
714.72
713.92
681.80
714.72
713.80
714.12
715.60
716.52
700.60
717.00
718.12
716.32
714.72
689.72
713.40
714.52
714.60
714.52
714.12
709.72
714.20
717.92
715.40
713.80
689.12
686.60
712.00
712.32
715.20
715.12
683.72
717.00
718.80
715.32
713.40
710.12
696.80
715.80
714.60
712.40
713.92
705.60
719.52
716.32
713.52
714.60
714.72
691.80
715.20
717.60
716.12
712.60
684.12
713.20
714.00
712.12
711.72
711.40
711.52
713.92
713.52
716.92
712.92
673.72
689.20
713.00
717.00
713.32
712.32
688.60
712.32
712.32
714.40
713.00
701.20
704.80
715.60
717.20
717.12
712.32
712.80
716.20
720.92
717.60
717.12
717.80
696.40
716.00
719.80
717.20
718.52
679.20
719.80
717.60
717.12
716.00
705.92
711.32
715.92
716.40
721.20
717.32
689.72
706.80
719.92
715.80
714.00
714.92
685.72
715.72
714.60
716.92
717.00
696.60
694.00
712.20
713.92
713.60
713.80
705.60
714.72
714.60
715.60
712.92
715.92
699.92
713.60
714.00
716.12
712.92
693.32
713.00
713.72
714.12
716.72
698.32
693.20
712.12
714.60
712.80
714.72
696.80
715.80
715.40
713.60
716.80
715.00
693.60
714.60
713.52
716.92
712.80
681.72
686.60
713.40
714.60
712.40
715.00
704.60
712.40
714.40
714.92
713.52
706.20
703.20
715.40
713.92
711.32
714.80
713.00
714.12
713.12
715.00
713.20
685.52
681.32
713.32
711.92
713.92
713.52
672.40
713.12
712.80
714.40
712.80
705.92
702.20
712.72
712.60
711.12
713.40
672.52
698.52
713.92
712.20
711.92
714.32
701.32
713.40
711.40
714.52
712.60
676.20
702.92
716.60
719.72
716.40
713.32
704.52
715.72
716.52
714.80
714.72
673.80
694.00
713.92
715.20
711.60
712.80
667.00
711.60
713.72
716.40
711.80
703.00
701.20
715.20
712.40
712.40
708.40
697.40
712.20
712.92
712.80
713.20
713.52
694.32
715.20
714.32
712.20
711.92
672.20
713.92
713.00
712.40
714.00
714.60
685.72
714.52
716.12
715.00
711.72
694.92
711.60
711.80
712.00
713.52
708.00
702.80
712.80
713.72
715.00
712.60
687.72
690.52
712.52
713.00
712.92
713.72
692.40
712.32
716.00
714.60
712.12
708.72
692.32
712.80
713.92
713.52
710.80
697.92
714.60
717.32
714.72
712.92
715.00
694.20
713.80
713.60
714.92
715.52
690.92
716.12
720.92
721.80
719.92
717.00
713.00
726.52
721.32
721.60
721.72
682.40
692.72
723.60
723.40
721.12
720.52
693.92
721.72
723.40
721.52
719.40
711.20
713.12
717.60
720.92
726.40
716.20
717.12
722.00
721.00
720.12
718.32
720.00
700.20
718.12
718.20
723.60
718.92
679.32
717.20
720.00
721.72
719.00
706.72
701.72
720.20
723.20
724.52
725.60
697.92
724.72
723.32
724.40
725.00
728.92
699.20
728.40
724.80
729.32
720.12
701.80
703.20
720.52
722.92
717.12
717.12
702.72
715.52
718.80
716.92
716.32
714.72
698.12
717.20
719.72
719.80
718.72
692.72
721.92
722.40
724.20
726.40
704.92
705.20
722.60
723.92
722.92
718.92
708.32
721.72
718.52
718.60
717.00
720.52
695.80
719.20
718.12
716.20
715.32
679.92
684.00
716.40
713.12
711.40
713.00
692.60
713.32
713.92
712.92
714.60
701.32
700.20
714.00
714.12
716.52
715.32
715.52
713.52
715.72
716.72
716.20
682.80
679.72
715.20
714.32
713.32
713.72
672.72
714.12
716.00
716.60
713.92
704.92
700.12
713.72
715.20
712.72
714.52
681.12
697.32
714.32
713.60
712.32
713.32
686.40
715.00
712.92
713.52
713.40
675.40
713.12
715.40
715.00
715.00
711.72
704.92
716.00
715.40
716.52
712.80
677.60
697.52
713.72
713.80
713.52
713.20
674.12
714.52
713.12
716.80
717.20
699.20
699.52
712.92
713.20
713.00
710.40
700.00
711.00
714.40
715.40
713.20
717.72
690.12
715.00
715.40
713.12
711.92
668.80
714.32
715.00
713.80
714.40
713.32
696.60
712.52
714.60
715.52
713.20
699.60
709.60
712.92
713.92
712.12
712.92
706.52
713.32
712.00
714.52
714.80
687.12
681.00
715.72
714.00
712.92
713.12
684.80
715.60
721.12
716.40
713.80
713.32
704.72
713.80
716.12
716.00
714.00
713.80
715.80
715.80
715.32
711.92
713.72
692.12
715.72
715.00
715.00
714.12
686.40
714.40
712.80
714.80
714.00
713.00
715.00
714.12
715.20
715.72
715.52
693.40
693.40
715.92
717.32
716.00
716.52
690.72
713.40
717.80
715.20
714.12
712.72
708.32
714.72
714.60
714.52
716.12
711.32
712.92
715.40
715.80
713.80
714.72
701.92
715.72
715.40
714.72
714.00
680.80
713.20
712.60
714.12
711.80
710.20
707.00
715.00
715.52
716.20
714.00
702.12
709.40
715.12
712.72
711.80
713.40
702.12
712.00
713.80
714.40
711.72
704.60
694.00
712.80
714.40
711.32
713.20
700.00
715.40
713.92
713.20
715.20
714.20
698.32
713.20
714.92
714.52
711.72
695.20
713.52
713.32
716.40
718.80
707.40
694.32
714.20
714.00
714.60
714.60
697.52
713.52
714.32
715.60
714.12
715.60
697.52
715.32
713.40
713.72
714.32
698.92
692.12
713.12
713.72
712.32
714.32
690.92
714.72
713.52
714.80
713.20
706.00
709.72
716.72
715.80
717.80
717.32
714.52
715.72
716.20
715.60
715.32
693.72
688.72
714.60
711.20
713.12
714.12
679.32
713.12
713.52
716.40
715.52
711.32
707.20
714.20
714.60
711.00
712.12
695.52
700.20
713.80
714.60
714.00
715.92
700.20
719.32
716.80
713.72
713.00
683.40
713.92
713.32
713.20
715.12
715.40
693.60
711.40
714.80
714.72
713.20
694.00
701.80
713.60
714.12
712.60
712.00
679.40
712.40
713.52
715.00
713.32
712.20
702.12
712.52
715.80
713.72
713.72
698.80
714.80
715.20
714.60
714.92
717.80
700.72
718.40
717.32
717.00
719.40
693.32
722.72
720.80
721.72
718.00
718.60
701.52
721.80
719.92
722.12
720.32
715.20
717.60
719.12
722.40
719.52
721.80
723.32
714.72
717.92
716.12
714.60
700.12
688.92
714.72
716.00
715.92
717.92
683.52
717.92
719.00
717.12
715.00
710.20
702.92
713.40
713.32
716.20
714.80
714.12
713.92
716.00
714.32
712.40
713.72
693.92
717.20
714.40
713.00
713.32
684.32
713.60
716.12
715.20
714.32
712.72
708.40
714.60
715.92
713.80
713.52
696.32
698.40
714.32
717.60
713.20
714.92
691.52
714.92
715.12
716.00
714.52
710.20
708.12
716.60
715.72
715.00
716.60
710.12
714.92
715.12
716.52
716.12
715.32
701.60
716.52
716.60
716.60
714.52
686.52
715.80
714.72
715.72
716.00
712.32
706.80
715.60
718.00
718.80
713.32
705.72
709.72
713.20
716.32
712.12
713.40
698.60
712.72
710.00
713.00
713.00
703.60
696.00
713.72
716.40
715.60
713.72
695.52
714.72
715.20
714.92
716.00
700.72
701.72
718.00
715.20
714.92
716.60
708.32
715.60
716.20
717.72
716.60
703.80
690.40
714.12
714.12
712.52
715.32
693.20
711.52
715.20
717.20
712.92
713.20
700.80
715.40
713.72
713.60
713.72
695.40
695.72
715.00
715.20
714.32
714.32
687.32
715.32
715.00
715.32
714.40
697.72
712.32
714.20
713.52
712.72
716.00
713.12
714.32
715.00
713.20
713.72
693.60
691.32
714.12
715.00
716.60
715.80
682.20
714.80
714.40
715.60
714.32
711.52
709.80
716.20
715.32
716.40
714.20
696.92
707.52
713.92
714.80
716.20
715.20
698.20
714.12
715.32
713.92
713.20
684.92
711.20
713.40
711.60
714.00
713.60
704.52
712.92
714.72
715.00
716.40
696.72
703.92
712.12
715.72
714.12
713.32
699.32
713.40
712.52
714.12
714.40
710.12
698.72
714.32
714.12
714.00
715.72
695.32
718.00
717.20
715.80
713.80
714.80
699.72
714.60
714.52
713.92
715.00
684.12
712.12
714.52
715.52
713.32
713.92
683.60
716.20
715.32
714.12
712.60
710.00
713.60
713.92
715.20
713.40
714.60
714.52
712.80
713.60
715.52
717.32
694.12
687.32
712.20
714.12
714.52
715.20
684.32
715.60
720.60
720.72
718.52
716.32
712.20
719.52
717.80
716.92
717.92
724.20
725.60
723.92
719.80
726.00
725.40
705.80
722.60
724.20
721.12
720.60
691.80
719.80
723.60
724.00
720.00
716.72
707.80
715.40
718.40
715.80
716.40
692.40
701.20
716.12
717.20
713.12
715.92
693.00
715.32
716.00
714.40
715.72
711.80
702.20
715.72
713.80
714.40
714.00
703.52
713.32
714.92
715.32
715.52
716.80
699.00
714.72
714.40
715.40
715.20
685.00
716.80
716.12
715.12
715.60
709.40
703.72
713.32
716.32
718.52
718.52
708.20
713.80
714.00
714.92
713.12
716.72
702.52
711.52
714.40
712.52
716.00
700.40
693.20
713.92
715.40
714.52
714.80
682.52
714.52
714.32
714.40
714.40
703.52
701.92
715.32
715.40
712.32
714.32
712.60
711.92
713.92
712.92
716.20
699.72
695.00
715.00
714.60
713.72
715.20
688.12
716.20
712.80
713.40
713.20
713.40
701.60
716.40
716.92
716.92
714.60
694.52
698.72
714.92
714.72
713.40
714.92
688.52
713.72
717.00
713.20
715.12
692.20
716.40
714.72
714.52
714.40
714.80
714.00
713.52
714.72
714.92
713.60
694.12
695.12
713.52
716.60
714.80
715.52
685.52
714.12
715.00
715.52
716.80
709.52
708.40
716.52
720.92
720.12
724.80
717.00
715.00
721.80
721.60
721.72
720.20
703.92
721.12
721.20
717.32
721.72
689.12
716.40
715.60
717.00
714.52
714.92
699.52
714.40
714.80
715.40
712.92
697.32
709.32
716.52
715.40
715.00
714.80
696.72
713.32
714.92
713.32
712.60
705.32
695.52
713.12
714.52
714.12
713.80
692.60
714.12
715.12
716.72
716.00
719.60
711.60
714.72
714.40
715.92
715.00
700.80
713.00
717.40
714.80
712.60
715.00
693.60
714.80
716.32
714.12
714.40
701.40
715.20
715.12
715.80
714.52
716.00
716.72
714.00
716.12
714.12
714.60
694.80
689.60
714.92
713.32
712.80
714.40
695.60
716.32
714.12
715.80
7