Measuring voltage and current with INA219 ...
713.52
709.40
709.20
680.00
675.80
710.80
709.12
709.60
715.92
692.12
710.60
713.60
711.52
711.12
708.72
701.40
713.20
710.92
711.12
708.60
711.20
716.00
723.40
720.12
731.40
699.72
698.52
717.80
717.40
715.92
718.92
680.52
713.40
717.52
714.12
717.80
710.80
698.80
718.20
717.40
718.72
719.00
681.72
696.40
717.20
715.60
714.60
721.00
701.32
714.80
716.72
714.72
719.12
701.52
706.92
716.60
716.40
716.12
710.80
702.40
716.12
714.20
716.52
715.60
676.12
698.92
715.12
712.80
713.40
713.52
665.60
713.32
716.32
713.72
717.20
704.80
699.00
716.20
713.80
717.00
717.32
706.92
716.60
720.52
716.00
715.60
715.80
695.20
715.80
716.32
713.80
716.60
668.72
681.00
714.12
714.72
714.12
714.32
692.92
715.00
716.00
714.12
717.20
702.20
712.00
718.12
713.72
716.80
714.32
707.72
715.80
717.00
719.00
716.12
680.60
687.00
712.72
711.72
710.40
712.80
670.92
709.60
715.60
710.72
711.52
704.40
694.32
711.60
709.72
711.92
708.60
703.52
711.32
711.12
711.40
711.32
711.32
690.12
711.40
709.52
709.00
712.60
669.32
710.00
712.20
713.00
710.92
707.72
697.92
710.60
712.32
709.80
711.72
671.80
695.80
715.20
714.12
713.32
714.32
659.80
711.32
709.80
714.32
709.92
697.12
696.60
711.12
711.72
709.40
707.12
697.32
711.80
711.12
711.12
712.32
715.80
695.12
715.40
710.72
709.52
715.80
659.60
715.20
720.40
716.72
717.12
724.20
702.32
719.12
722.12
724.92
724.12
712.72
746.80
724.20
747.00
756.72
747.00
730.00
740.72
741.72
750.12
764.40
712.20
704.80
734.80
727.72
738.80
735.40
716.00
729.12
729.32
727.60
732.72
720.32
711.32
727.40
726.52
746.20
734.60
719.12
723.72
722.40
714.52
721.12
683.72
702.60
719.40
717.40
718.32
723.12
682.32
715.80
716.80
715.92
718.60
716.92
700.32
720.12
717.72
716.20
721.20
679.80
696.20
728.72
721.60
721.40
729.12
707.72
723.60
723.40
723.60
724.32
711.12
705.92
723.20
721.40
721.72
722.60
709.20
724.80
723.32
718.12
720.20
682.52
697.60
714.32
715.40
716.00
719.60
666.32
714.72
713.92
714.60
716.40
702.52
699.92
713.80
714.12
713.72
719.72
701.32
713.40
713.60
714.92
716.32
725.20
702.52
714.60
713.32
712.80
720.20
683.92
684.92
715.20
712.20
714.32
717.92
695.60
713.60
713.72
715.00
713.20
699.92
708.52
713.72
712.32
712.60
712.72
711.40
715.00
717.12
715.52
713.80
683.20
681.80
711.32
709.92
709.60
712.12
672.72
710.52
710.52
709.00
709.32
704.52
697.12
711.92
708.52
710.12
709.12
706.60
689.00
709.52
710.80
711.00
708.72
674.20
710.52
709.80
709.12
714.92
672.32
709.32
712.52
709.72
712.60
706.92
700.60
709.60
708.52
710.72
710.80
669.40
691.60
708.40
710.00
708.72
710.12
671.60
708.80
712.72
709.60
711.80
700.52
697.32
710.12
707.80
709.72
709.20
700.52
710.20
709.60
708.80
709.80
710.60
685.92
709.60
708.32
708.52
713.20
671.92
706.92
710.52
711.92
708.72
709.12
689.60
708.40
709.20
708.92
710.80
693.40
707.80
713.40
711.32
709.52
710.72
708.60
709.52
710.00
708.60
709.40
678.72
674.12
710.60
708.80
708.20
710.12
679.12
709.00
709.60
709.80
708.40
703.00
696.92
712.20
708.12
710.80
708.92
707.12
708.12
709.12
708.72
708.72
708.20
696.72
709.00
708.72
710.12
710.00
670.60
705.80
709.80
708.20
708.72
700.40
693.40
708.32
710.80
709.60
709.32
671.92
690.00
710.32
711.20
709.32
709.40
699.00
708.60
709.80
710.40
708.72
698.32
695.92
711.12
708.92
708.12
709.12
701.92
709.32
708.92
709.00
714.72
670.40
689.20
709.32
708.72
707.32
708.12
674.32
709.40
709.92
707.40
707.12
695.92
691.52
709.80
709.40
708.20
709.92
694.80
707.80
709.12
708.80
709.12
708.52
688.00
707.32
708.92
708.80
707.32
680.60
681.20
709.12
708.52
708.12
711.92
702.40
708.32
709.00
709.32
713.12
696.20
695.20
708.32
709.72
709.92
711.12
707.72
709.32
710.12
710.12
709.92
678.20
681.60
709.72
708.52
706.60
709.60
670.92
707.32
708.72
710.72
709.60
703.40
701.60
712.00
707.12
708.20
712.00
675.72
697.52
711.72
712.60
708.20
709.80
688.60
709.92
711.60
707.72
710.40
676.92
708.72
711.52
709.60
709.12
709.80
700.80
708.92
709.20
709.60
710.12
670.32
694.00
709.80
711.40
713.52
707.72
685.20
708.00
710.12
709.00
708.00
698.32
697.12
711.00
709.20
709.52
708.80
702.00
706.92
710.32
708.80
711.00
709.80
687.92
710.20
709.20
708.52
709.80
676.72
708.20
710.60
710.40
709.92
712.72
700.32
709.40
710.32
711.52
709.80
695.00
710.72
708.80
708.92
708.72
707.80
711.52
710.60
712.52
709.80
707.12
677.72
681.12
711.52
706.60
707.80
711.20
688.72
709.32
711.20
710.00
714.80
705.52
697.40
714.00
716.52
713.32
713.92
714.00
713.72
715.80
718.12
716.92
718.20
689.80
711.92
710.80
711.00
712.32
673.32
713.92
714.20
711.72
711.52
704.12
705.80
711.60
711.92
710.40
711.72
676.32
690.92
712.40
710.00
708.40
709.92
679.80
709.72
709.80
710.00
709.52
698.40
696.20
710.80
707.52
708.32
709.80
703.00
709.92
710.12
709.12
711.92
710.52
691.00
709.72
713.60
712.92
715.32
685.20
712.60
717.60
721.12
715.72
702.92
698.32
716.60
717.12
720.32
718.72
700.60
717.00
718.12
720.72
716.32
714.40
691.20
711.20
712.20
709.00
711.32
681.72
681.00
711.32
707.72
707.00
709.12
701.92
709.00
709.72
709.20
713.60
702.00
698.40
712.12
708.52
709.72
709.52
707.80
707.52
709.92
709.72
710.12
678.32
673.60
708.52
709.40
707.52
710.00
672.12
708.00
709.20
708.00
708.60
704.32
695.60
711.52
710.12
708.52
709.40
673.12
692.00
708.80
707.92
708.72
710.52
683.52
707.92
708.20
708.20
710.60
674.00
692.92
711.40
710.00
709.92
708.92
698.60
710.12
711.20
709.20
710.00
675.72
695.80
709.20
710.80
710.52
711.00
672.40
708.20
708.80
709.52
706.40
693.32
694.20
710.60
706.72
708.72
706.52
695.20
708.52
710.20
708.60
709.72
707.12
684.72
710.20
708.12
708.12
709.92
672.20
708.40
709.60
708.00
708.32
709.52
685.60
708.72
710.00
707.72
708.72
696.92
708.40
709.72
707.32
709.20
706.32
709.32
708.80
709.52
709.20
706.60
681.52
678.32
710.32
707.72
708.32
710.80
679.20
709.20
709.32
708.80
708.40
700.92
698.00
712.00
710.92
709.92
703.80
705.12
708.32
713.20
708.72
708.92
708.72
683.40
711.20
710.60
707.40
709.20
666.20
708.52
708.92
708.60
708.80
706.00
699.92
710.60
712.40
710.52
712.12
673.32
692.40
711.32
710.20
709.92
709.12
683.60
708.60
710.80
708.92
711.52
693.92
693.60
710.32
710.00
708.00
707.52
694.32
710.40
712.92
709.92
709.20
708.40
688.00
708.80
709.12
708.72
707.52
670.32
707.72
710.52
711.12
708.80
691.20
676.72
709.92
710.12
709.00
710.12
695.52
709.12
710.12
709.60
709.60
709.60
689.32
709.52
709.92
709.20
709.12
678.72
677.92
710.72
709.32
706.32
708.52
682.40
708.60
707.72
708.40
707.92
700.60
698.80
710.20
709.12
714.40
706.72
707.92
710.00
710.60
710.40
709.52
688.32
685.72
708.52
710.52
709.92
709.92
678.92
708.40
710.60
708.72
710.32
707.72
703.20
710.00
709.20
708.92
710.12
692.40
697.52
709.52
707.92
706.12
710.20
690.40
709.92
708.32
708.52
715.20
709.12
697.32
710.92
709.92
709.00
710.20
690.00
710.60
712.72
711.52
710.52
691.72
699.60
713.40
708.80
711.40
710.12
686.60
709.72
708.52
708.32
707.72
706.72
699.92
710.72
709.20
709.72
710.80
705.92
708.80
709.72
707.60
709.52
710.60
692.32
710.52
708.40
708.80
710.12
680.80
685.00
711.52
707.92
708.12
709.72
675.00
708.40
709.00
708.32
711.32
704.20
709.52
709.80
707.60
707.80
707.00
707.12
709.20
708.60
708.32
708.20
692.72
688.92
710.52
709.40
709.32
711.80
680.80
710.00
711.60
709.20
708.80
708.60
703.92
710.60
710.40
708.12
708.20
708.40
708.32
709.72
707.72
709.52
710.20
693.72
709.00
708.40
708.00
709.00
682.20
712.00
709.72
710.52
710.20
710.60
690.40
709.60
710.72
714.12
709.00
695.00
702.52
713.72
709.52
712.12
714.12
683.80
710.32
711.92
710.32
709.60
705.32
693.32
712.52
711.12
710.00
709.40
696.92
709.60
710.20
708.32
709.60
709.00
695.60
708.72
709.20
708.32
710.72
684.12
709.12
710.52
708.92
708.32
709.60
682.00
709.92
710.52
708.92
709.72
709.12
710.80
713.20
711.20
712.72
709.52
693.92
712.80
713.40
709.92
709.20
696.12
690.32
711.72
709.72
708.92
710.00
688.52
722.60
721.12
717.12
717.40
712.40
709.60
717.92
715.00
717.00
715.52
713.20
714.92
718.72
713.40
710.60
692.40
693.00
710.40
711.80
710.72
711.20
680.80
708.12
715.32
715.52
714.60
709.52
705.92
712.20
711.32
712.52
713.40
697.12
705.12
708.52
710.20
709.20
713.72
695.00
710.60
707.92
708.60
712.40
703.60
693.80
712.00
710.32
715.20
712.20
689.92
710.72
710.60
708.40
714.52
697.40
693.92
710.80
709.20
708.60
715.40
694.12
711.72
709.00
711.72
709.92
705.00
696.60
711.40
707.00
708.12
714.72
702.80
710.52
712.80
708.72
713.12
711.60
693.12
709.72
707.60
709.12
717.32
701.92
690.00
710.60
710.12
708.60
711.60
677.40
711.20
708.32
708.60
712.40
703.72
709.12
710.72
707.80
710.40
712.32
709.52
710.32
710.80
708.12
711.20
692.52
684.12
711.32
707.80
709.32
715.92
677.12
711.12
710.40
710.80
711.80
708.80
703.92
711.32
711.32
709.20
708.72
709.12
702.20
708.80
709.92
709.12
711.52
690.52
709.40
709.40
708.40
711.20
683.40
709.12
709.52
706.12
707.52
710.12
687.52
710.60
712.32
713.20
713.32
698.80
705.60
713.52
711.72
709.92
712.00
696.92
709.80
711.40
711.80
709.60
704.52
694.12
715.20
710.12
710.40
710.12
691.00
709.72
711.32
708.60
708.80
710.32
696.00
709.20
709.20
708.20
711.92
685.12
709.00
709.32
709.40
708.00
710.32
682.80
709.80
707.80
707.92
710.00
702.80
710.60
707.80
709.92
709.40
708.32
708.00
708.60
708.80
710.12
709.40
692.12
686.80
711.12
708.32
707.92
709.72
682.32
709.32
710.20
715.60
708.20
707.52
702.12
710.52
709.60
709.52
708.92
708.80
708.80
711.32
710.12
709.60
709.92
697.92
711.72
711.40
708.60
713.12
681.20
708.92
710.60
709.00
707.72
708.00
703.60
707.52
708.72
707.32
712.20
698.32
705.12
710.00
708.40
707.52
709.92
692.32
708.20
712.40
708.92
710.12
703.32
695.20
710.80
709.40
709.32
710.20
689.32
709.60
711.40
711.12
710.12
709.92
694.60
709.92
707.72
708.80
709.72
690.20
707.52
710.00
7