Measuring voltage and current with INA219 ...
712.92
714.12
714.52
703.00
713.92
715.60
719.60
715.32
715.32
694.52
715.40
713.92
713.80
714.72
685.00
687.32
714.40
711.32
715.20
713.72
697.32
715.40
714.32
713.60
714.32
699.72
712.12
712.80
713.72
714.72
715.32
709.80
715.60
715.12
714.00
715.72
685.72
688.92
713.52
714.72
714.32
712.92
672.40
715.00
716.52
715.32
716.00
708.72
697.40
714.52
711.32
715.80
713.72
711.52
695.60
716.32
714.92
714.40
713.92
695.40
714.12
715.80
715.20
716.00
674.12
714.32
715.12
714.12
715.80
712.72
704.72
715.20
715.40
717.40
714.00
673.92
693.00
714.00
712.92
714.32
713.60
663.80
714.00
713.60
714.20
715.20
701.00
698.52
713.72
711.80
714.40
709.32
703.20
714.92
713.52
713.12
712.92
715.00
696.20
714.00
713.12
714.00
715.32
666.20
714.52
715.80
715.52
717.20
714.20
684.80
714.40
715.72
714.92
714.80
695.40
711.72
715.52
714.40
715.32
718.20
697.92
716.92
715.20
712.92
714.52
687.60
689.20
715.92
712.72
715.72
713.80
695.00
719.80
718.52
719.80
721.40
715.12
704.72
723.40
727.20
725.72
722.80
716.60
735.12
732.72
727.92
725.72
727.12
701.00
722.32
729.20
726.80
725.12
700.32
731.32
721.80
726.52
720.60
717.12
707.20
721.72
720.60
720.32
721.12
684.92
699.72
719.32
724.12
721.92
724.32
693.12
717.92
715.52
719.52
715.80
705.40
710.40
722.60
724.32
729.00
721.60
714.40
726.80
723.32
723.12
728.92
697.00
715.92
734.00
733.20
736.80
734.20
686.72
744.72
736.32
748.80
743.12
744.80
746.00
763.40
759.60
756.40
751.60
739.52
785.00
814.92
797.72
801.72
752.52
760.80
750.00
745.72
745.00
740.92
718.40
713.60
731.52
733.12
733.80
731.00
711.72
729.92
730.20
727.72
727.52
702.72
724.92
727.92
726.32
726.20
723.80
698.80
727.20
727.40
722.32
719.00
696.60
700.32
744.40
724.60
718.40
719.60
701.72
728.80
721.20
721.60
723.52
720.60
715.00
724.60
724.80
722.12
722.00
705.00
707.12
727.80
731.92
731.92
734.32
716.80
750.12
753.20
752.52
758.72
747.80
770.72
736.40
733.20
735.00
729.60
724.72
735.92
730.20
737.12
729.32
693.92
691.60
723.72
726.52
723.60
728.60
677.40
720.32
726.60
722.72
728.12
712.32
706.80
718.92
718.20
718.60
714.40
713.60
716.60
717.20
718.12
715.80
721.60
697.00
715.32
719.32
717.32
717.00
673.80
717.12
718.20
717.52
717.32
716.92
686.32
716.80
719.52
718.12
718.32
692.92
714.40
718.60
718.20
720.00
718.60
695.12
716.92
717.12
716.40
718.20
696.60
695.32
717.40
718.72
718.00
716.72
703.40
716.92
718.12
715.20
716.00
715.92
695.00
716.72
716.92
717.72
714.32
679.12
717.60
716.80
715.60
719.40
721.00
687.12
718.52
716.72
717.92
715.32
700.32
713.92
713.00
712.20
712.72
713.20
692.60
713.72
714.60
711.40
713.12
678.92
686.52
712.32
710.40
712.52
713.80
690.20
715.20
713.92
711.92
713.52
701.80
701.80
711.80
711.00
712.80
711.72
713.12
715.00
717.80
716.80
714.12
679.52
686.00
713.12
711.80
713.00
714.12
664.80
711.32
713.72
711.60
711.60
703.52
698.32
711.12
712.72
714.00
714.00
680.52
700.60
712.92
710.60
711.60
711.60
682.60
712.40
711.20
714.52
713.40
696.52
689.32
712.20
713.92
710.32
711.60
695.92
711.92
712.80
711.32
713.12
680.20
698.20
712.52
711.12
713.80
709.12
669.00
710.80
713.32
712.52
711.80
693.72
690.00
713.52
711.40
711.40
711.52
701.92
710.60
714.00
713.52
712.12
713.52
690.12
713.20
713.92
713.72
712.60
671.52
683.40
711.72
713.72
713.12
713.52
679.20
713.00
713.60
714.32
710.60
703.00
712.20
710.52
711.92
713.12
707.32
710.12
717.32
712.40
712.80
712.80
679.20
682.00
715.40
710.60
712.00
711.52
670.80
710.72
715.92
712.00
714.52
703.80
700.80
713.00
713.60
709.72
708.32
710.12
713.72
715.20
713.80
711.52
714.12
691.60
712.72
711.80
714.72
711.80
670.20
713.20
713.00
712.12
714.52
708.92
694.00
713.20
715.32
715.80
713.52
675.40
696.12
715.40
713.52
714.52
718.20
672.20
711.80
713.12
712.80
713.32
698.20
693.52
711.92
713.80
714.52
711.32
701.72
716.32
715.12
714.40
716.52
718.52
695.32
718.20
715.60
718.00
713.32
666.60
712.32
713.92
712.92
714.00
713.12
680.20
714.32
716.60
718.12
715.12
701.20
711.72
714.00
713.40
714.72
713.12
690.12
715.40
716.20
716.32
714.12
682.40
677.72
710.52
712.40
713.00
714.12
685.92
712.20
713.12
716.92
714.20
706.80
697.12
710.52
712.20
713.72
709.20
705.40
713.00
713.32
713.60
716.12
679.72
684.92
711.20
710.92
713.00
712.40
673.32
711.92
713.40
712.12
712.72
705.32
694.80
710.12
711.60
710.72
711.72
677.80
691.00
711.00
709.80
712.60
713.60
681.92
711.52
712.72
716.40
713.92
702.40
700.20
712.92
713.12
715.72
713.32
706.12
717.00
718.32
716.20
714.00
675.60
692.60
711.32
711.92
715.00
711.40
664.00
712.32
715.20
713.32
712.72
701.40
699.40
712.40
711.60
713.20
712.32
696.12
709.60
712.20
714.20
713.52
715.72
691.92
714.00
712.40
714.52
713.60
670.60
690.32
712.52
713.00
711.72
713.52
684.92
711.92
711.60
715.72
713.00
697.60
708.92
712.60
713.00
713.00
709.20
702.40
712.40
717.40
715.80
720.12
694.20
690.52
712.92
719.40
714.52
713.80
680.92
711.20
712.72
712.32
710.80
708.00
697.00
716.20
713.20
713.72
710.20
694.40
693.20
710.52
710.40
708.80
712.32
695.72
711.80
712.92
712.80
712.20
688.00
712.00
715.72
711.12
712.92
709.40
705.40
713.40
712.32
711.92
712.60
684.12
690.40
712.72
712.72
712.12
713.72
676.72
712.60
714.80
712.52
712.00
707.00
707.00
711.60
711.40
713.12
710.72
707.12
712.00
712.00
710.40
710.92
712.20
693.80
711.40
712.72
713.32
711.80
668.72
711.32
712.80
710.20
712.32
712.20
676.80
711.80
712.60
713.20
713.12
694.00
704.92
714.32
715.60
712.00
713.12
693.40
712.32
713.12
711.72
713.00
691.60
686.00
711.60
712.40
710.12
714.32
684.32
711.32
711.92
711.40
710.52
706.40
691.60
713.32
710.00
713.12
710.52
689.80
713.40
711.72
712.20
710.92
687.12
685.72
711.32
714.60
716.00
712.00
694.20
710.32
711.80
710.20
711.80
707.92
694.20
712.00
711.20
711.32
711.92
680.60
683.92
711.72
711.12
711.80
713.52
681.00
713.12
713.32
712.92
711.20
702.40
708.60
712.00
712.52
711.52
709.92
709.60
710.32
712.72
713.32
714.52
686.52
681.80
711.60
711.00
711.80
710.72
675.40
709.52
711.32
711.20
710.52
705.80
708.40
712.12
713.00
712.12
711.40
691.20
701.12
709.60
713.80
712.20
713.92
691.20
713.80
712.40
714.20
714.00
699.92
691.80
711.60
711.80
713.20
717.00
680.40
711.80
712.80
712.40
713.72
694.80
703.72
711.32
710.92
712.52
710.80
686.12
711.80
713.12
713.32
713.12
700.92
695.00
711.80
711.32
711.92
711.60
703.40
710.32
712.00
711.52
712.20
717.12
694.32
712.32
712.52
711.20
711.12
670.92
687.80
712.52
711.72
712.20
712.60
686.52
712.52
713.20
711.52
714.12
701.40
710.60
711.52
713.20
711.72
710.72
711.52
714.92
711.92
712.52
710.60
689.32
682.20
712.52
712.72
712.52
714.00
678.12
711.32
713.32
710.52
710.40
708.32
708.40
711.00
712.12
712.12
711.92
711.60
710.52
712.92
711.80
710.72
711.20
692.92
711.40
712.20
713.00
712.00
673.12
711.92
711.32
712.00
712.52
712.60
694.12
716.80
712.20
713.20
713.52
684.92
703.60
712.92
715.60
712.72
714.12
690.32
714.00
715.80
712.32
712.00
703.20
699.72
713.52
712.00
710.40
711.32
701.72
709.52
711.92
712.32
709.20
712.20
695.00
712.40
711.40
711.60
711.72
671.92
712.32
709.80
710.52
712.12
710.32
680.52
711.32
712.12
711.72
710.12
705.52
712.32
711.40
712.20
712.32
713.40
691.80
711.20
717.32
711.60
711.80
691.40
686.92
712.40
713.12
711.92
712.80
679.72
713.00
713.12
714.00
713.32
709.20
700.80
712.92
711.32
714.00
711.80
711.92
714.40
712.20
712.12
713.40
696.52
688.72
711.52
716.32
717.92
716.60
679.92
712.12
713.20
712.92
713.72
712.20
700.80
713.92
712.80
715.00
715.92
691.80
695.60
711.40
711.92
713.80
715.80
694.60
715.12
712.80
715.20
714.60
709.20
706.72
715.32
715.32
712.92
712.20
702.80
713.80
714.40
715.40
715.52
690.80
704.40
715.52
712.72
713.40
712.12
671.80
710.72
713.60
713.12
711.80
704.32
703.52
712.40
711.00
710.52
712.12
701.32
709.60
711.72
711.92
711.60
714.52
693.52
710.20
714.12
713.80
713.80
670.20
694.00
710.60
712.92
712.40
718.00
692.00
714.40
715.20
718.40
719.80
707.00
715.72
717.52
715.40
715.60
714.52
701.12
713.92
712.20
713.72
712.00
698.80
689.52
713.80
713.92
711.52
713.00
685.20
710.52
712.20
712.92
712.20
711.00
707.80
711.52
711.32
710.72
710.00
706.32
713.52
712.72
711.52
711.92
713.72
690.92
712.80
710.52
712.40
710.00
688.40
710.80
712.40
712.40
709.60
711.52
707.20
713.52
712.40
710.52
713.40
686.60
686.40
712.52
712.40
713.20
717.00
685.80
714.12
722.92
721.32
713.32
708.92
708.52
714.72
712.20
711.52
711.60
710.00
712.40
712.20
715.60
712.40
712.20
697.40
711.80
712.32
713.40
711.52
671.92
711.60
712.72
711.00
710.52
711.72
686.60
713.72
712.52
711.72
710.60
697.60
706.72
711.32
710.32
711.40
712.40
695.52
713.72
713.20
713.60
711.92
699.60
691.60
712.20
710.52
712.12
712.52
689.32
712.80
712.12
713.60
712.80
712.32
693.72
712.32
712.40
711.40
710.12
685.72
711.72
712.40
712.52
715.00
696.80
679.40
710.00
711.12
711.72
711.72
700.12
711.00
711.92
713.40
712.20
712.52
691.92
711.60
710.40
710.60
709.80
686.92
684.32
710.80
711.52
711.32
712.40
683.92
712.32
712.32
713.92
710.12
707.52
705.80
711.00
712.20
712.40
710.60
711.40
711.40
712.60
712.92
711.12
690.12
693.12
709.72
711.00
716.00
710.80
669.52
709.60
711.52
711.60
711.92
702.80
703.80
711.80
709.12
713.20
711.32
688.80
704.00
712.40
710.20
710.40
711.60
690.20
709.40
710.80
711.80
712.60
668.32
696.00
708.92
711.52
709.40
711.00
7