Measuring voltage and current with INA219 ...
698.12
667.32
690.32
695.72
692.32
696.12
698.92
678.92
700.60
702.12
700.40
699.60
670.80
672.92
697.32
697.40
697.12
696.12
682.20
695.80
693.40
701.72
699.52
691.92
682.60
699.92
692.92
697.00
695.32
685.20
696.72
696.12
690.92
699.80
675.72
669.00
697.32
692.52
698.40
698.40
659.92
696.20
691.40
692.00
697.32
685.32
689.40
691.60
697.00
693.92
694.12
655.00
674.20
694.80
694.00
697.20
697.20
670.00
695.72
696.52
695.12
694.72
659.40
678.60
698.40
697.12
699.40
690.72
680.92
696.00
697.52
693.60
695.92
655.52
677.80
692.00
691.60
693.12
695.80
645.60
692.12
693.92
689.72
693.40
678.52
681.32
698.80
695.20
695.92
696.80
678.00
695.12
694.00
694.00
694.72
692.32
674.80
695.12
693.60
696.52
697.12
643.60
667.52
695.32
695.92
695.60
695.00
675.80
698.12
692.52
692.72
696.52
682.20
694.32
693.52
695.32
692.60
689.72
689.20
692.20
694.12
693.00
696.52
663.32
671.12
694.32
692.52
696.40
693.92
652.00
695.40
693.72
700.92
697.80
678.80
678.60
699.20
691.32
696.32
695.52
697.80
692.92
695.52
697.20
692.72
697.32
676.20
697.00
692.12
697.92
698.80
651.92
697.20
698.80
696.40
700.60
695.00
683.60
699.60
696.52
692.40
693.80
663.92
681.92
697.60
693.20
696.40
698.60
655.00
695.92
698.12
694.32
695.00
685.00
675.60
697.72
698.72
701.80
696.92
678.80
696.92
692.92
699.00
698.20
695.12
676.00
698.92
694.40
697.60
693.20
666.52
697.12
696.92
701.92
706.40
697.80
666.72
700.40
700.40
697.60
704.72
680.92
702.72
699.52
706.32
710.32
713.12
692.32
714.92
715.40
724.00
712.80
677.20
685.00
706.32
710.32
715.32
714.92
683.12
715.40
705.72
707.00
707.12
698.52
698.40
707.12
708.80
712.72
703.60
700.32
708.92
709.92
712.32
714.60
711.80
686.32
712.92
707.40
709.92
704.20
663.72
703.52
704.20
705.52
704.20
691.60
693.12
703.80
704.00
708.40
705.60
682.00
695.12
697.32
695.40
701.60
694.80
675.00
695.20
691.40
699.00
710.12
670.40
668.40
699.52
699.80
703.00
702.72
667.20
704.72
702.40
708.72
722.60
695.12
702.52
721.40
713.72
724.92
717.60
709.52
716.00
720.12
729.12
751.32
710.72
722.00
732.80
742.72
753.52
758.52
722.20
769.80
790.52
771.72
786.40
820.72
789.80
810.92
788.12
759.12
747.80
705.80
725.52
733.20
731.52
727.40
762.92
710.32
722.80
720.60
724.40
719.72
683.32
705.12
718.20
717.32
714.60
711.00
698.80
707.92
735.80
715.80
711.60
678.40
717.40
709.40
706.40
710.00
707.00
667.72
714.12
707.12
708.20
706.40
691.20
710.52
707.12
705.92
706.40
704.00
693.40
707.00
707.12
704.52
706.40
704.60
690.32
712.20
705.12
711.80
707.12
656.72
704.92
704.60
704.72
703.20
704.80
690.80
709.60
706.12
707.80
709.60
699.72
705.72
710.72
704.92
703.72
702.20
704.72
704.40
703.40
702.80
705.52
665.52
676.32
704.52
704.00
706.80
704.20
662.00
702.92
702.52
704.12
703.32
690.92
693.00
703.40
703.52
707.00
701.80
702.00
708.12
704.12
706.32
704.40
703.52
681.40
704.72
706.20
705.20
709.52
656.32
705.80
705.12
703.52
703.72
702.92
692.20
706.60
703.92
702.92
702.72
674.20
697.72
705.12
704.12
706.52
703.20
681.92
707.00
706.20
702.12
704.92
682.72
678.52
703.60
704.72
705.60
701.60
684.20
705.20
705.80
705.00
708.12
707.20
690.60
707.80
702.60
709.40
703.40
685.92
700.72
700.12
700.20
700.40
698.92
682.00
699.60
700.72
698.52
697.60
668.72
695.60
694.92
695.12
694.20
691.40
678.72
692.92
693.60
691.52
695.40
660.72
669.32
690.72
692.52
693.12
693.12
661.40
694.12
691.52
691.80
694.80
679.12
678.80
699.92
692.72
696.20
693.72
684.80
694.12
692.20
694.60
697.72
663.40
671.52
698.32
692.32
697.72
697.52
649.32
689.72
689.80
690.20
695.80
676.32
676.92
696.60
691.72
693.40
697.60
678.72
692.52
695.12
695.80
689.40
695.00
672.12
697.60
696.40
691.12
695.32
664.80
663.92
694.20
696.00
690.60
691.32
661.00
695.40
697.12
693.72
692.40
682.00
679.20
696.80
689.60
690.52
687.52
681.32
693.60
692.40
689.00
699.80
666.00
661.92
692.20
696.32
695.20
698.40
654.92
690.80
695.12
691.52
691.60
682.00
681.20
691.20
694.12
698.20
683.20
661.80
682.32
692.12
688.32
690.20
695.32
671.52
693.80
693.00
700.12
693.80
646.40
693.80
692.00
694.60
696.60
690.12
679.12
690.60
694.92
694.00
690.40
655.32
685.52
690.72
689.60
695.32
695.00
641.92
689.72
692.72
693.20
695.60
674.60
672.40
689.80
694.92
693.72
690.80
689.00
690.00
692.92
691.40
689.20
694.60
672.20
697.20
697.52
694.72
693.32
646.72
695.32
695.00
697.52
696.40
695.80
660.40
694.00
692.60
690.40
691.80
687.40
695.00
696.20
693.20
697.80
678.92
695.20
690.40
694.52
691.00
696.00
660.80
666.52
696.92
692.12
695.52
695.00
659.12
695.12
690.60
691.72
694.12
684.52
679.52
696.52
693.32
690.00
686.92
688.32
693.00
700.00
696.60
691.00
695.12
667.80
691.40
696.00
692.32
696.32
646.00
691.20
690.60
691.92
695.32
689.80
671.72
689.72
696.32
693.80
696.60
674.72
690.32
694.52
691.32
688.52
691.12
669.72
695.60
696.80
687.92
691.72
671.60
663.60
693.92
696.32
697.32
694.52
657.12
692.40
693.12
693.40
688.92
687.40
678.40
692.60
695.40
695.40
684.32
676.20
691.80
693.00
689.92
695.20
663.92
667.60
690.92
692.40
693.80
691.60
660.40
691.80
696.80
695.52
695.00
688.20
682.80
693.52
693.92
692.20
690.32
654.20
676.92
693.72
692.60
690.60
693.72
675.92
693.92
693.12
697.92
696.12
679.72
675.32
696.32
696.00
693.80
691.92
680.20
694.12
696.20
691.00
693.00
655.32
670.12
691.72
697.00
699.92
697.40
649.80
692.92
693.32
691.32
696.80
677.12
677.60
695.40
693.72
690.32
694.32
679.80
687.72
688.92
694.12
691.40
693.20
669.92
697.52
692.52
695.12
689.20
659.40
662.92
693.92
690.52
694.20
692.00
666.00
696.32
690.52
688.40
698.20
682.32
696.60
696.20
696.32
696.20
687.60
690.80
692.92
692.40
691.00
693.52
662.80
662.72
691.40
694.00
696.32
687.60
648.32
692.60
690.12
691.40
692.00
681.12
679.80
694.60
690.60
693.80
690.32
665.92
685.00
692.52
693.40
695.92
698.72
666.40
692.92
692.00
695.12
695.20
646.80
694.80
691.20
690.00
696.60
690.40
677.32
691.92
694.72
695.72
694.72
665.32
683.60
693.80
689.80
696.52
694.12
657.80
696.80
696.52
687.72
695.20
673.20
662.32
688.60
696.72
697.00
690.92
670.12
695.32
694.12
695.40
691.80
694.12
669.52
691.80
692.60
695.12
691.60
667.80
692.52
694.00
691.72
693.12
693.40
666.32
692.72
696.12
695.52
699.20
678.32
695.32
700.12
694.80
689.60
691.92
689.80
689.12
695.40
692.92
690.92
657.32
668.12
699.00
696.72
694.60
692.32
665.12
692.12
691.60
693.12
693.40
680.40
678.00
694.00
692.12
689.92
685.92
685.20
690.32
695.60
694.80
693.20
689.00
669.40
691.60
690.00
698.72
695.32
650.32
696.00
691.60
695.12
695.00
694.20
664.32
691.92
692.00
688.60
696.60
677.72
690.00
689.12
691.80
693.80
695.00
680.40
693.20
693.60
691.60
692.92
666.20
660.00
693.60
691.20
692.00
688.60
659.40
692.32
691.72
689.12
692.12
683.32
678.80
697.52
694.92
694.80
688.92
686.60
690.92
696.72
691.52
692.20
666.40
667.00
690.12
693.92
694.00
689.80
650.72
694.80
688.32
692.20
695.00
686.12
676.00
693.52
692.12
686.92
693.60
662.00
680.00
692.00
693.60
692.92
696.12
657.40
693.40
695.52
690.40
693.80
675.80
670.32
691.80
690.52
700.40
690.92
676.72
691.60
694.12
688.60
696.20
657.00
682.40
693.80
693.72
696.20
693.72
648.60
698.12
696.12
692.92
688.92
674.92
676.32
691.32
692.32
693.32
696.20
682.12
697.92
696.40
699.12
694.60
695.40
673.92
697.72
690.92
698.00
693.92
656.40
666.92
695.32
689.12
698.00
689.32
666.60
694.20
693.80
691.32
696.52
679.80
691.60
696.60
696.40
690.40
691.40
694.72
689.32
692.52
689.80
695.32
657.40
664.32
695.12
692.12
692.12
694.20
648.20
693.40
692.52
693.32
694.20
682.32
683.80
693.00
693.92
692.92
686.32
665.00
680.72
691.80
693.32
689.32
690.92
666.92
692.20
690.12
689.92
699.00
646.12
696.52
695.20
693.60
695.52
692.00
665.20
695.60
689.52
693.32
696.60
670.92
685.72
688.52
696.00
694.80
692.92
675.32
694.12
693.92
690.92
690.60
666.72
668.72
692.00
689.72
691.52
689.52
667.32
697.20
688.92
693.52
695.40
689.72
675.72
698.52
698.32
697.32
691.20
677.32
696.52
697.32
691.80
694.32
692.40
664.32
697.40
697.40
690.12
697.52
661.12
699.92
695.72
694.60
691.32
687.32
680.72
696.00
690.60
689.60
697.60
657.80
671.40
694.92
690.00
694.40
693.72
659.72
696.52
696.20
689.00
689.72
683.52
678.60
696.00
690.92
696.80
689.12
682.32
695.12
692.32
690.72
691.32
691.20
667.40
693.80
690.92
692.92
696.32
650.80
695.00
695.00
691.92
693.12
678.80
659.12
694.00
693.92
690.32
691.52
681.92
690.20
693.12
697.32
688.20
689.60
669.12
692.40
696.52
690.52
692.20
664.92
657.00
693.72
695.72
694.92
689.60
663.72
694.20
692.40
691.52
692.20
682.72
676.20
695.80
695.60
692.52
690.32
690.40
693.32
691.00
691.20
688.12
663.92
667.20
692.60
690.72
691.32
691.92
654.40
695.60
695.12
693.12
695.00
681.12
678.32
692.12
691.40
688.40
689.72
661.40
678.52
693.52
693.60
696.32
694.80
668.92
695.00
690.92
691.52
691.80
673.40
670.12
696.20
697.12
698.72
691.80
670.80
693.72
690.60
689.80
697.60
664.52
684.92
695.60
694.72
695.20
696.00
651.00
696.00
690.92
690.60
691.40
667.60
665.40
690.00
689.00
692.32
692.40
681.52
695.32
689.20
691.52
689.00
690.92
670.80
695.60
694.00
695.32
693.60
661.00
660.00
696.00
693.72
693.32
690.00
659.72
695.20
690.32
690.20
694.12
674.12
695.32
694.60
697.20
696.52
698.00
692.60
693.72
691.52
691.40
694.80
661.72
669.00
699.32
697.12
698.60
703.40
646.32
698.32
698.32
694.00
696.00
681.40
683.40
696.72
695.20
697.40
694.00
690.72
685.60
696.32
691.80
696.12
691.20
676.60
697.52
691.80
691.52
696.20
659.00
699.80
692.80
693.12
697.00
695.92
670.92
693.60
698.20
699.72
698.32
688.00
694.32
696.60
694.80
691.72
693.32
673.32
690.00
690.60
692.20
692.00
677.32
669.32
696.72
693.40
696.32
693.72
662.20
698.80
693.92
688.40
693.60
692.00
678.32
693.80
691.92
691.80
693.80
685.80
694.72
692.80
691.72
693.40
689.32
672.00
692.52
695.20
692.00
693.32
663.32
698.20
686.32
690.12
696.00
690.32
676.52
690.00
692.92
688.12
693.32
671.80
676.12
695.00
692.80
694.92
691.80
669.00
690.52
688.00
692.12
692.92
685.12
683.92
692.32
692.92
697.12
688.00
678.20
692.00
690.72
692.32
695.20
694.00
680.80
688.52
694.32
695.72
696.40
659.12
693.72
690.72
689.72
694.92
689.52
654.40
690.40
690.80
694.32
691.40
689.40
695.92
689.80
690.12
691.40
690.52
678.80
691.72
694.60
696.00
696.00
675.20
667.20
697.40
692.00
694.72
691.60
651.32
694.72
694.52
693.52
694.72
688.12
683.80
693.92
695.92
696.12
694.72
691.32
689.52
689.40
691.52
691.60
670.52
664.40
694.20
690.72
693.72
695.12
653.12
693.32
688.20
691.52
693.20
690.60
684.80
697.20
695.40
692.72
695.20
677.92
687.40
690.40
691.20
689.32
690.20
674.60
692.32
690.92
688.00
693.72
679.12
675.20
693.80
690.52
691.40
690.40
665.92
691.80
692.72
692.12
697.00
675.20
682.80
693.72
696.72
691.00
694.32
680.52
688.60
695.80
692.60
691.12
680.92
672.20
696.12
697.60
692.40
694.52
681.92
698.52
694.60
689.80
693.80
693.40
676.60
694.92
695.20
689.52
693.60
675.32
669.52
690.20
695.20
692.12
690.52
673.12
691.80
692.20
692.80
693.52
678.40
696.20
690.40
695.60
690.60
693.32
686.00
692.40
691.52
689.72
695.40
675.52
672.80
695.92
692.80
695.00
688.80
659.20
694.92
693.92
688.92
693.80
684.72
686.60
691.32
690.72
695.80
694.72
684.92
690.20
690.60
6