Measuring voltage and current with INA219 ...
679.32
702.12
700.52
704.40
701.00
672.52
701.32
698.60
700.12
704.12
695.60
681.12
702.00
702.40
703.52
699.00
682.60
680.32
701.40
701.52
704.20
704.00
676.72
702.80
703.52
704.20
704.72
670.00
701.60
701.52
700.32
703.40
700.00
694.20
703.20
701.60
701.92
703.72
670.60
679.52
703.12
702.20
700.32
703.20
659.00
703.60
701.20
700.32
704.00
686.72
694.80
700.80
704.92
703.00
699.52
696.32
703.40
701.60
703.32
703.12
702.52
688.60
703.60
701.92
704.00
702.12
660.32
702.20
701.00
701.60
703.40
702.32
676.40
705.52
702.12
704.20
701.80
677.20
697.00
700.12
699.12
702.32
702.12
677.00
700.72
701.92
703.32
703.40
680.12
680.12
703.60
701.72
702.52
701.72
684.32
701.60
700.40
700.00
702.92
700.72
682.20
702.32
702.20
702.60
698.32
681.32
703.52
704.72
701.32
701.40
701.00
669.40
701.92
703.40
703.60
701.72
678.40
701.60
702.80
699.80
701.72
701.60
681.72
703.40
701.12
703.20
701.92
669.20
675.12
699.92
701.12
703.00
701.40
670.40
706.32
706.20
706.60
705.60
696.72
700.32
711.12
711.20
720.40
710.32
715.20
719.72
726.52
721.12
719.60
713.52
687.92
710.80
711.80
725.40
716.72
671.32
713.00
710.32
714.32
713.12
697.60
698.92
707.80
711.40
714.92
711.00
685.92
700.92
708.52
710.32
716.72
710.80
685.40
706.92
705.72
715.72
711.60
690.80
686.72
713.60
709.92
719.92
713.32
696.32
728.00
722.32
728.40
721.80
706.80
706.32
720.60
722.12
735.60
727.32
717.32
743.20
746.12
754.00
750.12
726.72
746.40
768.12
784.12
782.00
795.60
797.12
822.60
792.52
837.52
752.80
741.20
722.80
738.52
738.80
733.12
740.80
701.52
705.20
724.20
729.80
730.52
718.60
702.52
723.72
720.40
723.52
719.72
698.92
700.40
708.92
710.40
722.32
714.40
709.40
707.12
708.52
712.72
710.72
680.72
682.60
707.92
712.00
713.80
709.32
666.52
705.12
707.60
711.20
708.12
697.40
698.00
706.32
707.52
708.00
704.52
681.52
699.40
705.40
707.40
708.92
708.32
687.12
706.32
707.12
708.80
706.60
663.20
707.32
709.00
707.12
706.32
703.00
685.20
706.80
707.00
708.12
709.32
680.40
695.60
706.20
710.00
710.80
709.32
675.00
710.72
709.00
711.40
710.12
690.52
685.20
706.72
705.72
706.60
705.20
690.72
703.92
702.92
704.00
706.12
704.32
686.60
705.52
706.00
705.52
703.12
665.12
704.40
704.72
703.80
706.52
703.80
675.12
708.40
702.80
703.80
703.52
687.00
698.60
699.32
699.00
699.52
697.12
700.32
705.12
701.60
703.40
701.40
672.80
676.72
700.40
701.52
700.12
699.52
682.20
699.12
698.92
698.00
702.40
690.20
690.20
697.40
701.00
697.80
694.00
694.00
693.80
701.60
700.12
696.12
697.60
674.80
697.40
698.60
696.92
697.32
649.20
694.72
690.80
693.72
695.80
695.80
681.60
694.12
695.00
699.92
698.80
666.60
685.92
696.72
695.52
696.80
697.20
672.32
694.32
695.72
693.72
698.40
677.92
675.40
698.52
695.12
694.12
688.92
672.72
693.92
693.20
696.80
694.40
696.80
677.00
696.20
693.80
695.72
696.80
651.40
697.12
696.20
693.00
696.92
679.80
672.60
698.52
694.60
697.00
702.00
684.00
696.40
698.72
693.72
694.72
692.80
674.00
698.20
695.12
693.80
699.20
668.72
665.52
697.52
694.12
697.32
693.20
671.52
695.92
694.92
700.60
698.72
681.12
680.12
698.72
695.00
696.00
694.12
691.12
695.60
697.72
697.32
696.80
672.12
670.52
698.40
698.40
692.92
698.00
653.72
697.32
696.00
692.60
698.00
685.00
687.00
700.40
695.32
695.32
699.92
666.92
681.12
699.12
695.80
694.00
697.32
670.60
697.52
695.80
695.20
699.60
681.60
675.20
698.40
698.40
696.80
692.20
684.72
691.80
697.32
700.60
693.52
660.60
682.40
697.52
696.80
696.40
698.92
656.20
692.00
695.92
695.00
698.92
680.20
679.12
697.80
699.52
694.80
695.12
687.72
697.12
695.12
697.52
693.00
699.52
673.40
697.12
698.32
698.92
697.80
672.60
664.12
696.52
692.12
693.92
696.52
669.80
697.32
693.80
697.12
698.32
681.80
697.12
699.12
698.80
698.40
692.12
695.20
694.12
698.00
695.52
698.00
666.60
664.32
698.00
698.72
695.92
696.80
656.60
695.60
692.72
697.32
695.00
684.40
679.80
700.80
695.60
694.00
693.00
689.60
676.40
696.52
694.72
696.60
698.92
665.92
699.80
699.32
698.12
699.80
657.40
696.52
698.40
698.60
697.72
693.60
685.60
692.32
695.40
695.52
699.20
660.12
678.92
696.92
696.92
691.72
699.32
651.40
696.20
699.32
694.92
696.40
683.00
676.20
693.60
697.80
699.20
693.12
680.60
695.60
698.52
698.72
696.92
694.20
679.52
699.72
700.72
698.00
701.32
652.60
695.60
701.80
698.52
699.72
696.20
674.60
695.40
695.52
695.00
695.52
685.12
695.20
694.60
698.52
694.52
699.72
694.00
695.40
693.80
696.20
694.92
668.20
659.32
695.80
693.40
695.52
693.40
675.72
696.20
691.52
693.00
696.20
687.72
677.80
698.60
694.92
691.40
692.80
688.60
695.72
699.32
693.92
698.80
698.60
666.92
696.40
694.80
696.32
697.12
658.32
697.52
698.72
695.32
691.72
691.20
683.32
696.32
692.52
696.80
698.92
663.72
678.72
698.12
695.12
696.92
697.92
677.20
696.32
695.12
695.60
696.20
678.32
681.92
698.32
693.20
696.92
695.40
685.80
693.72
693.80
696.00
697.92
694.20
671.40
697.92
690.60
692.72
699.72
647.52
698.12
697.00
695.80
696.32
683.52
676.12
690.92
698.12
694.32
696.60
684.32
694.92
696.32
698.40
692.12
691.92
678.40
698.52
691.80
696.72
696.92
669.00
661.92
702.32
701.32
700.80
702.00
666.92
698.80
700.00
696.32
698.00
688.32
679.72
694.00
697.80
695.12
697.92
684.92
697.60
698.12
693.40
695.20
666.52
667.60
694.32
693.12
695.52
696.40
662.00
695.72
695.32
692.92
696.40
686.40
676.72
700.32
696.52
696.80
695.60
662.12
675.20
698.92
693.12
698.20
694.60
668.20
695.32
698.40
697.92
698.72
659.00
685.12
695.00
701.12
693.20
696.00
689.60
695.80
692.40
693.92
698.40
661.20
676.12
696.72
697.00
698.20
699.52
640.20
695.52
698.40
696.80
695.72
679.12
678.60
697.80
697.32
696.00
696.12
683.60
694.00
697.20
691.20
694.52
692.92
672.72
701.00
696.60
693.20
696.52
654.52
670.40
696.32
698.12
694.80
694.52
664.40
694.60
694.92
693.32
697.32
682.40
689.92
698.80
694.52
695.52
693.72
688.40
695.92
694.32
697.52
697.20
667.32
662.80
696.72
696.72
698.72
690.40
665.52
695.20
696.72
698.80
694.52
686.60
679.32
693.92
698.32
695.12
693.12
683.52
694.00
691.60
690.12
694.00
692.00
671.60
695.20
697.40
696.32
698.32
666.12
696.00
696.80
694.20
698.00
690.72
686.20
697.72
696.72
695.72
694.52
666.52
674.40
700.92
698.60
695.32
699.72
651.52
696.12
695.32
697.20
695.40
687.20
691.20
697.20
698.32
693.00
692.40
682.00
696.72
697.80
692.12
695.72
695.00
676.52
696.80
700.20
694.32
696.60
650.40
692.20
694.72
692.72
693.92
696.40
663.12
694.72
694.80
698.40
701.60
682.32
694.32
696.60
696.52
691.32
697.92
684.32
693.32
692.72
693.00
698.92
671.32
669.60
692.12
697.92
697.52
696.00
666.80
694.20
696.12
698.00
693.72
691.60
677.00
698.80
698.20
694.60
685.92
680.92
694.60
693.00
693.72
699.32
698.20
672.80
694.60
697.00
695.60
698.00
666.52
696.40
695.20
694.52
695.80
686.80
676.12
696.32
695.72
693.00
700.92
662.92
676.00
699.20
699.00
693.52
693.80
673.40
697.12
697.60
698.92
697.00
680.20
683.40
695.20
695.52
698.40
696.80
688.20
697.00
697.72
696.12
696.40
661.92
682.80
701.32
695.52
697.80
698.32
649.40
695.80
697.60
694.00
693.92
689.20
682.72
698.00
697.52
691.72
699.72
678.32
694.92
694.20
693.80
696.60
692.32
671.92
697.40
694.20
701.00
700.12
671.20
672.00
697.80
696.20
694.60
695.80
679.52
696.80
695.00
696.32
698.60
679.32
689.80
697.52
690.52
696.32
693.00
678.52
697.52
697.20
694.60
696.52
674.12
668.92
694.72
699.20
696.80
700.00
666.32
695.52
699.80
697.20
696.32
696.12
678.12
700.60
695.80
695.52
695.32
661.32
674.12
697.80
696.60
700.20
695.60
677.52
698.80
699.52
701.92
698.80
666.52
696.80
697.12
699.12
697.52
694.40
689.60
692.40
699.72
694.80
699.60
666.60
674.12
697.32
693.32
695.32
697.32
654.60
694.80
699.20
696.20
695.00
689.72
685.40
698.92
698.20
694.00
687.60
679.52
693.92
696.32
697.12
696.80
696.52
675.60
698.40
697.52
692.52
695.60
650.72
695.72
697.32
697.20
692.20
691.00
674.40
694.00
699.80
694.60
699.92
675.20
689.12
697.40
694.52
694.72
693.20
678.52
695.40
691.32
698.00
695.40
675.72
668.00
698.40
690.80
693.60
695.60
672.00
696.20
696.32
697.60
695.20
694.32
673.80
692.52
696.92
690.80
693.20
684.52
698.72
697.12
696.52
697.12
696.80
668.60
692.20
700.20
696.40
701.00
676.60
696.52
697.92
698.52
697.40
694.52
693.80
697.20
697.52
695.52
698.32
667.92
670.40
693.92
695.72
697.12
694.20
671.52
695.52
695.80
699.32
696.92
683.12
683.72
698.60
695.92
697.72
696.60
691.00
694.12
695.32
696.32
698.20
698.00
674.80
695.40
694.00
695.32
697.20
653.40
693.72
693.52
697.40
696.00
682.92
665.52
695.32
693.00
695.52
697.92
672.32
689.00
697.12
692.32
694.72
691.92
674.80
697.60
693.40
691.80
697.20
670.72
669.52
697.80
697.52
697.52
696.00
668.80
697.60
699.20
697.00
696.92
689.00
678.92
694.60
693.32
697.32
691.92
672.80
695.92
696.52
694.52
692.20
676.92
670.72
697.20
696.80
690.20
698.32
677.52
695.60
696.92
695.20
697.72
692.92
675.52
692.52
698.52
694.12
697.72
661.52
676.00
700.20
695.00
695.00
696.60
675.20
697.32
695.52
696.52
699.80
686.00
683.00
699.00
695.00
694.12
695.52
689.32
699.52
698.32
693.80
697.52
668.12
668.00
696.12
699.32
699.52
699.72
658.20
696.92
695.80
699.80
695.32
684.72
687.72
702.52
693.72
695.52
698.72
679.00
685.40
696.00
697.32
698.72
696.40
676.60
697.40
693.12
696.00
697.72
652.32
673.32
697.40
696.32
695.60
696.20
668.80
695.92
693.80
699.00
694.32
680.80
692.72
694.00
698.00
696.40
692.52
675.20
699.12
693.72
694.32
698.20
682.92
671.20
699.80
697.32
696.60
696.60
680.20
695.32
695.92
698.40
697.32
692.00
677.40
697.20
696.60
698.20
696.92
674.00
672.20
697.60
695.80
692.72
696.92
668.72
698.32
693.92
695.32
698.92
677.40
694.92
696.92
698.32
695.72
697.60
688.12
695.12
696.40
694.92
698.52
679.52
677.72
698.80
695.20
696.12
699.32
663.32
695.72
698.12
696.52
697.12
689.60
687.72
699.32
698.40
694.00
697.12
693.92
698.00
696.60
698.52
695.80
6