Measuring voltage and current with INA219 ...
659.92
707.20
708.20
708.40
706.72
694.72
697.20
707.52
708.12
708.52
708.32
677.72
695.40
704.32
709.20
706.80
706.40
678.72
709.00
707.20
708.60
707.72
660.40
682.60
708.00
707.80
707.72
706.00
680.32
708.40
708.20
708.32
707.12
678.60
696.92
709.12
706.32
707.72
701.92
672.00
707.72
707.00
708.20
708.12
685.20
682.40
708.32
708.40
709.20
710.12
691.72
708.12
707.32
705.72
706.20
706.00
684.40
709.32
707.92
708.12
704.92
675.52
706.12
708.32
706.12
707.52
708.20
675.72
707.12
708.72
706.72
709.00
690.72
709.32
706.72
705.12
706.92
700.00
701.72
706.12
707.52
707.20
706.60
673.60
676.52
707.92
707.80
708.72
707.80
660.60
710.00
710.32
707.20
709.32
694.52
699.40
707.60
707.40
709.12
701.72
705.40
707.32
707.20
707.60
708.12
708.60
680.40
708.00
708.40
707.52
706.00
657.40
706.72
705.12
705.32
709.72
706.52
694.92
709.40
708.20
709.40
710.20
681.32
702.00
713.20
713.52
717.60
712.12
691.72
716.40
721.60
720.40
718.92
699.20
697.92
731.52
717.00
713.52
721.40
703.80
716.20
726.72
718.20
719.32
723.00
709.00
723.80
727.60
722.32
717.00
688.60
722.60
721.20
720.60
719.80
721.72
701.72
722.92
726.92
727.12
718.12
700.92
720.32
711.12
710.40
712.60
708.12
692.20
709.52
708.92
708.00
707.60
675.00
676.52
707.52
707.92
706.32
707.20
686.72
707.80
707.20
710.52
706.12
694.80
698.60
705.40
708.20
708.92
704.00
713.12
710.80
709.20
710.20
712.60
683.60
694.92
719.40
718.12
718.00
716.40
668.80
718.00
719.32
721.72
725.20
713.60
722.12
728.72
732.60
723.40
724.40
706.12
721.12
731.80
736.20
740.72
763.52
726.12
753.20
744.92
749.12
750.20
742.52
768.20
775.60
792.40
813.80
850.12
791.12
826.00
759.32
756.12
755.20
712.40
729.72
739.20
741.40
736.80
733.12
686.72
727.80
727.52
725.12
721.32
722.00
701.52
721.80
723.72
721.80
721.80
710.12
721.12
734.52
721.00
717.20
713.12
698.12
713.40
711.00
718.72
710.60
681.92
684.12
712.52
712.32
711.60
711.72
691.32
712.32
711.80
712.72
711.80
701.60
712.32
712.00
711.12
710.12
709.72
710.00
712.72
713.20
712.12
709.52
685.32
679.32
713.80
710.40
713.20
710.52
664.52
711.32
713.40
713.40
710.20
702.32
707.12
714.60
718.92
714.32
709.20
712.80
705.12
714.20
711.32
714.60
712.20
688.00
714.40
711.72
712.72
710.20
666.20
714.00
712.00
710.32
708.40
709.80
697.60
711.20
712.12
712.72
711.60
682.72
697.12
711.40
711.00
710.40
708.20
674.00
711.12
712.80
711.80
707.80
692.40
690.92
707.80
707.72
709.52
705.52
682.40
707.80
707.52
707.40
707.12
706.60
684.80
706.60
707.00
707.32
704.12
674.52
705.12
705.12
706.80
706.32
706.52
682.12
707.20
708.32
707.80
706.72
694.32
709.32
708.32
709.92
707.52
711.80
708.72
711.20
711.80
714.32
706.72
679.00
675.80
706.92
706.40
709.00
707.52
670.20
707.80
706.00
706.80
707.80
694.92
696.12
708.32
706.12
708.80
709.12
706.40
706.32
707.32
709.52
706.72
707.32
680.60
710.80
707.72
711.32
707.20
665.72
706.60
707.72
706.72
706.12
695.00
697.52
705.52
709.92
707.92
705.80
675.40
692.00
704.80
705.72
703.20
706.20
677.80
707.20
706.12
706.60
707.52
689.72
681.20
705.72
706.60
703.60
703.20
691.32
705.12
707.60
707.20
711.12
705.00
681.20
705.32
702.40
704.40
702.52
668.20
702.40
705.92
706.32
705.40
689.00
683.92
706.60
705.92
705.92
707.00
693.80
704.32
706.00
704.60
706.40
706.12
682.40
705.12
706.20
707.12
704.60
675.32
675.20
710.20
704.12
705.00
707.92
686.72
703.72
706.80
707.20
707.20
693.32
698.52
708.52
707.12
705.32
704.20
705.32
709.92
707.20
707.32
707.52
674.92
677.12
707.92
704.80
709.00
705.72
657.00
705.92
708.20
705.72
706.92
696.60
696.00
707.72
707.40
706.80
706.52
682.72
695.12
705.80
705.72
705.40
707.72
680.72
707.40
706.40
706.32
704.00
661.92
681.80
705.80
705.32
705.40
703.52
684.60
708.12
707.12
707.72
707.12
678.80
692.52
704.12
706.20
705.12
704.92
669.52
705.72
704.80
706.52
705.20
693.32
689.80
705.52
706.40
708.00
704.52
694.72
709.52
706.32
705.80
705.40
705.52
683.32
707.40
708.00
706.12
706.20
665.32
708.12
705.40
705.40
705.12
705.92
677.40
706.40
707.20
708.00
707.00
696.40
707.12
708.80
707.32
707.40
702.12
704.12
706.52
707.32
713.52
710.72
683.80
678.32
711.72
710.92
709.92
709.40
668.72
710.20
710.40
709.20
711.32
700.52
698.72
710.32
711.00
717.72
711.52
709.92
712.80
714.72
713.52
714.20
712.72
692.80
713.40
718.32
712.52
713.52
668.40
712.80
712.92
714.40
712.32
713.32
692.12
712.12
713.80
714.12
711.12
683.32
700.80
712.80
712.80
711.12
709.72
689.12
710.32
709.80
711.60
711.20
692.72
691.52
712.52
713.52
711.40
712.92
693.00
712.12
712.80
710.52
709.20
710.92
691.32
712.40
713.60
712.92
710.40
668.80
710.12
713.20
713.72
713.20
712.40
678.92
714.00
716.12
714.80
709.60
702.00
710.80
711.00
711.32
712.60
710.00
693.40
710.72
713.00
716.72
713.00
681.80
680.52
711.20
710.32
712.00
709.72
687.00
711.12
711.40
713.12
713.32
705.60
700.40
712.20
714.32
711.40
710.00
710.80
710.60
712.20
714.32
711.52
676.00
685.52
710.20
713.72
714.80
712.72
663.12
712.20
711.20
710.20
710.60
700.92
703.20
714.20
713.12
711.92
711.52
678.00
695.92
710.72
711.00
708.72
715.20
680.72
708.20
708.52
706.40
707.40
686.12
683.12
708.20
705.52
704.60
704.12
683.12
705.32
705.00
707.80
706.12
671.00
693.52
705.60
705.60
703.60
706.20
668.52
705.32
709.32
707.40
706.52
686.72
679.80
703.80
703.20
707.32
705.00
698.20
705.60
705.40
706.52
707.00
707.12
685.32
705.20
704.60
705.52
703.60
675.52
672.00
706.32
706.32
702.80
706.60
667.72
707.72
706.52
706.12
706.32
694.00
706.52
705.80
704.12
704.52
701.52
703.92
708.32
709.20
711.32
709.52
680.20
675.40
707.32
707.20
708.20
705.72
662.92
705.20
706.92
707.32
706.32
696.12
695.40
705.52
707.00
707.32
702.12
705.12
696.80
704.80
706.12
707.20
705.72
690.40
706.12
705.60
706.32
704.80
658.60
707.40
705.72
706.20
705.20
705.60
682.72
707.92
706.72
707.92
705.12
672.72
691.00
704.40
707.32
705.00
704.12
669.60
706.52
704.60
705.72
705.12
688.60
683.00
705.80
705.80
703.60
703.52
692.32
705.52
705.00
704.60
704.12
707.12
686.52
705.92
705.40
706.80
703.32
665.40
705.40
707.40
709.52
705.80
706.20
680.20
705.80
708.60
708.00
707.52
693.72
703.92
706.52
705.32
705.60
705.12
705.20
705.32
704.72
707.72
703.72
670.92
681.00
703.60
706.80
705.12
705.52
685.12
705.72
705.32
704.92
703.40
694.60
694.60
705.52
704.52
707.32
703.40
703.80
704.72
708.60
708.32
704.92
704.12
681.40
704.40
704.92
707.00
705.52
656.20
705.20
705.40
706.52
705.72
696.20
701.32
706.20
706.72
709.92
706.00
677.72
693.40
705.72
705.80
703.80
705.92
681.40
705.80
704.60
706.80
708.20
685.60
684.00
704.80
704.60
705.00
702.12
683.20
705.72
705.40
706.52
707.12
705.72
687.32
705.72
704.60
705.20
703.72
666.92
704.80
704.00
705.40
705.60
689.20
688.32
703.52
704.80
707.60
705.52
696.72
702.52
705.52
703.12
706.52
709.52
683.60
706.12
707.00
704.72
705.32
678.00
676.60
705.20
706.60
706.72
704.92
684.20
706.60
706.20
705.80
704.00
697.32
697.52
703.20
706.20
705.72
700.60
704.40
704.92
705.32
705.52
704.80
674.80
674.12
703.80
705.20
707.40
703.60
664.12
704.72
706.12
708.60
705.80
695.52
695.12
705.72
704.32
706.72
708.72
678.72
692.20
706.80
704.72
706.12
706.40
689.32
707.32
712.80
711.60
713.00
665.00
712.32
715.00
712.92
713.20
712.40
697.80
713.20
711.20
717.72
716.40
683.80
705.00
713.32
713.12
714.12
711.32
675.32
714.80
715.20
715.60
715.20
701.32
691.80
716.32
714.60
714.20
712.52
704.12
715.20
714.92
713.72
712.80
712.12
694.92
713.60
713.92
711.80
710.72
673.92
718.40
721.12
715.00
714.12
716.32
690.80
717.32
719.60
717.00
714.52
705.12
713.80
714.52
713.00
715.52
710.72
716.12
715.00
713.72
716.92
715.12
680.00
685.12
713.92
713.72
713.32
714.00
694.52
712.52
712.20
713.12
713.72
703.60
705.20
714.12
713.32
715.52
710.72
713.52
714.40
717.72
715.00
713.32
715.80
690.52
713.80
713.40
716.00
713.80
671.20
712.32
714.32
713.80
715.20
713.80
700.52
715.32
714.60
715.32
716.20
688.80
703.80
713.72
714.60
714.00
714.52
694.32
712.92
712.92
716.52
712.32
699.00
689.40
714.52
714.12
714.20
711.80
694.52
713.52
714.20
716.20
713.92
713.20
695.72
712.92
712.92
714.12
713.92
684.80
714.32
712.40
712.92
714.12
701.52
692.52
713.92
713.00
715.72
713.20
709.00
711.52
712.40
713.20
714.00
714.52
695.92
717.72
725.20
724.92
725.12
701.52
700.52
727.52
724.40
717.40
715.72
688.32
720.40
718.52
713.60
711.92
706.20
707.20
713.52
712.20
711.92
709.20
711.32
712.00
710.80
712.80
711.20
691.52
684.60
717.12
714.80
710.52
708.72
674.80
706.80
711.72
707.40
708.32
706.32
699.80
708.00
709.92
708.20
709.72
690.20
699.52
707.20
707.20
708.80
707.72
696.32
706.72
708.92
708.80
706.80
701.00
686.80
706.52
708.12
706.80
706.40
689.80
707.52
707.72
709.00
705.00
690.12
698.52
705.72
709.40
706.40
708.60
671.80
706.60
705.12
708.52
708.12
698.20
686.20
707.92
706.52
706.12
705.72
698.40
705.92
707.80
705.40
708.60
705.32
689.00
705.72
705.00
705.32
705.80
675.32
678.60
704.40
706.60
705.00
705.92
681.00
705.40
706.40
705.00
705.72
698.80
708.52
704.72
706.20
705.00
704.20
705.00
704.00
703.40
706.80
704.12
683.20
681.12
703.12
704.00
704.92
704.12
666.52
706.92
705.60
704.80
706.00
699.20
696.72
705.72
704.52
703.72
702.92
701.92
693.80
703.00
703.40
704.80
706.40
688.60
707.80
704.60
706.52
704.92
664.32
703.52
704.72
706.60
704.32
703.60
681.52
704.80
705.52
705.40
705.20
685.80
695.20
704.80
703.32
703.52
704.32
663.00
704.32
706.80
704.20
703.52
697.60
686.72
706.00
703.32
706.12
705.20
681.92
704.72
703.80
704.00
705.80
706.12
691.52
704.40
704.72
706.12
704.60
667.40
704.80
705.40
707.12
704.80
704.92
676.52
708.80
705.72
705.80
708.00
701.80
704.20
704.20
703.60
703.12
703.80
688.52
705.52
706.32
707.72
705.72
686.60
678.80
705.12
708.00
708.40
706.00
669.80
706.60
705.80
705.32
705.12
702.32
698.32
706.72
704.20
706.20
698.72
702.52
704.80
706.00
705.32
705.72
705.80
691.92
706.92
705.72
703.72
703.20
662.52
704.52
704.60
706.40
705.12
699.72
695.00
705.12
707.12
705.92
709.32
687.12
694.00
703.92
702.72
703.60
705.20
688.40
706.92
706.20
7