Measuring voltage and current with INA219 ...
714.00
712.52
713.80
696.60
706.12
714.00
715.40
714.40
713.72
699.40
712.92
714.12
714.60
712.40
713.20
696.20
714.60
713.12
715.40
715.80
683.32
685.32
714.92
712.92
713.32
713.00
693.72
713.92
713.92
713.40
714.52
697.52
708.80
717.32
715.80
718.12
711.80
710.32
713.32
714.72
715.12
713.92
685.60
684.92
713.40
714.12
715.52
713.20
677.32
712.80
714.72
712.00
714.72
705.20
699.92
713.92
713.52
714.60
713.92
675.12
695.32
713.72
713.40
715.80
712.72
695.92
715.80
716.32
715.60
713.32
676.60
712.72
713.72
714.80
712.52
709.72
700.60
713.20
713.60
716.80
714.32
677.32
691.80
712.80
713.72
714.92
713.52
664.80
712.00
711.92
713.80
714.60
697.92
705.60
713.00
712.40
715.00
707.92
692.92
709.80
713.32
715.80
714.12
713.72
694.00
714.80
713.80
715.00
713.32
665.12
712.40
714.32
712.12
713.72
713.72
692.40
717.00
713.20
714.12
718.92
690.20
709.40
710.60
714.72
714.72
709.72
697.32
714.12
713.32
713.92
714.32
687.72
690.80
716.12
716.52
724.00
723.20
705.80
727.52
721.20
726.20
735.80
723.80
709.80
731.40
730.80
728.12
718.60
693.60
721.60
722.72
733.60
729.52
727.52
713.92
724.80
722.20
731.52
720.92
695.40
720.00
721.12
723.92
719.92
717.20
714.80
718.60
721.00
735.00
731.72
694.92
700.40
724.40
724.80
723.52
735.00
712.72
731.12
733.20
742.60
738.40
724.80
726.00
741.60
734.92
752.52
735.32
741.52
749.40
746.40
757.72
765.72
752.52
740.00
767.60
770.00
795.60
814.32
752.92
818.20
817.20
859.92
843.60
848.00
811.20
786.52
774.52
782.00
761.72
732.40
740.32
746.60
760.52
759.80
740.92
717.72
738.12
737.12
737.00
731.92
713.00
724.52
731.32
731.72
735.40
725.72
714.92
729.32
727.32
725.72
730.92
729.92
705.72
728.72
729.00
729.72
726.72
679.52
728.32
726.92
729.80
725.52
708.92
701.80
727.32
722.92
721.40
720.20
709.20
720.12
718.00
718.80
716.12
716.80
707.80
715.00
715.92
720.40
719.32
687.80
692.92
716.72
718.00
715.72
717.00
692.72
716.12
716.20
716.72
718.12
708.00
705.12
718.72
721.00
717.52
714.60
714.60
715.80
717.92
717.92
715.00
689.12
681.52
717.20
718.20
716.12
717.32
676.60
715.40
716.40
716.60
717.00
702.80
704.12
716.60
716.40
715.60
717.40
682.32
704.00
715.52
715.40
715.52
716.72
705.20
715.72
719.12
717.60
717.12
672.12
701.12
717.00
716.80
715.32
714.32
697.40
715.72
717.40
713.80
714.12
678.72
699.20
710.80
710.00
710.32
712.32
670.72
710.52
711.72
714.60
712.40
698.72
699.52
712.80
711.72
712.92
710.52
700.60
714.72
713.00
713.20
714.52
713.12
692.52
713.12
715.32
710.32
711.92
665.32
713.72
712.32
711.52
712.40
715.52
698.32
714.00
712.80
715.60
712.72
702.40
712.40
711.40
710.52
716.92
707.40
701.40
711.60
717.12
713.72
718.20
682.60
687.20
713.12
715.00
716.32
715.72
691.92
716.32
718.40
720.32
719.32
714.12
699.12
718.20
714.40
712.72
709.00
705.52
711.72
712.60
711.40
712.92
711.32
697.12
712.92
712.52
712.12
713.72
682.20
712.20
712.32
715.20
712.12
712.40
702.80
714.92
714.92
717.80
715.32
676.00
693.40
711.92
711.20
715.32
713.00
693.60
714.32
714.12
717.20
713.92
697.00
701.32
712.92
710.80
714.40
707.32
702.32
713.60
711.72
715.00
713.20
716.12
703.80
715.32
716.20
712.32
712.52
667.60
713.12
714.20
712.72
714.40
701.60
691.00
712.72
715.12
716.52
713.40
694.32
709.40
712.32
716.92
710.80
716.32
695.80
713.32
715.00
713.80
711.60
687.00
691.20
712.52
713.12
715.40
714.40
691.40
713.32
716.72
716.00
712.52
711.00
706.32
712.20
715.20
716.92
711.32
702.00
715.32
714.00
715.60
715.40
687.72
685.52
712.40
716.20
714.92
713.52
689.40
711.12
714.32
713.92
715.00
711.20
703.52
715.32
712.72
719.00
712.72
680.32
685.60
714.32
715.00
715.72
715.60
703.32
713.20
715.40
712.12
711.60
704.52
704.72
714.20
713.20
712.20
708.92
705.20
709.72
714.92
717.20
714.60
680.12
688.72
712.00
713.60
711.60
713.60
668.72
713.32
711.12
713.32
713.80
698.00
703.40
712.60
713.72
716.32
712.80
685.00
702.52
712.60
712.80
712.60
713.60
692.00
712.00
714.72
711.12
714.60
665.72
687.00
712.12
712.92
712.92
712.52
690.00
712.80
713.20
712.80
711.40
688.20
704.00
714.32
710.80
711.60
709.20
668.40
712.20
711.20
712.52
711.92
688.92
691.60
711.12
716.92
714.20
709.52
701.40
709.72
713.92
716.60
712.20
713.40
691.00
711.72
711.40
710.72
710.52
670.12
711.12
711.60
711.92
712.60
712.40
692.40
713.52
713.52
713.12
713.32
704.72
715.52
711.92
712.00
713.32
705.40
710.80
715.12
713.52
713.92
713.52
680.60
682.20
711.52
712.00
712.80
713.92
677.00
711.32
711.52
715.20
712.00
701.52
699.20
711.72
711.80
712.20
702.32
707.12
711.00
711.52
711.12
711.20
711.72
693.60
710.72
713.40
710.72
710.80
660.12
710.32
713.92
712.72
711.20
703.32
695.60
712.72
712.20
713.40
716.60
688.12
696.20
712.32
711.52
711.92
712.80
689.80
711.52
714.00
711.60
710.60
695.80
696.00
712.00
712.12
711.60
703.60
692.72
710.20
713.00
712.40
712.40
711.12
696.20
710.52
711.40
712.00
713.72
659.92
712.00
712.00
715.00
711.72
696.52
678.72
711.32
712.72
714.92
712.12
703.60
711.72
712.92
712.12
715.00
713.52
698.20
713.32
713.52
713.92
714.00
684.72
690.32
711.52
711.92
713.80
712.20
684.20
711.12
712.80
713.52
713.32
706.40
697.80
714.00
711.92
710.72
704.40
703.40
711.20
710.72
712.32
714.40
688.52
681.72
712.12
712.20
713.20
710.40
676.40
711.40
712.32
714.72
712.12
709.80
699.32
711.20
711.72
711.32
711.20
687.32
695.20
710.40
711.72
712.72
711.60
690.20
710.12
712.32
713.20
711.20
701.60
698.60
714.12
712.92
714.00
707.40
701.52
711.32
712.00
713.12
711.60
695.12
694.52
714.40
712.20
711.52
710.52
663.60
711.32
710.32
713.80
712.20
703.12
702.92
712.20
710.12
712.12
711.32
699.00
708.12
712.32
712.00
710.60
713.12
697.92
711.52
712.60
712.60
711.92
676.32
690.40
712.72
711.92
712.80
712.32
690.40
712.20
713.20
714.52
712.72
700.32
709.40
712.72
712.80
716.72
716.60
708.32
719.00
718.20
718.12
716.00
696.20
694.80
713.80
712.20
714.72
712.72
693.12
711.60
712.52
715.12
711.20
710.52
697.80
713.32
710.80
711.80
708.92
696.72
710.40
712.60
709.00
711.80
711.40
693.32
712.32
711.80
713.12
714.80
691.80
712.32
711.52
711.52
709.52
709.52
707.80
709.52
711.12
713.60
712.80
689.52
685.80
714.52
713.52
714.60
714.72
685.60
711.72
712.80
713.32
711.40
701.92
706.40
711.20
712.52
712.32
709.52
706.72
711.20
712.12
712.32
712.40
713.52
695.52
712.12
711.92
711.80
712.12
676.80
710.32
712.12
713.60
711.00
710.60
684.00
710.20
712.72
712.40
715.00
690.92
705.00
710.40
712.12
713.00
712.40
692.20
711.72
711.80
713.00
713.20
702.40
687.60
712.80
711.40
711.32
712.72
684.12
711.60
714.00
712.80
711.60
713.72
695.20
713.20
711.32
711.40
708.40
684.52
710.80
711.20
713.12
711.80
702.12
680.52
709.80
712.40
711.52
712.32
703.52
709.80
712.60
712.20
712.20
712.20
694.32
711.00
711.32
712.12
711.32
691.12
688.60
712.32
712.00
711.72
712.00
679.60
710.72
711.60
711.80
710.12
706.52
704.92
712.72
711.92
712.00
712.20
715.40
713.92
716.40
716.32
713.40
688.92
682.72
712.00
711.52
713.00
711.92
675.00
712.92
711.60
713.40
712.40
705.80
704.20
711.32
712.00
712.32
713.00
694.80
700.12
711.32
712.40
711.52
717.00
689.20
711.60
712.72
712.52
710.72
701.40
699.32
715.60
711.52
713.92
710.72
690.12
710.60
712.32
713.80
713.20
691.40
701.80
712.12
712.52
713.00
709.60
675.60
711.80
711.20
714.12
711.72
702.52
697.92
714.12
711.60
711.92
712.80
706.60
712.32
712.72
715.12
712.00
714.92
694.32
714.40
714.12
713.72
713.00
680.40
679.72
713.92
712.72
714.92
714.00
684.12
714.00
714.32
714.20
714.20
711.52
714.92
712.12
712.72
712.12
710.72
711.92
710.20
711.60
712.80
711.40
692.32
684.12
712.80
714.00
713.72
713.80
676.60
712.32
714.12
714.40
712.40
708.32
702.32
711.92
711.40
711.40
707.80
710.52
708.60
708.80
710.12
711.32
711.12
695.00
712.80
711.52
711.80
712.12
677.52
710.80
710.00
712.40
709.92
708.32
701.60
710.80
712.32
713.32
710.52
684.40
691.72
713.32
714.80
714.72
712.12
671.20
711.72
712.12
711.52
711.80
706.52
700.52
712.52
712.00
712.72
710.52
702.80
712.00
712.72
713.00
712.12
712.12
695.00
712.20
713.12
711.00
710.40
672.52
710.12
713.32
711.32
712.92
712.40
678.60
711.92
712.12
712.60
715.72
702.12
710.80
710.52
712.72
711.80
713.72
696.72
710.92
711.72
710.80
711.80
697.00
689.60
713.12
710.72
710.00
710.32
680.72
710.52
711.60
712.72
712.52
711.00
699.52
713.72
712.80
714.00
710.92
704.60
712.00
713.12
711.92
710.72
699.80
681.60
712.20
711.32
712.72
712.12
688.80
709.20
712.92
713.52
710.80
708.92
697.12
712.20
713.40
712.12
712.00
687.92
689.40
710.80
711.92
711.52
710.52
682.60
711.92
710.72
712.60
712.20
703.52
705.40
711.32
711.20
710.00
709.92
710.40
710.60
714.60
712.20
713.72
688.40
692.60
712.92
712.40
711.92
709.40
672.40
711.00
711.40
711.52
712.40
705.52
704.40
712.52
711.32
713.00
711.60
697.40
705.60
711.00
713.00
711.92
711.52
693.72
711.52
712.52
713.60
713.60
699.80
691.00
713.00
715.52
713.32
718.12
684.12
720.00
715.72
714.20
710.92
696.00
7