Measuring voltage and current with INA219 ...
152.52
145.40
184.92
154.20
138.72
162.32
161.32
169.52
218.32
158.72
141.52
138.20
150.00
141.52
161.00
149.40
133.52
143.92
137.20
124.00
145.60
133.80
159.32
146.32
137.20
171.00
170.60
160.72
174.40
147.92
143.60
154.40
147.52
234.60
156.92
138.20
150.60
135.00
132.40
204.72
207.20
145.00
214.80
214.80
180.80
167.52
137.00
184.20
188.72
153.72
205.32
162.80
188.32
173.20
174.52
148.80
160.00
154.20
127.40
168.52
169.40
188.32
175.60
150.72
160.80
160.40
146.20
189.12
154.80
139.12
188.72
175.52
162.60
148.40
147.40
201.12
197.52
139.12
155.80
142.32
148.00
153.12
142.40
171.80
164.72
235.80
197.00
166.12
160.32
164.32
159.20
140.60
168.12
139.40
163.20
159.52
183.60
140.12
163.60
156.12
168.80
166.80
165.92
179.12
148.12
153.52
183.32
155.72
146.32
181.80
222.92
172.40
148.72
159.32
174.80
170.52
183.72
165.92
178.00
139.40
148.20
137.40
141.80
154.00
160.20
154.40
188.60
156.60
174.00
143.52
154.60
182.80
151.12
173.60
241.52
233.60
166.00
227.92
209.40
260.80
284.92
500.00
285.60
235.92
399.92
572.92
568.20
179.12
231.80
380.80
492.00
353.00
213.32
307.00
580.12
673.40
696.52
660.40
715.00
480.00
431.92
677.12
704.80
600.80
477.40
328.92
459.32
329.40
307.12
285.00
493.80
234.52
622.20
208.52
219.80
219.20
180.60
202.20
224.12
211.80
167.40
176.72
183.80
216.92
182.72
193.60
212.52
240.00
190.80
319.40
173.32
175.60
192.20
191.72
263.92
197.52
176.40
186.40
186.52
188.20
239.20
172.32
174.80
196.80
172.40
191.00
322.80
292.12
195.32
247.32
215.40
281.92
213.32
219.52
186.92
198.60
263.20
245.12
214.12
208.60
176.12
175.40
309.60
180.92
180.00
189.00
144.80
142.60
212.32
160.20
131.80
136.20
133.72
172.92
241.40
136.92
147.12
119.80
163.92
209.32
124.72
123.00
125.00
122.00
165.92
133.60
165.80
163.20
140.12
142.72
205.12
187.60
196.80
192.40
167.00
293.20
203.92
199.40
264.60
171.60
176.72
242.92
197.92
243.80
178.00
187.32
203.32
202.40
200.92
263.52
221.60
190.20
163.00
183.60
276.80
278.92
170.12
173.52
170.12
173.12
157.60
208.40
201.92
193.00
193.60
191.60
210.52
170.20
180.00
205.52
193.72
172.72
178.72
262.00
174.20
187.52
208.32
199.00
228.60
232.72
290.92
301.80
276.60
201.32
311.12
319.52
286.32
411.12
280.80
282.20
286.72
271.92
381.20
484.72
308.52
288.12
280.80
261.60
363.40
295.72
258.00
274.52
355.20
491.00
179.00
287.32
191.92
212.52
200.72
202.80
196.92
192.00
185.72
181.20
200.00
185.72
239.52
167.80
175.00
196.72
178.32
161.20
164.00
169.40
207.32
257.32
284.32
302.40
266.20
304.00
311.20
329.32
317.80
393.72
352.80
260.40
333.12
237.80
236.80
243.60
242.12
307.20
253.60
193.40
190.72
184.72
184.52
198.60
191.40
236.72
235.40
209.80
203.40
190.60
179.52
199.12
169.40
169.20
216.32
175.60
157.52
161.12
168.60
154.32
172.72
185.60
236.72
211.60
215.12
239.20
217.52
170.52
181.52
179.80
182.20
183.92
165.00
191.92
165.60
167.60
194.60
169.32
173.20
167.00
170.32
200.72
200.80
199.92
183.92
200.12
193.52
194.00
186.80
183.80
193.80
169.12
164.80
173.40
165.12
162.20
216.20
164.60
149.92
162.32
162.72
217.92
185.20
146.80
138.52
131.72
120.20
119.80
131.40
131.20
119.92
125.92
125.60
117.40
119.92
139.00
141.72
193.20
137.20
121.40
108.92
132.12
131.32
130.00
131.60
135.40
160.72
164.52
132.80
131.32
130.72
125.00
112.92
116.12
125.32
119.80
118.32
109.20
121.60
119.32
138.72
131.72
131.72
132.92
137.12
130.32
139.32
134.20
164.52
123.12
132.52
148.12
122.00
130.32
122.72
117.12
167.60
118.92
128.32
109.20
123.00
231.20
144.72
138.00
127.92
228.40
156.92
159.92
168.20
140.32
142.40
126.32
130.32
141.00
121.60
133.92
212.00
125.40
122.12
161.40
131.72
140.52
157.12
140.52
138.72
150.00
133.00
158.00
124.00
124.52
155.60
132.60
128.32
119.00
125.32
117.00
158.92
117.60
125.92
117.92
122.00
148.52
123.92
126.32
152.52
144.92
128.00
131.52
133.72
123.00
125.12
134.20
156.20
126.60
155.20
127.72
131.32
127.12
134.80
122.72
119.52
128.60
134.60
130.60
127.12
135.32
155.72
132.40
126.00
149.60
170.92
142.52
137.32
131.20
127.00
132.40
132.20
155.52
126.52
120.52
158.32
150.40
130.92
131.00
133.92
138.00
131.00
130.20
108.12
124.52
125.60
146.12
124.92
127.12
118.40
129.32
110.60
114.92
116.72
118.12
113.40
123.20
142.92
194.20
188.60
148.52
133.32
140.40
131.20
128.72
113.12
129.80
130.52
117.72
127.00
125.32
144.72
117.60
112.00
113.40
117.92
124.52
166.80
134.60
140.20
148.92
132.20
145.72
128.40
126.40
146.80
125.52
122.12
129.60
116.72
118.00
117.32
123.72
195.80
115.92
118.40
144.12
130.40
139.52
139.72
135.20
126.20
133.00
131.92
121.20
140.92
135.00
141.40
115.80
124.80
140.40
116.00
113.40
117.92
117.00
114.60
118.72
126.32
153.60
133.80
139.12
168.32
133.92
136.40
147.80
131.12
139.20
180.20
202.60
188.40
208.40
198.40
263.80
246.00
233.00
224.00
180.52
185.92
201.12
171.32
128.20
154.52
140.92
135.60
131.00
131.40
143.92
120.92
121.80
146.40
122.00
138.12
124.12
124.20
109.40
123.32
121.52
157.92
125.72
134.60
135.52
184.60
193.32
155.40
197.52
267.60
191.92
167.72
167.32
182.80
299.60
195.92
166.52
178.72
167.20
166.12
172.60
185.80
185.00
193.72
183.12
184.72
202.60
181.12
178.52
181.32
178.40
167.52
160.92
172.80
154.60
171.72
166.60
147.60
164.40
167.60
188.60
188.72
192.40
176.12
167.92
196.80
187.52
167.92
188.92
181.80
187.60
189.12
166.92
167.52
176.72
166.52
162.12
177.40
170.52
171.00
163.52
185.12
175.32
180.60
184.20
204.92
184.00
176.40
177.00
243.92
188.12
163.80
168.52
171.52
182.12
165.52
157.80
166.12
186.32
184.00
167.20
185.60
191.52
184.60
183.60
190.72
216.72
226.72
202.80
224.60
221.00
207.20
158.12
129.60
119.60
114.00
118.00
123.12
104.40
117.32
120.80
125.80
124.80
125.52
158.12
125.52
128.40
152.52
183.80
125.52
125.32
119.40
139.32
116.32
124.72
123.20
118.00
114.32
127.32
118.20
119.72
129.20
132.72
127.92
128.40
126.12
152.72
127.20
134.20
161.00
139.52
146.00
118.12
120.00
119.80
116.12
116.40
121.92
116.72
139.52
131.40
135.20
183.92
150.60
139.72
122.12
129.72
124.20
120.72
130.20
214.92
149.40
128.12
152.80
121.52
116.72
116.80
119.40
116.72
117.40
117.72
132.92
126.32
128.20
128.80
150.00
134.60
119.60
125.92
135.92
130.32
132.80
133.00
133.72
132.20
143.40
213.12
134.40
129.80
134.60
131.52
129.12
128.12
131.80
135.40
125.20
123.72
105.20
139.60
150.00
150.40
120.32
130.00
142.92
118.20
118.52
116.20
116.52
121.52
115.72
122.60
141.52
138.12
133.80
143.20
133.80
117.92
126.60
125.32
118.92
163.32
124.52
113.92
116.80
116.80
144.52
116.20
115.20
118.20
114.92
120.00
126.40
138.32
139.12
137.12
127.40
123.12
152.92
125.32
146.12
125.60
122.20
119.00
117.92
114.52
117.80
179.32
118.32
114.60
119.32
144.20
131.60
141.20
139.32
171.20
130.20
134.40
127.00
114.60
133.80
130.40
126.32
118.52
120.52
145.20
118.32
112.32
120.12
117.40
119.12
120.40
132.60
152.40
132.32
142.72
169.52
131.52
125.52
139.72
125.72
131.80
130.20
133.12
128.32
130.32
124.20
158.20
143.32
159.32
185.80
129.12
137.72
126.00
124.20
124.20
122.32
123.32
138.40
132.72
132.72
144.60
134.12
134.72
158.52
133.60
127.32
142.92
124.80
139.20
126.32
125.80
164.00
118.32
127.00
118.80
168.20
153.52
198.00
167.40
168.60
151.20
223.40
183.40
199.80
174.00
193.60
181.92
189.80
173.00
134.92
206.72
166.92
124.20
118.92
123.60
121.52
150.72
125.92
125.12
144.40
131.20
139.40
140.20
144.52
134.40
140.92
138.40
135.72
130.60
129.72
145.60
115.72
126.52
132.60
119.40
119.12
136.32
164.40
189.92
199.72
161.92
154.80
175.52
178.80
172.60
244.12
178.60
196.52
163.32
136.92
169.52
144.80
116.12
116.12
129.20
145.80
118.80
115.92
122.00
120.60
134.52
127.20
136.60
133.92
133.72
127.00
116.52
136.12
147.60
160.60
150.52
184.12
135.12
131.72
124.72
131.92
130.20
125.20
127.00
126.72
150.72
133.60
125.52
122.60
117.20
121.72
117.52
120.92
121.12
120.00
129.80
129.92
126.00
127.12
221.60
133.92
122.20
134.92
132.92
131.20
128.92
123.00
139.32
115.20
118.72
166.32
117.52
119.52
132.40
116.20
119.40
130.52
127.40
124.32
127.32
129.60
150.12
131.32
126.60
157.00
131.72
133.20
131.00
118.40
115.12
119.32
117.00
117.40
118.20
115.80
138.00
130.92
125.12
147.72
136.20
120.12
127.32
125.52
123.72
190.72
126.32
146.12
119.32
125.80
125.00
116.80
117.52
121.52
116.32
114.80
117.60
127.52
133.80
131.00
133.52
155.20
127.52
128.00
147.00
133.60
133.92
132.52
134.72
128.60
127.92
133.12
152.80
134.60
134.52
143.92
129.12
130.40
144.12
164.52
148.12
137.80
130.12
179.12
139.20
122.32
153.60
124.60
135.32
120.60
130.20
117.32
119.20
119.52
121.60
136.20
132.60
145.12
146.72
135.92
151.92
136.60
133.00
133.60
125.72
132.60
121.60
116.52
116.80
156.72
204.40
249.92
208.60
233.52
184.40
212.92
175.40
181.92
167.40
183.72
148.92
132.80
117.92
130.80
124.92
150.80
128.12
115.72
157.52
118.32
116.60
120.12
115.52
114.52
116.00
144.32
151.32
131.52
130.60
140.80
136.92
159.12
134.40
132.92
122.00
133.92
123.52
143.80
156.12
117.40
142.12
116.20
111.00
118.72
117.52
117.60
127.60
133.20
152.12
131.00
145.60
141.00
134.20
132.80
150.40
126.32
131.60
172.00
120.72
118.72
117.52
116.80
139.52
112.92
114.12
156.32
127.72
143.92
216.32
209.20
174.72
204.40
242.52
130.00
136.40
124.12
147.60
121.20
119.72
140.20
121.32
143.00
118.00
116.12
117.12
142.32
127.92
156.00
125.12
141.60
127.72
132.60
124.12
131.60
134.60
127.72
124.00
119.52
119.52
118.92
117.40
139.32
126.40
123.12
143.20
127.52
188.32
133.60
134.80
132.60
142.00
133.72
158.20
126.60
123.92
140.20
122.60
118.12
129.52
116.12
113.80
116.60
115.40
100.32
116.20
129.00
154.20
134.12
136.32
126.60
129.12
121.00
129.00
125.92
133.80
129.80
132.12
130.40
118.92
136.12
211.60
130.00
116.92
122.00
117.72
131.80
123.92
130.80
130.32
130.72
146.52
158.32
130.00
124.20
136.00
138.20
137.00
131.12
124.32
126.12
132.32
132.20
115.00
133.00
133.80
154.32
124.92
133.20
134.40
134.80
134.80
132.40
133.20
135.40
179.60
222.72
157.12
121.12
153.32
149.60
118.72
116.60
132.00
136.00
114.92
127.12
131.92
125.80
125.60
124.52
165.60
134.20
133.32
127.12
133.20
132.52
139.20
131.20
157.12
124.32
116.80
125.40
122.52
110.52
135.80
115.40
122.40
138.80
180.40
204.92
126.40
136.20
146.72
134.72
129.60
158.52
125.60
126.52
118.52
197.20
141.80
192.60
196.72
203.40
212.72
202.32
210.60
249.32
427.72
373.60
225.00
204.12
206.80
216.00
214.00
210.80
189.00
215.80
220.20
211.32
263.52
241.80
237.80
211.80
195.80
197.72
196.00
209.52
205.60
200.00
215.60
229.92
215.60
209.60
271.60
231.60
184.80
188.52
200.92
187.40
187.80
185.20
205.52
186.72
183.40
202.32
183.52
188.40
213.52
191.92
193.32
200.20
195.00
167.52
186.00
188.20
203.92
167.52
171.20
165.92
170.12
170.72
169.00
165.20
170.92
163.20
171.32
194.00
219.60
186.60
206.40
189.12
177.40
186.92
168.00
187.20
179.80
167.40
316.92
216.40
242.92
193.40
156.00
119.60
148.92
142.60
123.40
170.60
184.72
142.12
165.12
194.80
138.52
165.80
167.60
1