Measuring voltage and current with INA219 ...
197.60
178.92
231.80
233.72
221.20
177.00
184.52
135.60
164.32
173.60
147.40
164.92
147.92
159.60
192.00
174.60
163.52
192.12
169.32
158.12
149.00
136.32
177.40
177.20
155.40
165.60
153.72
150.20
143.40
174.12
147.80
173.92
159.72
128.32
184.72
183.40
267.60
216.12
174.12
194.80
151.20
157.40
154.40
155.72
131.92
164.72
133.92
155.00
181.00
164.60
155.00
156.20
162.60
152.12
154.40
162.92
181.40
175.40
163.92
168.60
178.12
195.52
176.60
170.72
180.00
196.32
146.72
186.80
148.80
155.40
214.12
185.32
122.52
184.80
152.80
175.72
170.72
144.12
174.80
145.52
171.20
178.92
159.80
154.60
147.00
147.92
217.40
172.20
138.32
194.00
174.60
171.60
171.92
152.60
165.52
177.72
159.60
170.80
161.52
135.92
161.52
169.32
140.40
181.80
152.72
216.12
148.72
160.72
169.80
161.00
141.72
170.40
149.20
149.40
189.92
145.60
144.32
161.40
201.00
141.20
160.72
168.32
188.60
234.52
196.60
230.92
262.12
259.12
259.00
269.92
269.00
383.32
488.80
437.72
460.40
461.92
238.52
297.80
230.52
339.92
551.72
538.00
629.12
645.40
565.80
559.32
480.60
566.92
518.60
233.52
321.12
228.72
215.52
243.32
217.52
193.40
277.72
223.20
524.20
421.20
301.60
275.12
180.52
171.72
171.92
170.52
192.32
265.00
171.92
200.40
198.92
174.40
206.00
214.60
174.72
191.40
169.60
159.52
289.00
169.92
170.32
176.40
208.32
196.52
265.32
173.60
203.00
168.20
185.60
232.72
168.60
176.80
169.80
170.52
163.92
251.60
170.32
176.92
167.52
168.20
256.12
173.32
191.20
171.60
170.72
193.72
203.20
212.80
204.52
166.00
187.80
197.80
207.72
122.60
135.32
129.20
117.80
260.20
125.32
123.52
125.00
121.00
157.40
305.32
126.40
151.40
129.60
147.60
160.32
189.32
147.80
186.32
148.40
183.00
237.12
188.52
192.32
188.92
370.40
259.20
182.40
185.40
235.52
186.40
156.80
177.72
186.00
192.12
187.52
192.20
251.12
191.92
192.32
245.20
184.12
320.72
332.20
189.72
208.60
221.72
252.60
238.32
230.80
238.60
279.20
195.20
196.40
292.52
308.40
254.72
257.32
266.92
350.52
264.60
271.92
278.52
263.92
260.32
324.00
334.20
329.72
355.80
313.72
257.12
264.80
265.12
269.80
187.40
175.80
207.40
182.40
187.12
177.92
175.00
189.72
288.40
186.00
195.40
175.72
187.72
175.40
172.12
172.72
190.32
272.00
154.60
201.52
237.00
330.52
382.20
249.12
307.20
247.80
229.32
170.32
168.92
177.80
170.00
173.12
173.60
168.40
176.92
176.20
170.60
174.40
207.92
165.80
153.32
188.72
177.72
170.32
193.40
188.00
180.80
215.00
202.52
238.40
235.60
212.00
184.52
188.60
185.52
197.20
175.12
177.00
175.92
179.32
260.72
179.00
180.52
188.80
167.00
166.00
166.12
168.72
143.92
156.40
165.12
169.92
164.12
165.52
175.52
177.20
165.72
175.00
182.32
157.80
228.40
165.80
205.80
166.52
167.00
142.80
164.40
165.92
190.92
172.40
161.40
195.32
163.60
152.52
115.92
124.80
116.52
116.00
126.72
128.00
115.00
116.92
131.12
117.52
119.32
116.92
116.80
99.32
114.72
118.00
120.40
120.32
117.00
142.80
118.80
120.20
121.52
118.52
117.32
115.80
117.92
127.12
116.72
116.00
108.20
133.40
129.00
144.00
117.72
109.20
112.52
118.92
120.52
178.60
122.72
149.00
117.40
131.40
141.00
116.20
125.80
120.92
126.20
143.52
128.60
124.60
115.20
127.00
126.72
149.92
130.32
125.20
142.92
123.80
125.72
125.60
122.92
129.32
125.72
151.52
153.00
125.00
135.72
144.12
124.92
135.00
148.40
131.32
122.60
129.00
143.80
132.92
124.32
122.20
149.72
131.12
118.72
146.00
117.72
129.72
148.40
118.52
125.72
117.32
117.60
117.52
117.20
119.12
203.40
125.80
135.80
177.52
140.40
143.80
175.20
124.00
102.60
122.00
122.32
165.80
143.72
143.40
134.20
138.92
136.92
144.80
137.00
138.92
128.72
119.12
121.32
131.52
119.20
138.32
115.20
131.60
117.32
177.00
128.32
119.40
121.80
121.60
119.80
117.32
133.52
117.40
141.80
137.32
161.00
134.32
118.52
118.00
120.52
117.52
115.80
97.20
115.60
160.60
143.52
116.40
130.40
109.80
119.52
126.12
130.40
132.12
119.80
129.40
131.32
140.32
128.20
125.80
136.52
124.92
126.20
136.80
122.40
103.60
123.32
140.60
192.60
193.12
230.20
169.00
169.00
144.60
187.60
152.60
134.72
147.80
116.72
128.20
119.00
117.12
109.72
121.60
118.92
141.72
140.32
132.00
147.52
159.60
158.20
159.72
171.20
125.32
228.72
173.52
188.32
175.12
154.20
160.20
134.72
120.92
115.20
138.92
153.12
183.00
118.00
120.72
121.00
172.40
148.40
117.72
117.40
118.92
115.72
109.32
114.20
118.00
142.20
116.72
117.92
125.12
118.92
120.20
132.80
119.80
113.00
119.00
119.80
117.52
118.40
117.72
135.52
121.80
119.20
147.60
120.12
129.52
188.92
128.00
128.40
121.40
119.20
128.12
119.20
119.32
134.60
117.20
168.32
215.60
184.20
170.52
171.80
184.40
146.32
171.52
123.80
151.12
123.12
163.40
130.32
132.40
125.00
130.60
124.72
124.72
119.40
123.20
126.60
121.80
131.92
146.72
166.40
265.40
196.32
322.00
180.20
187.20
175.00
183.20
174.20
303.32
175.32
170.80
177.92
173.00
164.12
162.92
172.92
167.52
174.00
165.40
222.40
148.20
178.12
166.92
191.40
164.92
159.72
155.12
165.60
169.80
188.72
162.80
151.00
169.12
167.00
192.20
171.12
164.60
174.20
193.80
167.00
164.80
169.20
152.12
159.32
165.40
168.72
165.72
164.40
182.92
166.00
169.32
167.52
197.92
149.80
170.20
165.60
179.12
175.80
164.80
153.92
165.92
165.52
185.52
178.32
152.00
161.20
164.60
166.52
168.72
166.20
144.60
161.40
167.60
195.32
165.72
174.00
163.20
164.32
165.72
198.00
153.52
130.00
193.52
194.20
225.40
225.32
207.00
141.72
123.72
125.12
135.20
132.32
107.60
168.32
123.72
145.80
121.52
134.20
127.40
123.20
122.52
137.32
169.20
166.80
117.52
146.40
119.52
117.92
119.52
135.00
115.00
118.32
147.60
116.52
132.72
111.00
124.92
122.60
117.80
116.00
120.40
147.20
118.52
127.00
117.72
120.60
132.32
117.12
120.60
118.80
117.72
99.72
116.52
175.32
157.52
126.00
172.12
145.72
118.52
119.32
122.80
117.12
111.52
112.60
117.52
123.92
116.40
115.60
134.60
118.00
164.12
147.92
128.80
121.52
113.80
120.00
121.40
120.00
154.20
134.72
137.40
119.40
122.92
118.92
119.12
125.40
118.00
124.60
118.20
129.72
148.40
119.00
120.60
145.72
116.32
116.40
111.92
117.00
123.32
132.20
123.12
120.80
130.40
133.92
153.40
132.00
160.32
134.12
128.72
124.72
138.60
123.92
114.72
120.40
125.20
123.32
122.32
133.92
149.12
132.12
132.40
127.40
132.72
134.00
182.52
129.40
138.60
124.12
126.60
110.32
117.12
118.12
137.20
120.32
110.60
111.92
117.92
117.80
121.80
116.32
101.20
115.12
117.92
146.80
117.92
121.20
117.72
117.80
120.40
132.60
125.80
110.60
115.32
118.92
128.60
117.40
117.80
139.72
157.40
150.12
120.60
119.80
99.52
113.40
118.40
119.20
117.52
115.40
127.60
118.72
129.60
141.92
118.12
115.00
117.20
118.60
119.32
119.20
117.52
99.52
116.60
127.20
148.80
128.72
123.60
118.00
126.32
134.52
164.00
134.20
171.92
124.00
141.52
191.20
148.40
125.32
132.00
121.20
121.40
135.32
129.60
117.20
129.40
134.92
159.60
130.32
131.12
148.92
129.60
122.72
125.60
122.12
115.20
119.80
124.80
131.92
124.40
124.80
138.00
138.92
119.40
141.92
116.12
107.32
117.92
136.80
132.72
141.52
117.80
137.72
130.72
120.32
125.00
117.92
128.72
135.40
124.60
121.52
117.60
115.60
102.60
117.40
119.40
140.60
118.72
108.80
157.12
157.92
149.32
154.52
139.52
117.00
131.40
148.20
192.60
124.32
133.20
136.00
128.20
127.92
148.92
171.32
123.32
120.72
125.60
124.32
122.52
123.60
143.92
123.00
149.60
119.20
116.12
128.20
157.52
121.60
121.32
129.20
117.12
113.72
118.72
119.72
134.32
116.80
111.40
116.20
120.00
134.60
121.40
116.32
102.20
143.72
134.40
145.52
154.20
203.20
115.60
120.80
123.00
156.92
136.12
151.32
136.52
132.20
133.92
124.80
124.92
142.92
124.60
123.40
128.40
120.80
106.12
119.12
124.32
125.52
121.52
140.52
143.40
132.32
135.20
142.80
123.72
129.00
132.32
135.20
128.72
140.00
130.40
180.00
118.00
118.00
152.60
115.00
112.32
109.40
116.60
127.60
117.60
115.72
127.60
115.72
118.20
131.72
116.92
117.12
127.80
118.80
128.80
119.00
119.60
98.92
116.52
119.60
153.12
118.12
119.92
171.32
120.92
121.20
120.52
118.52
115.52
163.32
121.72
135.52
117.12
116.92
130.52
126.20
117.00
145.92
115.92
110.40
113.60
118.20
118.20
120.80
117.92
136.32
119.20
119.12
143.72
157.00
149.00
143.00
177.32
174.32
134.72
118.12
99.52
115.80
120.12
149.80
118.72
111.92
146.92
169.52
131.32
148.80
129.00
127.60
135.72
140.52
164.20
136.40
145.12
134.20
130.92
126.80
137.40
121.92
118.80
129.00
123.92
122.40
131.20
164.92
144.32
117.20
120.00
118.20
116.60
120.32
113.80
117.60
120.32
117.60
131.12
180.52
195.92
249.12
217.92
162.20
112.72
116.52
118.20
131.92
117.92
115.00
109.32
163.20
119.40
147.80
127.40
125.40
110.12
117.92
120.40
115.60
116.12
115.00
141.20
118.00
122.72
117.52
117.92
137.00
118.80
118.72
119.80
117.20
105.12
113.12
138.52
129.32
153.80
119.12
134.72
117.52
119.60
125.32
117.60
112.40
115.32
118.20
118.80
129.20
114.92
99.12
117.80
118.92
143.92
117.92
132.72
114.00
119.20
122.32
117.92
116.92
108.12
114.20
117.72
133.92
117.12
118.20
126.20
121.92
122.72
143.52
153.40
121.12
135.20
138.52
136.32
141.60
143.60
153.80
123.32
121.52
124.52
121.20
114.12
121.80
123.60
138.60
122.52
134.00
117.60
129.20
129.52
148.80
126.92
117.92
148.60
127.92
127.60
124.40
123.40
141.40
121.40
117.00
147.20
125.60
166.92
183.00
118.92
123.72
136.80
116.20
101.12
115.52
115.52
138.32
115.60
116.40
134.20
117.12
117.52
119.00
118.52
106.60
114.92
119.60
145.12
117.72
123.12
120.60
118.00
118.92
133.80
115.32
117.52
115.52
119.32
120.40
117.12
126.32
182.80
118.20
123.12
122.72
116.72
119.40
109.92
126.92
140.72
127.40
116.12
122.80
118.80
118.12
130.92
119.00
114.20
134.00
117.52
118.92
123.20
116.32
104.32
115.92
117.60
148.20
116.92
122.00
110.20
123.20
125.60
208.12
216.00
164.52
218.12
184.80
135.92
129.32
123.20
140.40
191.80
127.20
147.12
131.32
133.72
122.40
131.00
132.60
129.92
135.12
140.80
121.60
123.92
130.80
120.72
117.60
121.20
125.12
118.52
117.92
116.12
99.60
118.92
120.32
144.20
117.92
117.80
14