Measuring voltage and current with INA219 ...
167.92
178.52
246.52
140.32
169.72
152.20
144.52
194.32
155.92
132.72
147.72
151.20
170.80
233.52
166.60
129.20
152.12
147.12
132.92
160.80
152.60
164.00
151.52
148.20
208.20
148.60
135.60
184.80
142.92
170.12
221.60
182.72
187.80
162.40
149.52
210.92
237.20
136.52
171.32
162.12
170.00
188.12
150.72
155.72
163.92
150.52
207.00
162.92
141.72
174.12
176.20
151.72
211.52
189.60
167.72
158.52
145.72
183.00
227.80
131.52
161.20
149.40
183.40
171.52
145.12
148.52
200.92
185.60
182.40
147.00
132.00
163.52
167.92
144.00
171.60
142.20
163.40
170.92
139.00
137.00
157.60
147.92
137.72
151.92
135.72
177.60
161.00
134.20
171.20
139.20
153.72
201.60
134.72
156.52
163.80
136.00
183.20
205.52
128.12
173.52
184.52
137.80
186.80
183.80
129.80
150.00
138.40
174.00
161.20
136.20
177.12
150.60
146.80
224.40
197.20
238.60
279.32
213.72
228.20
236.40
284.32
271.72
357.20
335.40
450.40
501.20
196.60
353.72
259.52
503.20
446.72
585.72
457.80
568.32
510.12
517.80
587.32
613.12
500.40
350.60
225.32
308.20
214.72
220.32
218.20
220.52
324.32
228.52
402.60
318.80
195.12
201.92
255.20
181.12
182.20
184.80
196.80
221.40
294.32
182.80
177.32
170.20
175.92
247.60
171.60
162.72
172.92
175.00
266.60
170.80
167.00
210.52
179.72
171.40
277.40
169.20
176.72
176.72
171.12
193.52
171.60
167.80
218.32
171.00
171.40
222.80
169.20
159.60
195.72
207.32
191.00
231.80
188.32
173.40
183.92
169.20
350.12
207.80
248.12
303.72
247.92
185.80
268.20
197.32
250.40
204.80
236.20
305.20
238.12
439.20
282.20
258.60
212.60
296.00
289.40
212.12
213.92
240.12
269.20
290.72
233.72
226.60
228.40
226.60
287.52
264.32
232.32
199.12
183.60
192.92
294.32
213.00
198.20
209.12
295.20
337.32
300.72
256.40
277.92
218.72
244.72
355.20
340.40
238.32
269.52
288.52
345.40
294.20
264.92
310.92
277.40
276.00
276.12
271.52
263.60
278.52
277.32
272.92
276.52
295.72
311.40
176.80
196.92
172.72
172.52
179.72
175.12
207.60
166.80
176.72
164.20
180.92
177.32
188.52
196.52
175.60
181.40
177.80
179.32
177.00
182.20
175.72
178.40
184.20
174.40
191.72
176.20
174.20
184.20
180.40
176.12
172.80
174.92
169.32
176.72
173.80
159.32
173.60
165.32
289.20
252.80
188.60
191.32
225.52
167.40
233.80
168.80
173.40
175.32
172.92
174.32
203.60
166.00
228.32
166.20
162.80
168.52
202.80
200.00
162.60
171.20
165.00
164.20
172.60
190.32
164.72
161.60
169.32
167.32
192.20
186.60
184.80
183.20
175.40
189.72
180.72
179.80
176.00
223.52
185.52
187.12
186.32
186.52
192.00
186.60
218.72
241.80
216.80
205.60
241.52
237.32
216.00
231.72
197.32
223.32
212.20
198.00
207.92
211.32
181.92
251.72
203.40
172.52
205.32
171.00
163.32
174.80
172.12
171.20
169.12
202.20
190.00
181.80
179.72
136.80
147.20
114.80
133.92
119.60
124.52
118.32
121.40
130.72
135.52
133.92
159.00
134.40
131.00
133.52
118.40
131.00
118.20
118.72
117.72
117.20
116.00
122.12
116.92
113.40
137.52
116.92
173.60
198.60
179.40
143.92
154.32
165.00
204.60
118.60
144.32
160.12
177.92
165.32
144.00
129.20
123.00
132.32
127.20
141.12
176.20
146.60
154.60
135.80
129.72
149.40
142.92
116.12
160.12
154.12
155.12
187.20
166.60
144.20
145.00
145.32
151.80
179.52
144.80
174.32
162.92
170.80
181.52
127.72
138.40
121.60
144.12
110.60
159.20
168.52
150.60
171.92
150.60
201.52
203.92
131.12
149.52
198.52
215.20
169.40
198.72
158.52
152.32
128.72
183.72
147.52
221.92
169.12
180.20
126.92
147.60
163.80
142.32
144.60
140.80
222.72
168.60
155.12
151.52
130.20
163.32
151.60
153.92
140.80
140.52
147.60
183.12
138.00
146.00
182.32
123.60
156.32
159.92
147.52
124.92
133.72
147.12
206.40
292.52
126.72
201.72
140.80
192.52
166.52
173.12
153.92
139.60
131.40
115.60
145.20
145.60
170.32
130.20
141.12
164.00
131.00
145.72
136.00
213.80
192.40
146.52
152.32
151.52
150.20
151.52
148.72
159.00
146.20
156.72
129.92
156.20
174.32
152.92
186.00
155.00
189.00
175.60
145.32
144.92
183.00
134.92
140.92
131.32
175.80
158.12
197.40
148.72
183.12
162.12
137.52
159.92
141.60
130.20
152.80
125.80
148.72
129.52
172.12
172.32
148.12
138.72
198.52
157.80
154.12
206.12
131.00
133.52
139.32
150.80
167.40
217.72
163.52
153.32
130.72
123.32
151.20
122.80
127.52
152.12
187.60
131.00
127.60
125.32
119.00
122.20
116.12
136.32
117.12
118.80
129.72
119.52
118.20
114.12
119.20
116.60
117.32
118.40
100.00
118.00
122.52
143.12
116.20
128.12
173.92
210.52
180.40
175.72
201.20
192.72
210.92
144.12
192.80
178.80
213.20
211.72
259.32
194.40
196.92
168.00
155.40
171.20
170.72
167.52
171.60
189.20
281.52
282.12
237.60
245.00
250.92
247.20
242.20
264.00
247.72
244.80
258.32
229.52
262.92
247.72
284.12
245.52
161.92
165.80
165.12
190.40
162.20
161.32
208.32
120.80
116.72
223.52
118.72
132.32
185.92
118.80
117.00
117.72
116.52
105.20
115.60
113.80
116.20
131.92
131.00
165.00
130.72
128.00
135.40
131.32
136.00
129.92
133.52
150.52
122.12
135.32
135.52
126.40
125.52
137.52
129.52
166.32
191.72
146.92
110.80
121.20
121.80
146.72
128.72
111.12
149.72
175.12
143.60
117.80
118.12
117.92
125.72
115.92
124.00
116.92
119.12
134.40
116.20
117.60
139.52
127.32
117.40
118.60
116.60
106.60
117.32
110.92
147.20
118.72
131.12
123.40
130.52
143.72
126.12
117.80
117.00
115.60
123.40
120.72
116.52
120.80
140.32
116.80
126.12
119.72
122.40
139.92
134.52
138.72
126.00
130.80
125.12
147.32
175.32
123.92
140.52
122.32
116.80
130.20
118.80
129.20
118.12
116.40
98.72
128.72
130.92
163.20
117.40
134.20
120.92
118.60
120.00
120.60
117.72
123.12
114.52
133.00
160.60
151.12
231.12
201.92
147.52
134.20
191.80
129.12
105.60
130.80
130.52
127.20
124.80
123.40
155.12
156.60
122.72
131.80
126.60
164.60
131.60
138.20
141.72
183.20
130.20
110.52
115.92
115.60
143.12
121.12
223.12
190.32
147.40
159.12
117.52
115.60
125.52
114.00
114.40
141.40
117.12
133.52
122.00
120.60
118.12
118.00
119.60
169.20
129.52
131.12
134.00
126.52
129.92
156.40
136.00
135.92
140.00
166.32
115.00
161.40
115.60
145.32
116.52
127.40
126.92
117.52
114.72
128.72
119.32
130.20
129.00
125.32
128.40
129.60
142.20
157.60
132.20
125.80
170.20
131.40
128.80
118.92
117.40
121.20
115.60
113.32
121.72
116.40
117.60
133.92
121.32
161.32
158.60
118.80
152.00
119.52
118.52
105.52
115.92
109.80
152.32
133.52
142.20
136.12
124.12
125.80
138.32
123.40
132.40
121.12
125.12
138.60
123.20
126.40
146.52
148.32
126.32
147.92
135.40
125.60
125.32
124.00
115.60
124.52
119.52
184.92
121.20
113.12
124.20
119.12
118.52
129.92
134.32
115.80
117.92
115.40
103.80
116.20
112.72
144.72
117.52
154.20
152.12
194.72
118.20
120.32
121.60
121.20
120.92
118.12
132.92
115.20
119.40
127.72
119.40
124.60
119.12
118.00
120.80
144.72
121.72
118.20
118.20
126.32
146.20
144.40
114.12
120.60
119.40
133.32
130.00
129.20
127.80
126.00
126.32
119.72
125.72
126.92
177.40
158.72
119.72
118.00
115.92
127.40
118.72
116.00
111.80
111.52
111.72
178.12
135.40
164.00
185.20
154.12
186.20
123.00
151.60
110.12
146.92
118.20
117.72
122.32
149.40
159.72
124.40
127.60
125.80
128.32
152.72
211.72
193.32
221.20
203.12
198.80
223.52
199.92
192.20
198.00
184.52
182.60
207.12
188.00
192.20
200.40
200.92
202.00
203.52
206.92
251.60
180.20
207.20
183.12
178.60
182.52
177.40
184.72
193.92
184.92
192.52
201.00
207.32
180.80
204.00
192.72
188.32
179.20
182.20
174.72
180.72
160.92
157.40
142.12
196.00
179.80
155.72
141.40
152.32
146.20
127.20
146.20
177.40
139.52
156.92
128.32
173.60
154.60
122.12
157.20
127.20
139.80
135.80
131.20
138.40
131.60
127.12
158.92
126.52
126.32
138.52
117.40
125.12
126.40
128.80
130.60
118.32
119.12
123.72
117.52
115.00
150.12
132.72
191.80
187.80
205.12
197.32
213.40
222.60
201.40
148.80
134.12
185.60
146.32
186.00
161.52
170.40
147.60
164.40
149.80
148.72
140.40
200.52
142.92
156.60
140.40
175.12
143.80
145.72
144.32
144.00
143.12
139.60
139.60
150.40
142.60
139.92
132.40
135.60
139.52
188.32
144.72
184.60
134.80
125.00
111.80
117.72
114.52
113.12
116.40
113.92
157.92
118.40
128.92
121.12
120.00
119.52
116.20
118.00
125.00
117.32
116.32
119.60
117.52
118.20
140.80
116.72
115.92
119.12
118.12
113.12
115.80
112.60
117.80
153.60
179.52
213.80
153.92
143.72
131.20
120.12
121.12
128.40
131.52
134.72
123.60
131.32
108.00
138.32
127.32
167.32
127.00
125.52
120.40
117.80
133.20
118.92
115.40
130.00
117.00
117.80
126.20
119.72
119.52
133.60
118.92
153.60
124.80
121.00
109.60
160.80
113.00
151.92
131.60
124.32
154.20
124.12
115.92
132.80
132.80
125.52
127.40
133.80
133.12
123.72
125.40
144.32
124.00
126.00
150.20
123.60
124.32
133.20
115.52
115.12
126.32
118.00
142.52
122.12
115.92
121.12
116.92
129.80
129.60
132.72
126.92
119.60
117.40
102.92
117.60
126.60
141.52
126.00
118.52
118.12
119.92
116.92
117.60
116.32
116.32
114.12
113.00
140.20
119.32
126.20
128.80
119.00
117.92
135.80
121.32
118.00
116.32
116.72
117.40
202.00
128.00
145.92
154.00
189.00
157.52
152.00
263.72
228.92
159.72
160.60
132.12
157.92
173.80
165.40
190.52
161.72
122.12
129.92
121.80
123.00
130.20
127.52
125.72
121.92
147.72
112.80
186.00
117.80
130.52
120.80
116.00
118.32
117.72
117.52
117.40
114.72
125.20
129.60
184.00
128.12
160.80
127.52
125.40
125.32
124.12
131.80
128.00
132.60
122.52
131.72
123.72
141.92
123.92
117.40
133.32
124.60
122.52
120.00
116.92
119.40
143.72
123.92
146.52
143.52
116.60
145.40
116.52
129.00
118.80
116.32
136.72
131.12
168.72
138.52
118.00
116.80
128.92
118.80
119.40
133.32
134.40
116.32
125.00
116.40
101.20
120.80
118.52
147.20
120.60
119.40
146.40
118.12
114.52
121.52
117.20
118.72
113.80
116.80
175.72
118.60
122.60
136.32
119.60
118.52
140.32
125.20
190.92
132.32
140.40
131.32
134.12
133.60
154.80
135.00
119.72
150.92
124.12
126.52
123.12
122.92
126.40
124.12
141.52
137.00
150.80
152.20
143.12
118.72
119.92
141.92
118.40
115.60
118.40
116.20
116.12
113.00
124.20
159.80
126.20
142.60
196.52
136.60
123.32
143.60
125.20
130.80
123.72
123.92
123.80
124.60
123.80
148.92
122.20
122.32
123.40
122.32
134.72
123.92
118.32
117.72
126.20
117.72
120.40
122.12
115.00
190.00
124.72
133.80
176.40
155.20
125.00
125.72
123.00
117.52
162.92
117.92
154.00
122.52
133.80
125.92
124.60
123.80
159.92
127.40
124.12
142.12
121.12
123.52
118.92
120.20
141.32
118.72
116.52
121.32
118.00
113.52
117.40
117.12
118.40
119.20
124.60
141.72
141.60
116.20
127.80
124.92
135.00
139.32
185.00
135.60
136.12
132.60
117.00
132.72
134.80
242.92
124.40
130.80
115.80
113.72
117.80
114.20
121.60
136.12
114.00
114.52
140.60
117.52
130.52
132.52
119.00
11