Measuring voltage and current with INA219 ...
144.60
188.60
229.52
169.80
195.00
155.12
164.60
142.20
187.52
149.92
189.40
166.80
139.52
153.40
148.12
160.60
146.72
133.92
144.60
146.32
143.32
152.32
147.92
139.20
159.72
137.00
138.12
147.00
136.80
127.92
151.20
138.00
118.00
148.80
137.72
198.80
208.92
154.00
154.32
132.72
142.52
148.12
135.20
144.52
148.00
137.00
138.20
150.00
158.40
170.32
148.40
148.40
153.40
157.40
146.40
160.40
152.12
165.52
229.52
152.32
178.72
158.80
144.00
174.52
143.12
158.00
154.00
173.20
143.00
161.00
182.12
158.52
139.80
137.72
149.00
144.80
140.80
147.32
134.20
167.32
149.72
142.80
158.20
146.92
136.12
191.12
185.40
194.32
203.60
307.40
142.00
165.92
156.40
145.80
152.40
136.80
153.12
198.52
175.40
220.12
268.60
143.20
176.00
139.92
199.00
152.00
135.60
154.32
152.40
138.80
160.00
133.60
129.20
144.72
135.80
135.80
183.72
136.20
161.40
241.40
199.32
187.20
257.12
224.72
295.40
214.12
257.60
375.80
297.52
339.40
308.20
511.80
416.12
210.00
447.00
458.72
425.32
596.60
619.80
456.80
478.92
440.40
535.32
479.40
227.92
208.32
229.72
203.40
221.80
308.52
253.00
205.00
215.40
206.92
519.32
470.52
282.32
178.40
186.52
188.32
312.12
185.72
183.92
177.12
191.32
255.12
269.72
183.12
187.72
184.20
185.12
261.52
178.32
202.92
182.60
167.00
181.20
256.00
184.32
157.72
171.12
190.00
240.40
172.12
171.72
191.12
169.80
192.72
227.92
171.60
168.72
170.92
225.40
253.72
210.92
182.60
197.60
221.00
193.12
268.00
175.52
184.00
298.80
181.00
222.12
256.92
182.00
169.40
121.00
120.32
215.12
120.80
122.60
129.92
144.32
136.40
229.40
127.92
126.72
122.72
119.92
190.40
131.32
123.72
144.92
121.00
147.52
122.60
178.40
151.00
172.80
149.72
179.92
345.00
186.52
171.60
182.40
245.12
296.92
289.92
226.32
245.52
261.52
210.52
269.80
248.40
258.52
235.00
248.80
263.72
256.52
219.20
254.80
220.12
235.72
259.20
233.20
241.80
329.92
297.12
256.72
232.92
281.20
335.20
286.12
278.92
276.80
222.72
203.20
217.40
260.92
335.20
256.92
248.12
261.92
274.20
272.52
301.12
266.72
264.32
254.52
258.40
260.32
269.20
266.52
344.92
269.12
275.12
267.20
247.72
152.00
159.12
166.92
185.52
185.12
196.00
199.80
191.60
197.32
177.72
193.72
186.00
189.72
232.32
202.80
170.32
183.92
210.20
169.80
170.60
192.00
164.92
233.92
160.52
192.20
167.32
172.32
189.72
188.20
166.60
165.52
182.52
167.32
175.40
174.32
168.52
165.32
169.60
166.20
163.00
168.92
167.00
155.60
163.00
176.60
186.52
166.92
180.20
166.52
167.32
176.52
166.92
166.32
193.12
165.52
165.40
165.72
165.00
172.12
207.60
188.80
162.92
180.32
187.20
188.32
182.60
193.00
202.32
188.80
180.00
190.52
182.32
177.20
191.60
182.72
175.20
232.60
180.80
181.60
219.12
167.80
188.00
165.92
165.12
180.72
173.60
180.92
174.80
131.80
106.52
114.92
158.72
197.12
195.00
374.32
216.32
251.80
310.32
323.92
123.52
121.80
122.80
124.80
110.72
144.60
196.60
199.92
138.12
145.72
164.60
136.12
128.80
134.40
131.40
136.60
121.80
157.60
125.00
118.60
117.52
134.12
138.32
119.00
168.12
118.52
120.60
117.20
124.32
114.72
122.00
147.72
155.92
127.60
134.00
128.52
133.00
130.60
125.32
119.52
115.20
116.32
117.52
108.60
118.92
127.80
136.40
120.12
121.32
120.60
116.32
109.92
127.92
136.00
128.32
118.92
128.00
195.80
131.52
140.32
137.72
130.20
132.92
144.00
156.20
125.92
125.00
127.12
123.12
124.52
121.40
147.72
125.92
115.52
118.60
139.72
135.20
143.72
125.40
140.60
118.12
207.92
138.72
142.20
130.40
138.72
168.32
146.52
150.20
187.52
143.00
178.00
148.12
140.72
125.80
128.92
152.72
127.40
136.12
129.92
131.40
117.00
120.32
120.80
130.72
132.80
139.60
130.60
132.60
131.00
187.00
134.20
130.00
131.12
130.80
173.72
125.32
123.72
147.60
122.00
124.72
144.00
119.32
128.12
159.40
168.60
127.92
138.72
147.72
126.80
122.80
122.20
221.32
121.72
124.20
144.20
120.92
143.40
122.32
124.20
112.92
130.72
121.52
156.20
121.52
131.52
134.60
154.12
175.12
140.72
129.52
143.40
127.00
121.72
145.92
124.32
125.20
147.60
138.00
189.92
155.92
143.80
127.72
131.92
127.72
144.40
127.40
130.80
135.92
213.72
147.60
187.80
131.92
135.92
146.12
124.52
125.92
128.00
128.80
131.40
119.00
122.92
147.72
129.00
114.92
129.52
120.80
135.32
134.92
132.52
119.72
129.20
135.40
150.20
122.00
118.52
140.52
117.00
116.32
119.40
114.60
108.32
118.20
115.00
120.40
136.52
135.60
151.92
133.20
143.40
139.00
133.12
125.92
132.80
131.00
120.92
116.40
119.32
128.32
119.40
117.80
143.12
118.12
109.32
115.00
129.32
117.92
160.40
135.92
112.92
120.12
177.32
136.80
124.80
182.52
193.12
178.32
203.72
179.12
156.12
138.72
167.00
117.00
116.72
117.72
120.12
141.60
115.92
154.60
150.32
148.52
144.80
197.40
162.80
176.60
142.20
146.12
143.20
233.60
199.52
213.92
186.32
172.72
233.52
298.20
184.80
186.32
223.40
208.20
187.00
184.20
214.72
190.60
169.20
196.52
260.00
274.40
282.52
345.60
304.20
226.80
209.00
201.32
234.20
248.80
228.40
194.20
232.72
240.40
189.72
160.60
163.32
163.92
226.00
168.52
163.00
188.80
116.80
117.12
135.40
124.32
118.80
121.40
117.60
105.00
133.60
130.80
154.52
132.40
142.80
158.00
132.20
131.72
133.32
146.12
169.40
116.60
120.80
175.52
117.12
120.72
132.00
117.32
112.72
134.60
115.40
127.00
117.12
115.92
124.32
169.52
118.80
147.60
118.80
109.60
116.72
116.40
130.92
122.12
130.00
109.00
117.52
119.12
109.00
117.32
118.00
138.00
116.52
125.20
117.52
117.52
115.20
128.60
118.40
115.12
118.12
119.20
137.00
118.12
152.92
138.72
132.52
121.80
151.52
193.20
139.12
133.80
134.52
124.00
122.92
122.72
147.52
123.60
118.92
123.72
125.40
120.72
120.00
123.40
121.60
119.00
117.12
127.72
119.52
112.40
138.32
117.40
115.72
117.32
117.52
114.52
119.12
129.12
113.20
115.72
119.20
141.40
121.52
232.52
121.52
119.20
112.72
117.12
117.52
130.92
137.52
132.92
129.12
133.20
134.92
154.72
133.32
131.40
134.20
124.60
106.92
115.72
120.60
121.00
120.40
118.32
141.20
127.60
111.00
123.92
139.60
120.00
118.20
123.00
117.20
179.20
127.32
143.00
225.52
118.00
139.12
115.20
120.52
117.40
116.00
119.40
118.72
116.40
137.40
120.40
120.12
128.40
117.80
120.60
132.00
117.40
109.20
121.60
119.92
99.32
125.00
115.72
144.80
131.72
131.12
153.60
125.92
137.92
139.12
124.92
141.40
157.40
138.20
135.12
130.92
146.72
138.12
121.00
125.12
147.72
121.52
122.12
123.52
132.20
121.12
177.60
125.40
204.72
124.72
115.00
134.92
116.00
134.52
126.12
131.52
110.12
116.52
118.00
105.40
117.92
114.20
135.92
117.12
118.32
122.52
130.00
153.40
120.60
119.00
119.32
130.00
132.72
180.80
180.52
145.80
137.00
169.32
123.40
131.40
130.80
149.52
113.72
115.40
109.72
114.40
115.40
143.72
116.60
117.52
118.60
122.80
116.00
120.60
119.80
122.00
118.12
117.20
131.60
144.52
120.52
154.92
117.32
117.92
117.32
119.60
111.92
117.60
116.32
109.40
114.12
117.20
141.32
130.40
138.52
118.72
118.32
127.52
141.32
119.40
118.72
116.00
119.40
116.80
119.40
134.72
152.40
130.92
122.40
134.20
130.52
180.52
131.20
124.40
147.20
193.40
130.20
142.72
141.72
114.40
126.20
126.00
124.32
123.00
128.72
121.40
118.92
116.72
99.32
115.00
178.00
220.00
151.00
170.12
184.80
142.20
177.00
141.52
148.40
160.00
138.80
141.00
155.12
137.60
144.60
151.80
139.40
132.40
156.00
187.20
124.00
153.92
153.92
175.40
171.80
154.12
201.00
190.52
192.40
192.32
176.20
156.80
150.92
148.12
154.12
139.12
139.72
156.72
150.72
133.60
161.40
140.80
137.92
167.32
158.00
140.12
165.72
201.92
168.92
184.72
174.20
211.12
257.52
393.20
193.80
143.80
363.32
175.52
120.72
117.40
123.20
116.80
136.92
129.92
120.60
204.12
124.40
124.00
140.20
124.20
121.52
121.52
121.52
162.60
116.72
144.72
139.80
132.52
159.12
144.52
125.72
126.12
124.80
125.40
120.72
130.32
138.60
205.40
125.52
120.60
127.00
123.20
125.72
124.60
125.00
123.20
115.40
117.32
120.72
117.52
116.72
128.92
117.12
117.12
116.20
119.52
107.12
120.00
128.40
116.20
115.80
114.92
145.52
118.52
135.40
133.80
164.60
162.92
186.92
191.40
217.00
237.32
193.92
175.00
197.12
245.92
212.92
202.52
177.12
179.52
174.60
162.12
136.92
128.92
125.92
115.80
115.12
141.92
119.20
114.00
135.60
119.00
115.52
114.12
118.12
113.80
116.72
118.40
108.32
158.72
114.72
148.12
117.32
125.00
128.80
164.20
121.00
117.92
117.92
138.12
124.92
117.40
132.20
114.80
120.20
132.52
115.20
112.52
121.72
116.60
101.40
116.80
112.80
140.32
118.32
119.80
149.60
134.12
129.20
133.72
132.40
205.72
120.40
127.00
149.12
137.32
175.12
143.72
153.52
140.72
197.40
183.80
126.72
123.40
123.92
117.00
130.80
116.52
140.80
118.72
115.60
124.52
115.80
129.32
122.12
117.00
119.12
117.12
126.12
106.12
120.40
110.40
133.80
139.80
132.52
151.60
136.20
137.12
121.72
116.40
127.92
129.20
129.40
177.40
179.92
142.40
134.40
129.72
128.20
135.00
130.40
118.20
172.00
129.60
112.20
115.80
118.12
143.40
116.12
109.12
118.80
121.60
127.12
119.00
117.12
114.32
126.72
117.80
131.52
118.60
113.60
132.60
117.72
117.92
115.32
121.72
108.92
126.92
164.60
106.52
117.32
115.00
141.40
118.20
128.12
119.00
125.12
114.00
119.40
117.20
123.92
115.60
119.60
118.32
117.12
152.20
152.52
131.92
121.12
151.12
132.80
125.40
128.80
145.20
126.40
132.20
130.12
143.40
134.40
177.12
205.20
189.92
167.32
129.32
175.60
134.12
135.12
151.72
113.80
119.00
122.40
167.32
125.52
173.52
173.80
151.12
128.32
211.20
159.20
148.80
140.12
122.80
153.60
130.00
181.20
158.00
180.52
141.20
123.72
170.60
109.20
169.80
141.60
164.92
173.60
176.60
196.72
134.32
169.80
165.52
136.00
122.72
141.20
186.60
127.00
135.72
160.80
134.00
124.72
135.20
179.92
150.00
189.20
167.52
144.12
117.72
145.92
191.12
170.00
120.52
135.20
143.52
131.32
146.32
135.52
141.60
138.72
151.52
120.80
172.40
226.80
145.80
155.92
126.00
133.00
154.72
137.40
129.72
136.60
161.60
147.32
141.92
139.72
158.32
155.80
136.52
146.40
181.92
132.12
140.52
126.40
142.32
121.60
160.40
158.00
134.92
128.00
145.40
146.40
116.72
161.92
140.92
155.72
152.72
160.32
134.40
144.52
118.92
144.12
176.52
137.52
138.40
150.72
150.52
123.20
140.12
130.40
146.40
156.12
128.92
120.32
115.32
164.52
119.40
173.60
152.80
134.52
118.92
123.00
120.40
137.72
170.40
183.52
155.92
126.00
155.72
200.00
183.60
178.20
143.72
151.92
116.92
148.80
129.32
158.00
140.92
161.12
142.20
135.32
129.20
130.12
165.40
149.72
165.20
124.32
147