Measuring voltage and current with INA219 ...
217.72
312.20
232.60
229.00
207.80
212.40
229.60
293.92
231.00
262.12
299.20
249.00
152.20
216.80
249.32
214.92
271.00
144.60
163.80
158.12
162.60
174.12
178.60
156.80
163.92
170.00
156.72
204.32
167.32
169.00
208.32
194.60
169.52
153.72
145.72
175.20
170.80
150.60
141.12
158.12
160.20
188.20
152.52
140.20
154.00
149.20
140.72
171.72
144.72
162.80
217.32
199.92
178.60
160.32
150.32
194.20
225.40
157.00
146.72
134.52
133.32
148.80
141.20
160.32
178.60
165.72
176.12
144.80
135.32
160.80
141.80
135.60
149.40
140.20
163.52
152.40
144.80
201.92
137.72
137.60
173.60
135.40
126.72
146.52
139.32
184.32
156.40
146.72
152.40
145.40
135.52
153.92
148.20
144.32
144.72
135.40
141.40
164.12
148.20
166.32
148.12
135.92
184.72
140.52
124.72
151.72
147.60
148.40
157.80
155.80
157.80
144.92
133.60
166.72
145.32
141.40
149.00
130.20
146.12
175.32
137.80
148.92
167.20
143.40
155.20
157.00
145.00
167.92
145.60
143.52
152.60
170.20
159.52
259.80
142.72
145.20
158.72
142.60
150.80
164.20
143.12
184.32
148.00
148.20
153.92
152.20
158.72
158.80
143.40
124.60
147.00
137.52
156.80
145.32
127.60
144.52
140.32
137.12
149.52
136.52
136.00
226.92
204.92
177.52
258.40
214.40
341.60
276.20
312.32
317.72
594.52
589.80
438.52
514.80
416.80
412.20
551.80
513.40
408.00
438.60
591.92
575.20
531.40
468.20
195.40
455.80
204.20
213.20
278.60
252.00
207.80
215.72
192.60
186.00
397.12
231.80
533.32
277.80
167.00
209.60
129.60
168.40
151.60
122.40
132.72
145.00
123.20
129.60
127.00
120.60
223.72
123.92
128.20
146.60
137.32
122.20
203.92
133.20
124.32
143.00
125.92
153.12
279.32
129.60
152.40
127.72
142.20
281.60
129.00
153.60
140.00
125.92
127.40
227.52
138.20
184.52
144.72
137.40
235.00
135.72
139.40
146.32
138.12
154.00
187.52
152.12
133.20
126.00
125.72
196.20
182.80
125.12
191.40
121.40
115.92
211.20
143.40
128.72
124.12
118.72
168.72
317.12
124.12
151.40
123.32
148.32
162.80
127.00
126.52
164.40
126.72
132.40
121.60
123.20
126.32
126.20
122.20
190.60
168.40
166.12
160.52
149.20
182.40
172.32
169.20
174.92
169.20
229.80
232.92
173.80
171.72
173.32
167.80
172.60
166.92
172.20
172.00
170.92
166.00
150.52
167.32
172.20
198.32
167.60
162.20
159.60
169.60
174.80
176.80
171.92
188.92
194.80
169.60
180.12
117.60
135.52
143.52
127.20
127.72
120.52
121.52
110.92
139.72
139.80
135.92
129.60
129.80
151.12
130.72
134.12
131.40
126.72
133.52
139.72
131.92
176.92
137.32
151.80
166.32
271.80
262.00
197.12
195.00
175.40
253.60
256.00
235.20
257.40
227.52
272.80
206.52
315.72
257.72
379.92
268.32
252.12
258.40
273.12
258.92
263.72
297.92
265.00
264.00
285.80
264.60
274.92
288.40
274.20
267.20
278.72
190.60
189.32
188.80
177.52
219.52
179.40
185.40
188.32
234.00
185.40
188.60
193.52
161.32
170.20
249.92
219.40
242.12
289.12
385.12
253.40
321.80
285.32
209.60
205.52
205.72
218.00
209.72
192.32
225.40
178.20
176.80
165.32
178.60
164.52
163.52
178.12
170.92
169.40
176.92
176.12
151.72
163.12
167.12
191.52
182.12
169.20
165.20
167.00
178.32
196.20
221.32
175.60
187.12
172.20
248.32
253.80
183.60
204.40
187.60
190.60
188.20
181.80
172.80
197.32
170.40
177.92
187.80
189.72
211.80
189.80
197.12
196.80
183.60
170.92
193.32
187.12
201.00
180.12
177.00
170.00
179.92
192.12
189.20
165.12
156.72
158.20
166.32
173.40
162.52
163.92
151.60
207.92
163.32
136.80
116.80
140.92
155.32
139.20
120.32
120.80
117.20
99.60
113.52
119.72
163.20
117.52
117.32
139.52
126.32
118.12
118.52
117.40
116.92
121.32
118.12
136.92
117.92
119.72
114.20
127.00
119.52
140.00
138.72
147.60
151.12
155.72
173.72
170.80
184.72
133.00
198.12
142.20
221.00
178.12
159.72
180.00
118.12
122.72
201.80
198.92
131.32
135.72
182.52
125.72
123.92
125.52
143.60
129.52
123.92
123.40
126.20
125.80
134.60
137.92
168.52
137.32
140.60
151.80
144.52
149.72
148.20
134.12
164.60
120.32
124.52
122.60
123.20
131.00
140.40
124.52
124.72
146.72
130.92
127.52
114.40
118.60
132.40
116.20
119.92
130.32
130.60
118.92
131.40
133.20
115.12
133.32
119.12
118.12
120.92
117.40
100.00
115.60
119.72
147.52
117.60
118.40
112.92
147.72
133.60
144.20
132.40
122.00
128.72
132.72
149.12
123.60
142.52
142.20
118.12
117.72
157.20
117.00
107.52
117.00
116.80
124.60
144.80
116.80
139.20
120.32
118.12
123.12
115.92
134.20
122.32
116.40
119.32
141.40
120.00
98.72
118.00
120.00
141.32
117.12
111.80
115.12
116.92
131.72
119.92
133.80
112.80
172.52
118.12
139.00
117.40
118.00
124.12
116.32
117.00
116.60
117.92
113.12
136.00
132.32
134.20
123.80
125.12
146.32
132.32
130.92
132.12
128.60
129.32
123.72
125.60
126.00
133.20
125.72
119.72
125.00
125.40
146.92
156.80
122.32
161.20
182.12
125.00
124.00
124.52
120.00
118.80
124.52
179.80
114.60
121.72
113.12
116.60
118.32
114.72
116.00
109.12
119.60
118.72
118.52
117.80
116.20
135.72
117.32
117.60
129.00
160.40
114.92
115.40
121.80
146.12
116.60
118.92
129.60
123.00
165.32
129.12
117.72
126.20
118.12
120.92
117.72
117.52
116.80
138.52
130.80
117.12
143.72
115.80
119.12
193.40
191.80
187.72
183.60
150.92
185.00
144.40
168.60
129.40
124.20
114.72
129.12
122.60
124.52
120.32
131.92
99.92
115.80
129.32
255.20
192.00
121.20
117.52
119.00
118.32
118.80
122.20
123.32
126.32
137.72
131.00
129.72
128.40
147.72
131.12
130.32
148.92
126.12
122.92
121.52
124.92
126.32
122.92
122.32
141.32
124.00
124.12
121.60
118.20
108.40
118.00
118.12
120.12
161.20
209.60
164.92
306.80
167.20
187.32
191.72
194.12
162.92
167.80
172.00
196.80
161.40
162.52
162.60
164.32
186.00
165.00
160.72
164.00
166.00
165.80
164.92
164.20
156.20
161.40
167.12
166.60
164.12
169.92
183.12
160.40
163.72
192.60
163.72
113.12
111.72
116.52
129.32
117.12
117.80
117.72
128.52
116.60
134.32
115.32
110.20
115.92
117.00
121.12
118.80
122.92
109.32
116.60
139.00
162.12
116.72
120.80
115.12
132.12
121.92
118.00
205.40
128.00
181.12
173.20
203.20
212.60
214.60
187.80
135.80
138.92
142.12
157.32
138.72
139.60
143.92
170.72
142.32
144.60
151.80
124.92
133.80
141.60
119.72
110.60
120.40
121.52
128.80
131.40
183.92
151.92
154.12
136.60
156.92
124.52
131.72
132.20
130.72
125.60
122.60
122.40
161.12
143.52
116.80
129.40
115.80
120.12
125.20
117.20
117.40
117.12
116.40
101.52
117.80
120.60
147.60
118.52
116.52
137.60
119.80
117.12
129.52
116.32
111.12
113.80
118.72
126.52
116.12
111.00
130.20
117.40
123.32
147.80
119.52
116.80
126.52
167.00
120.00
116.52
167.32
138.12
119.52
117.92
119.32
114.52
112.92
117.00
115.92
120.40
117.52
120.72
98.80
138.20
118.72
139.72
117.52
120.72
117.52
117.00
120.00
119.20
120.92
116.52
113.52
115.80
140.92
115.80
117.40
118.72
126.60
168.40
118.12
125.80
168.12
131.00
133.20
166.72
120.92
127.80
148.40
123.20
133.80
122.60
120.52
121.20
121.32
131.00
128.32
124.80
125.32
122.00
124.12
129.40
137.52
122.00
123.80
117.40
118.60
116.52
119.00
125.72
105.92
114.20
120.92
192.12
117.12
116.40
114.20
118.00
121.20
116.12
116.12
114.20
113.32
117.20
119.72
115.92
113.80
134.20
119.00
124.52
128.60
118.12
105.12
113.80
120.72
120.40
132.60
118.72
133.00
116.52
123.72
129.20
124.72
105.60
115.32
119.00
123.92
165.40
115.52
94.20
118.40
119.60
143.00
115.00
119.32
120.60
129.80
132.72
124.00
130.80
141.72
132.92
140.92
144.00
119.52
129.00
126.40
121.60
149.40
116.32
126.72
93.92
114.72
164.92
184.20
147.80
144.12
170.12
127.20
127.92
140.80
208.72
162.72
151.72
163.20
165.72
128.40
138.80
134.20
135.92
138.52
159.20
131.72
119.60
129.60
129.12
175.92
214.12
168.20
222.12
133.32
149.00
138.60
152.40
132.20
159.92
154.52
139.12
121.00
132.40
145.60
131.12
137.52
171.12
181.72
155.72
225.60
200.52
123.72
147.80
155.92
129.52
172.40
174.92
155.40
120.72
121.20
161.00
125.20
176.20
176.60
146.00
138.40
134.52
122.52
136.40
146.00
117.80
155.12
144.32
148.92
165.80
133.32
131.20
141.20
124.40
145.60
160.52
134.60
252.32
170.72
144.32
149.00
164.12
116.20
164.00
125.12
147.40
122.52
134.80
125.32
135.32
121.20
158.72
142.40
136.52
142.40
160.12
135.60
121.20
153.52
129.12
127.20
157.60
133.12
137.92
145.72
158.92
120.72
148.00
138.52
139.20
131.52
153.32
169.60
156.92
134.80
118.12
137.72
139.60
134.20
148.72
151.72
127.72
146.80
128.40
145.12
145.60
190.72
107.52
135.80
148.20
164.72
182.20
140.12
142.60
120.12
160.52
145.72
138.20
140.12
143.60
154.12
166.80
211.92
128.12
149.72
160.00
180.00
123.72
118.12
117.72
119.72
155.00
161.72
137.40
148.80
157.60
126.32
131.80
148.60
127.60
143.20
187.52
165.72
163.00
127.40
134.20
148.32
135.00
130.72
142.00
143.92
115.80
178.92
136.20
136.60
127.80
133.92
196.12
129.72
181.12
179.92
160.80
139.32
134.80
148.40
142.72
133.80
145.72
117.92
134.52
126.52
161.12
122.80
119.12
142.72
124.20
131.40
124.12
129.20
114.52
119.00
120.32
142.80
116.92
129.12
121.60
117.12
118.80
132.40
114.80
111.60
114.40
119.00
121.00
160.40
119.32
139.52
118.40
131.52
117.72
115.60
128.40
118.32
134.60
124.20
134.00
147.92
208.92
192.72
218.40
215.20
183.12
192.12
163.20
130.20
117.80
119.20
117.60
100.12
114.52
127.72
143.80
115.72
124.80
172.12
124.52
140.12
126.60
171.00
129.00
116.32
124.00
123.32
116.00
111.60
132.60
125.00
117.12
130.60
115.92
100.40
113.92
117.00
120.52
115.20
119.52
139.20
117.32
119.52
124.40
117.20
117.00
114.52
129.52
119.52
117.80
120.32
104.12
121.00
121.52
152.80
139.92
162.92
136.00
135.60
136.80
134.00
132.00
149.80
124.60
124.12
139.80
120.80
121.20
130.40
123.32
122.32
122.40
134.80
101.60
115.60
118.52
154.52
115.60
116.80
144.20
117.32
120.52
136.92
117.20
124.32
114.80
118.00
132.00
116.12
119.32
120.12
161.80
119.80
140.52
117.00
111.12
117.52
134.12
128.20
132.40
131.00
155.92
184.92
137.32
162.12
132.60
136.52
196.32
125.52
122.52
118.20
117.40
124.60
123.12
122.60
145.72
126.92
115.32
135.12
119.80
118.00
121.72
115.92
119.60
122.52
158.80
143.72
117.20
133.52
122.80
117.12
129.40
140.92
115.72
118.12
115.00
116.92
117.92
116.20
115.52
136.80
117.32
126.32
127.20
121.52
135.92
123.00
124.80
127.12
117.00
116.72
125.72
129.80
118.12
141.52
130.00
134.40
129.92
146.72
197.00
193.12
130.12
139.32
159.60
153.20
225.32
158.12
145.72
121.20
122.40
125.60
123.92
126.32
123.72
118.72
118.80
121.72
163.92
136.92
213.00
127.20
128.00
122.60
145.72
124.12
145.20
193.80
149.00
144.00
145.32
153.80
127.60
144.40
167.20
115.32
114.92
113.00
119.00
132.12
132.52
123.00
112.20
131.40
127.20
151.00
125.20
118.80
125.72
125.72
128.00
117.52
115.80
112.12
112.72
117.32
136.00
115.40
118.92
126.32
118.32
118.12
117.72
116.60
100.12
140.52
120.60
122.32
163.00
129.00
139.52
118.40
118.00
127.72
116.80
110.52
129.80
137.20
133.12
116.72
117.60
112.00
118.60
119.92
145.92
116.52
118.12
117.80
119.00
118.12
116.60
115.12
138.80
120.72
117.52
151.20
132.32
133.72
130.60
133.72
139.00
143.12
186.00
124.60
126.72
124.20
148.80
118.00
117.32
143.60
190.00
149.40
150.00
155.60
136.32
116.52
160.12
154.52
140.92
129.20
153.52
122.60
120.20
133.52
117.52
152.00
126.60
117.92
125.12
117.00
112.52
137.00
118.20
124.92
121.32
123.72
131.92
128.12
128.00
132.00
134.52
131.40
143.20
128.00
193.20
197.00
149.60
123.72
139.40
131.92
119.72
124.80
121.72
106.52
114.80
119.72
146.40
115.60
116.52
116.40
116.80
127.32
120.12
116.12
113.12
117.32
119.20
126.20
116.40
119.40
151.60
127.12
120.52
131.52
148.40
112.32
127.00
117.32
118.72
116.20
117.80
137.72
114.92
117.12
121.40
115.52
110.72
113.80
120.00
120.00
118.80
119.40
99.80
118.20
172.92
150.32
126.40
122.80
134.92
126.52
123.92
124.80
124.00
113.80
143.00
183.52
146.80
122.60
129.32
142.12
122.40
127.00
122.40
135.00
104.60
137.92
119.00
117.40
116.52
114.92
138.60
116.40
118.52
116.52
117.40
116.00
114.72
118.72
134.52
116.60
116.60
